t,ax,ay,az,wx,wy,wz,zv
5.083739000000000313e-03,-2.659339620269999926e+00,-2.109545345099999858e-01,-9.431362981419999514e+00,2.449143677949999504e-03,5.606438498940001123e-04,1.266805734489999911e-02,1.000000000000000000e+00
1.035313499999999942e-02,-2.581601423820000019e+00,-2.311821519640000211e-01,-9.426820077300000378e+00,-7.828507572409999782e-03,2.440397161989999938e-03,-1.000813022259999970e-02,1.000000000000000000e+00
1.522684200000000085e-02,-2.695515387769999993e+00,-2.407964410709999836e-01,-9.444220124910000180e+00,-1.427509589119999945e-03,7.314680144189999837e-03,1.797390542920000028e-02,1.000000000000000000e+00
2.038363300000000169e-02,-2.638018892090000289e+00,-2.610262870160000026e-01,-9.455295061150000180e+00,-1.496526412669999927e-03,2.037637867030000008e-03,4.255491308870000024e-03,1.000000000000000000e+00
2.540947199999999892e-02,-2.644079507299999854e+00,-2.631527959169999709e-01,-9.413243971889999173e+00,1.174720935519999983e-03,-3.948388621210000265e-05,9.530832059680000024e-03,1.000000000000000000e+00
3.028824800000000025e-02,-2.687158478309999765e+00,-2.022852894339999819e-01,-9.415438851579999380e+00,6.206695106810000001e-04,9.917305782440001202e-03,4.936086945240000107e-03,1.000000000000000000e+00
3.523628000000000177e-02,-2.581621882079999875e+00,-2.480699574720000022e-01,-9.445212643080001413e+00,2.074382733549999872e-03,-6.384512409569999616e-03,-6.914127618069998774e-03,1.000000000000000000e+00
4.020090199999999669e-02,-2.688818520479999918e+00,-2.180514522339999928e-01,-9.433239881210001343e+00,-5.810803850179999987e-04,5.266005173329999477e-03,1.053406018760000111e-02,1.000000000000000000e+00
4.531178599999999973e-02,-2.638262637720000026e+00,-2.298735901159999762e-01,-9.417008292860000296e+00,-7.408822886649999752e-03,-2.644582884389999524e-03,1.189206261189999954e-02,1.000000000000000000e+00
5.016813199999999723e-02,-2.603376033249999999e+00,-2.167165686349999953e-01,-9.406513202330000212e+00,-8.221346884970000962e-03,-4.744914826010000232e-03,-1.974706770849999835e-03,1.000000000000000000e+00
5.524182999999999871e-02,-2.675991187609999766e+00,-2.038495065439999976e-01,-9.443909743789999922e+00,-1.889513060449999823e-02,-7.240392733369999285e-03,5.984690971670000512e-03,1.000000000000000000e+00
6.020137300000000247e-02,-2.612802325510000134e+00,-2.207614235789999990e-01,-9.459142384230000644e+00,-2.946582250299999844e-02,1.003891881559999984e-02,-1.343702897429999946e-04,1.000000000000000000e+00
6.522536199999999507e-02,-2.673664498219999963e+00,-2.132654965999999930e-01,-9.431944580699999747e+00,-1.006329525259999982e-02,-5.870326422150000650e-04,7.187777198850000063e-03,1.000000000000000000e+00
7.024275200000000552e-02,-2.612567347709999765e+00,-2.268650924830000193e-01,-9.474777760260000292e+00,1.184054417539999893e-03,8.789439685639999222e-03,3.928449936210000673e-03,1.000000000000000000e+00
7.521725999999999412e-02,-2.624618727770000159e+00,-2.145752274909999979e-01,-9.433965272880000086e+00,9.148972108959999017e-03,5.524539388719999951e-03,8.720911573619999184e-04,1.000000000000000000e+00
8.021477500000000205e-02,-2.617996387020000260e+00,-2.089416237850000024e-01,-9.459791788049999539e+00,-2.162718679760000130e-03,2.366124652329999745e-03,7.259704172609998847e-03,1.000000000000000000e+00
8.523001900000000408e-02,-2.612043323830000041e+00,-2.136174701089999795e-01,-9.460250637730000633e+00,1.326233148569999848e-03,-2.285640221090000444e-04,-1.628479803910000152e-03,1.000000000000000000e+00
9.021814100000000169e-02,-2.663416952720000008e+00,-2.252240655440000128e-01,-9.429006773690000287e+00,-7.527384907009999904e-03,-4.848367068920000043e-03,1.318646874279999839e-02,1.000000000000000000e+00
9.533032600000000689e-02,-2.618573017859999741e+00,-2.074943293200000038e-01,-9.443352694419999693e+00,-3.464737441389999489e-03,-6.411483511329999982e-03,3.431577002630000275e-03,1.000000000000000000e+00
1.001949260000000036e-01,-2.635434428549999986e+00,-2.193599958159999919e-01,-9.438594686240000087e+00,-2.089368551970000043e-02,-1.507396623489999990e-02,4.014952108260000374e-03,1.000000000000000000e+00
1.051946910000000068e-01,-2.618476864009999794e+00,-2.516424821959999947e-01,-9.454134200680000433e+00,-1.747249159959999871e-03,-1.287779305130000223e-03,5.430739838630000045e-04,1.000000000000000000e+00
1.103443749999999945e-01,-2.638154208900000075e+00,-2.192694497219999927e-01,-9.430105674840000063e+00,-1.932945847509999829e-02,7.074058987199999086e-03,8.307560347019999941e-05,1.000000000000000000e+00
1.152500639999999993e-01,-2.648536194450000103e+00,-1.765169889869999953e-01,-9.438714513229999881e+00,-5.394300445909999339e-03,-1.361376419660000059e-02,4.037325270469999290e-03,1.000000000000000000e+00
1.201390309999999934e-01,-2.636178232659999843e+00,-1.966597411699999853e-01,-9.431297514969999796e+00,-2.369871828709999885e-03,-6.720989011229999699e-03,-2.954346127809999510e-04,1.000000000000000000e+00
1.251490889999999911e-01,-2.632147077439999983e+00,-2.242915521999999939e-01,-9.453255664280000303e+00,-2.957522403450000160e-03,4.170691128820000482e-03,5.259145982560001036e-03,1.000000000000000000e+00
1.302637259999999964e-01,-2.631717161590000131e+00,-2.120773827939999856e-01,-9.419704692330000739e+00,-5.332428030669999694e-03,-1.585861295460000084e-02,6.473470479249999326e-03,1.000000000000000000e+00
1.352761510000000111e-01,-2.590266084050000028e+00,-1.838191652270000087e-01,-9.445496136190000058e+00,-1.689968444410000145e-02,1.295622251930000045e-02,-4.101383034139999967e-03,1.000000000000000000e+00
1.402146089999999901e-01,-2.644228852640000405e+00,-1.976771563180000080e-01,-9.405466323620000679e+00,-5.857284180819999526e-03,-6.521217059340000087e-03,3.019401105120000060e-03,1.000000000000000000e+00
1.452647800000000100e-01,-2.630809399099999890e+00,-1.753723489970000216e-01,-9.446863332889998688e+00,-6.819759029899999901e-03,4.874843638390000816e-03,-5.727720912549999488e-03,1.000000000000000000e+00
1.501454389999999917e-01,-2.617832428629999875e+00,-2.098248546260000069e-01,-9.427368358829999906e+00,-1.536876661700000085e-03,2.290620468559999984e-03,-3.046023659409999827e-03,1.000000000000000000e+00
1.552885280000000090e-01,-2.624211023750000038e+00,-2.050503702340000234e-01,-9.428388349530001378e+00,-8.167967200279999118e-03,1.305834203960000092e-02,-7.339103613049999687e-04,1.000000000000000000e+00
1.601603500000000069e-01,-2.635571791199999847e+00,-2.192522428589999961e-01,-9.426632445770000146e+00,5.087487399580000076e-03,6.906715221700000275e-03,-6.742510013280001617e-04,1.000000000000000000e+00
1.651363610000000093e-01,-2.648124106520000076e+00,-2.227055616510000002e-01,-9.416818907759999746e+00,2.162325661630000017e-03,4.695795476439999436e-03,1.500132726510000104e-03,1.000000000000000000e+00
1.702203449999999951e-01,-2.635332721740000217e+00,-1.964270283929999972e-01,-9.403898635910000081e+00,-5.978753324600000370e-03,1.426043361429999747e-02,-2.612187527119999748e-03,1.000000000000000000e+00
1.753978549999999914e-01,-2.645534090019999951e+00,-2.135245676610000032e-01,-9.462887415980000938e+00,1.019475236539999982e-02,1.744310744109999964e-02,-1.089533790950000108e-02,1.000000000000000000e+00
1.802205709999999961e-01,-2.624529880440000351e+00,-1.931904210920000198e-01,-9.434303711050000985e+00,-3.668618155639999812e-03,8.767130784690000192e-03,-1.077129505570000034e-02,1.000000000000000000e+00
1.852749089999999876e-01,-2.636589443809999711e+00,-2.160145030469999838e-01,-9.451457090429999042e+00,-2.193765249099999606e-03,-2.061057370160000127e-03,6.269533187149999368e-03,1.000000000000000000e+00
1.902596390000000082e-01,-2.576445063970000060e+00,-2.112847345789999887e-01,-9.451703758660000787e+00,5.589475389570000390e-03,-4.223733209070000376e-03,-3.656249726189999931e-03,1.000000000000000000e+00
1.952558640000000012e-01,-2.600076699440000194e+00,-2.122493600930000224e-01,-9.432156177630000471e+00,1.126095559450000089e-02,4.283369053160000252e-03,-9.443273767829999527e-03,1.000000000000000000e+00
2.000976130000000075e-01,-2.645040461290000255e+00,-2.017472370349999988e-01,-9.456059031260000580e+00,2.123671211299999959e-02,9.094395674770000201e-03,7.139138877390000665e-03,1.000000000000000000e+00
2.051791099999999979e-01,-2.610449624900000209e+00,-2.196477632490000109e-01,-9.466412667500000211e+00,-1.883072312920000199e-03,-1.356069557370000005e-02,1.651138765739999965e-03,1.000000000000000000e+00
2.103873980000000032e-01,-2.625788356069999718e+00,-2.157095104850000056e-01,-9.429079838919999901e+00,-7.633438333870000425e-03,3.909516148270000477e-03,-2.642361680050000442e-03,1.000000000000000000e+00
2.152210169999999867e-01,-2.618405260079999852e+00,-2.374337049060000204e-01,-9.458066279430001444e+00,4.621354863050000650e-03,1.644615828990000223e-02,-1.767013221980000140e-03,1.000000000000000000e+00
2.202282170000000039e-01,-2.596945707940000236e+00,-1.870684493470000098e-01,-9.409614675469999412e+00,2.225363068279999704e-02,-9.596870280799999972e-03,-1.013255771250000034e-02,1.000000000000000000e+00
2.253985450000000057e-01,-2.682486687109999934e+00,-2.322361362629999926e-01,-9.432467727799998869e+00,6.990168243650000078e-03,5.984997376799999769e-03,-7.619540207090000697e-03,1.000000000000000000e+00
2.302825310000000125e-01,-2.622516202529999951e+00,-2.181237320190000106e-01,-9.428217669139998591e+00,8.634782396260001075e-03,7.979520596559999679e-03,-7.498492486770000874e-03,1.000000000000000000e+00
2.350963319999999912e-01,-2.610590494670000261e+00,-2.351525169000000248e-01,-9.459939672089999974e+00,1.552467467260000089e-03,6.872539408499999877e-03,9.976173751060002023e-04,1.000000000000000000e+00
2.402378990000000047e-01,-2.582237383629999883e+00,-2.064124341010000196e-01,-9.440375724439999061e+00,2.132171764970000084e-03,1.022970862689999948e-02,-1.689771376549999843e-02,1.000000000000000000e+00
2.452388070000000031e-01,-2.635124047430000171e+00,-2.039088720479999839e-01,-9.420501395669999667e+00,-1.041290536520000053e-02,1.193566806610000045e-02,-1.070815720600000161e-03,1.000000000000000000e+00
2.502087920000000132e-01,-2.640139829759999834e+00,-2.477964925589999923e-01,-9.414043597830000110e+00,6.955618970100000548e-03,1.177693344650000175e-02,7.812527008350000912e-03,1.000000000000000000e+00
2.550974630000000243e-01,-2.627453366670000179e+00,-2.421742870290000127e-01,-9.460015659930000709e+00,7.322442252189999973e-03,-2.053752308710000106e-03,-1.637483946979999966e-04,1.000000000000000000e+00
2.602284360000000074e-01,-2.653516028690000361e+00,-2.097336144130000080e-01,-9.423215330799999734e+00,-1.072586234660000137e-02,4.702039528640000569e-03,4.247093573209999827e-03,1.000000000000000000e+00
2.652450069999999771e-01,-2.632756441509999767e+00,-2.061106564090000037e-01,-9.413909157799999150e+00,9.041248820719998899e-03,1.557058840989999915e-02,1.779217505829999886e-03,1.000000000000000000e+00
2.701770880000000097e-01,-2.623128781470000170e+00,-2.231162796099999956e-01,-9.449915121680000141e+00,-2.778657246380000084e-03,9.668168611820000466e-03,3.101879265159999521e-04,1.000000000000000000e+00
2.753201009999999838e-01,-2.661405905149999640e+00,-2.422313144460000178e-01,-9.467137474639999439e+00,3.393222577869999673e-03,-2.919243415820000145e-03,9.024986997250000059e-03,1.000000000000000000e+00
2.802143400000000062e-01,-2.589910402480000151e+00,-2.288899676400000249e-01,-9.427401092060000209e+00,-9.813306853179999678e-03,3.911267034710000021e-03,-6.346820853649999192e-03,1.000000000000000000e+00
2.851070170000000181e-01,-2.613303553030000170e+00,-2.207252380209999976e-01,-9.442056809400000361e+00,-6.759704556319999242e-04,1.199043914679999955e-02,-4.863660316909999663e-03,1.000000000000000000e+00
2.902144320000000222e-01,-2.605286543050000070e+00,-2.075625174509999893e-01,-9.430404365519999388e+00,3.645937889810000124e-03,-1.058191992339999926e-05,-4.293806385250000142e-03,1.000000000000000000e+00
2.952978190000000169e-01,-2.620565068459999924e+00,-2.447190578750000067e-01,-9.471310960930001244e+00,-8.770002052189999550e-03,4.371055401860000130e-04,-6.058362778279999770e-03,1.000000000000000000e+00
3.002412620000000087e-01,-2.640613292490000319e+00,-2.268930582020000086e-01,-9.467094804540000297e+00,3.715936560179999588e-03,-7.944938261060000787e-04,9.872752241790001479e-03,1.000000000000000000e+00
3.052779970000000231e-01,-2.586101073320000054e+00,-2.051964459070000080e-01,-9.433861227979999597e+00,1.026670075949999948e-02,-1.302676508200000102e-03,-1.764952787200000034e-03,1.000000000000000000e+00
3.103074949999999887e-01,-2.594390762759999802e+00,-2.066254009980000306e-01,-9.454617600280000644e+00,1.462506595999999923e-02,6.827441044149999694e-03,-6.753355264660000244e-04,1.000000000000000000e+00
3.152108020000000121e-01,-2.629343418199999949e+00,-2.182869597569999931e-01,-9.441621340589998468e+00,-6.493566557770000421e-03,1.322791911660000123e-03,1.075120409950000100e-03,1.000000000000000000e+00
3.203378649999999994e-01,-2.623383633009999993e+00,-2.303129313819999857e-01,-9.458141098230001376e+00,6.243003997949999988e-03,2.044359687719999805e-03,-1.884111901749999920e-03,1.000000000000000000e+00
3.252952869999999885e-01,-2.607779528909999645e+00,-2.408952800690000173e-01,-9.441534246830000754e+00,1.467569358650000141e-02,-4.866346716880000096e-05,-9.812302887440000135e-03,1.000000000000000000e+00
3.302856499999999862e-01,-2.667647722149999900e+00,-2.266337862109999990e-01,-9.447293541010001405e+00,1.421260833739999840e-02,-1.633464917539999978e-02,7.402692921459999228e-03,1.000000000000000000e+00
3.351310570000000100e-01,-2.595105633030000192e+00,-2.336482315509999796e-01,-9.421799618789998831e+00,1.512032095339999917e-02,-4.770501051100000875e-03,1.640377333390000006e-03,1.000000000000000000e+00
3.402993489999999732e-01,-2.609099379329999913e+00,-2.554124474549999690e-01,-9.467805583160000538e+00,-6.921604275699999760e-03,-8.567957207559999747e-03,-3.331250743939999891e-03,1.000000000000000000e+00
3.452840110000000018e-01,-2.599594468890000343e+00,-2.122966698339999736e-01,-9.427963402110000501e+00,4.054197575900000267e-03,5.257824435830000045e-03,-6.027379073200000124e-03,1.000000000000000000e+00
3.502847700000000231e-01,-2.584745567059999694e+00,-2.373101515920000015e-01,-9.433630341830001598e+00,9.376750327650000549e-03,-7.741084322329999136e-03,-1.833769865330000040e-02,1.000000000000000000e+00
3.552346679999999757e-01,-2.643114753920000393e+00,-2.181308924130000160e-01,-9.420376307989998921e+00,9.111737832429999892e-03,-1.120547298339999963e-02,-5.593049339949999685e-03,1.000000000000000000e+00
3.603114809999999890e-01,-2.615920749789999888e+00,-2.516026251099999778e-01,-9.435906470069999941e+00,8.728033280930000458e-04,1.548464410009999957e-03,-2.130350098009999894e-03,1.000000000000000000e+00
3.653218509999999752e-01,-2.636368786790000307e+00,-2.312878956280000065e-01,-9.435328962450000745e+00,-6.862251553680000053e-03,-1.440938562149999928e-02,-8.838798385109999586e-04,1.000000000000000000e+00
3.702592029999999812e-01,-2.619623988219999866e+00,-2.314036674940000149e-01,-9.446238478989998910e+00,-5.383628304119999260e-04,8.862727321680001144e-03,-5.141302011910000268e-03,1.000000000000000000e+00
3.752356880000000117e-01,-2.612233293450000104e+00,-2.291844022760000099e-01,-9.459726906120000223e+00,-9.385834448040000083e-03,5.112553015350000500e-03,-7.068130187689999552e-03,1.000000000000000000e+00
3.803979279999999963e-01,-2.631082078559999982e+00,-2.446799131749999856e-01,-9.466555290840000580e+00,3.243229584770000035e-03,1.408905535939999898e-02,-3.180460305880000119e-03,1.000000000000000000e+00
3.852125009999999850e-01,-2.647991127790000121e+00,-2.277439576770000085e-01,-9.450025011799999319e+00,-6.657314486800000597e-03,-2.841695677489999849e-03,-1.064153481270000041e-02,1.000000000000000000e+00
3.901583270000000270e-01,-2.632013806450000271e+00,-2.064325818399999901e-01,-9.450922252899999876e+00,1.563330739739999739e-02,4.124504048379999850e-03,-1.326268259439999930e-02,1.000000000000000000e+00
3.952460649999999798e-01,-2.630524736939999997e+00,-2.110648995490000124e-01,-9.430992979070000004e+00,9.470765478909999244e-03,1.010279078040000021e-02,-9.942300617690000980e-03,1.000000000000000000e+00
4.002562279999999917e-01,-2.628847159120000221e+00,-2.612604428310000282e-01,-9.455867308080000200e+00,-9.699567453939998956e-04,3.652658313510000112e-03,-4.266780801119999730e-03,1.000000000000000000e+00
4.051239549999999801e-01,-2.597031924920000012e+00,-2.350748302879999974e-01,-9.449225385850001047e+00,1.499023847279999828e-02,-1.343626179730000089e-03,-9.097126312549998553e-03,1.000000000000000000e+00
4.103475409999999823e-01,-2.646784382340000352e+00,-2.442362975930000013e-01,-9.410807684650000837e+00,1.715577673170000242e-03,-2.271775715050000297e-02,8.369876071810000706e-03,1.000000000000000000e+00
4.150880319999999957e-01,-2.589100547400000174e+00,-2.577383331199999961e-01,-9.460700135069998851e+00,6.582830101250000156e-03,-5.573553964500000020e-03,-5.587778054179999739e-03,1.000000000000000000e+00
4.201406939999999812e-01,-2.647382932759999807e+00,-2.136705520030000027e-01,-9.452758820669998840e+00,-2.930081682280000037e-03,5.987420678140000993e-03,1.176552008840000066e-02,1.000000000000000000e+00
4.252833710000000211e-01,-2.626194598779999723e+00,-2.219785077510000038e-01,-9.462591647900000069e+00,-1.879078894850000001e-02,5.680344067509999692e-03,3.590989159419999931e-03,1.000000000000000000e+00
4.302026360000000271e-01,-2.587629013539999967e+00,-2.533215761229999918e-01,-9.491185289700000638e+00,4.343138076359999780e-03,-2.581547945739999777e-03,-1.429044641550000110e-04,1.000000000000000000e+00
4.351330420000000254e-01,-2.647480547919999871e+00,-2.133403519339999999e-01,-9.427960479500001156e+00,-9.039915166799998222e-03,-4.950648173689999217e-03,8.257736917589999321e-04,1.000000000000000000e+00
4.401548880000000219e-01,-2.612331493120000125e+00,-2.231426561600000080e-01,-9.451248416110001216e+00,8.269690908489999923e-03,-6.022541783749999758e-04,-4.039382096379999683e-03,1.000000000000000000e+00
4.452321289999999765e-01,-2.616816237320000127e+00,-1.969295162889999895e-01,-9.444396650519999881e+00,2.145887119699999880e-03,-1.830804860219999945e-03,-4.562465474010000445e-03,1.000000000000000000e+00
4.502525800000000133e-01,-2.615540810559999763e+00,-2.375394485690000002e-01,-9.457660621239998733e+00,4.851354751739999673e-03,2.816579770300000046e-03,1.842174911869999673e-03,1.000000000000000000e+00
4.552089639999999937e-01,-2.606248958340000144e+00,-2.504797768259999780e-01,-9.447564759160000492e+00,-4.706082399930000895e-03,-4.829633980990000446e-04,-4.513972438870000013e-03,1.000000000000000000e+00
4.602361979999999853e-01,-2.684309810879999869e+00,-2.325711769040000043e-01,-9.451635369599999947e+00,-6.615146994590000336e-03,-1.811241358520000039e-02,1.443366426970000074e-02,1.000000000000000000e+00
4.651723369999999913e-01,-2.561043788960000178e+00,-2.185917513900000331e-01,-9.466226205010000783e+00,5.986591801050000078e-03,-5.713957361880000335e-03,-5.583961959930000205e-03,1.000000000000000000e+00
4.701957279999999795e-01,-2.654422329880000042e+00,-2.003014221409999962e-01,-9.430621807669998802e+00,8.893177844580000060e-03,1.084031816570000042e-02,2.079238416629999777e-03,1.000000000000000000e+00
4.751757360000000152e-01,-2.616913560219999990e+00,-2.420284305519999901e-01,-9.435526530840000703e+00,1.414403971280000019e-02,2.296441700309999855e-03,-1.802480081099999947e-03,1.000000000000000000e+00
4.802119009999999966e-01,-2.665330969640000269e+00,-2.443485805950000034e-01,-9.436177688229999916e+00,-8.504835888740000516e-03,-3.542557358739999943e-03,9.831335395569998706e-03,1.000000000000000000e+00
4.850679940000000023e-01,-2.643768833920000283e+00,-2.181560633859999931e-01,-9.436168920400000104e+00,-4.379730671639999774e-03,1.739448308940000007e-02,7.028133608399999427e-03,1.000000000000000000e+00
4.903793889999999989e-01,-2.602418878659999990e+00,-2.302786089869999775e-01,-9.442278927709999437e+00,1.723253168170000085e-02,2.070434391499999856e-03,8.044776506720001039e-03,1.000000000000000000e+00
4.952559999999999740e-01,-2.597669638300000194e+00,-2.171949267369999992e-01,-9.454628121679998998e+00,-5.997133906930000695e-03,4.417841788379999780e-03,-8.521702140570000875e-03,1.000000000000000000e+00
5.003269780000000333e-01,-2.622302559780000042e+00,-2.027832655519999916e-01,-9.429158749380000870e+00,1.564713567499999985e-02,-9.123054333030001378e-03,-7.842581253500000450e-04,1.000000000000000000e+00
5.052216640000000147e-01,-2.629282627919999893e+00,-2.518020932050000216e-01,-9.457481757540000089e+00,5.095549859109999719e-03,3.797607496380000271e-05,1.129028014840000038e-02,1.000000000000000000e+00
5.102378199999999531e-01,-2.596751062150000067e+00,-2.253493358910000077e-01,-9.434322415749999635e+00,-8.757466450330000929e-03,-1.021456532179999994e-02,-5.172849632800000097e-03,1.000000000000000000e+00
5.151845390000000524e-01,-2.630973942009999789e+00,-2.588462578290000038e-01,-9.452271913939998882e+00,-1.117497915400000007e-03,1.325803622599999905e-02,1.003072364260000019e-03,1.000000000000000000e+00
5.203563079999999896e-01,-2.562484050890000198e+00,-2.577257476329999908e-01,-9.452804413380000881e+00,1.439438201489999839e-04,2.991016954179999757e-03,-1.858185976740000037e-02,1.000000000000000000e+00
5.254025350000000039e-01,-2.644102303649999985e+00,-2.277325777660000050e-01,-9.429881218430001155e+00,-1.735992496830000105e-03,-3.230258589609999887e-03,-4.815986845640000263e-03,1.000000000000000000e+00
5.302201539999999991e-01,-2.607085116899999999e+00,-2.337880784130000056e-01,-9.438463753340000650e+00,-5.603232420979998782e-03,8.900570683180000428e-03,-5.104764830319999738e-03,1.000000000000000000e+00
5.351695730000000095e-01,-2.639817173680000018e+00,-2.256210289719999817e-01,-9.464246429369998381e+00,-2.139412099500000077e-03,5.884425714610000066e-03,2.175310393800000165e-03,1.000000000000000000e+00
5.402362609999999954e-01,-2.622152629909999977e+00,-2.207617523729999975e-01,-9.444563239260000742e+00,-1.488128444179999876e-03,-1.601145020690000059e-03,1.027795393020000149e-02,1.000000000000000000e+00
5.452666819999999470e-01,-2.618683784759999966e+00,-2.396761866030000243e-01,-9.434631043310000464e+00,8.103111758830000219e-03,1.567116007209999867e-03,1.220043376089999937e-02,1.000000000000000000e+00
5.501937839999999635e-01,-2.554758717340000373e+00,-2.267530834760000114e-01,-9.439286175639999499e+00,-4.176604095850000239e-03,-2.472946885969999793e-03,-1.290136715400000194e-03,1.000000000000000000e+00
5.551374399999999820e-01,-2.608254452940000245e+00,-2.482731153609999963e-01,-9.464491344039998921e+00,-1.344341412190000126e-02,1.119057089089999825e-02,-2.969187917190000466e-03,1.000000000000000000e+00
5.601919950000000537e-01,-2.614943136930000023e+00,-2.181744940920000153e-01,-9.418479534450000301e+00,2.221203409139999811e-03,-2.128990367050000079e-03,3.955164924259999860e-03,1.000000000000000000e+00
5.652332519999999638e-01,-2.578537944590000297e+00,-2.181584380070000218e-01,-9.411671607999998912e+00,-2.848012605679999670e-03,-8.085840381680000494e-03,-1.571768778380000075e-03,1.000000000000000000e+00
5.702869059999999823e-01,-2.606649648090000326e+00,-2.195105102029999977e-01,-9.437416290110000716e+00,1.940479967740000060e-03,4.823406692589999809e-03,-1.353467232549999998e-03,1.000000000000000000e+00
5.752385370000000497e-01,-2.625671159429999957e+00,-2.064887872729999907e-01,-9.448006657709999701e+00,-1.777378143740000185e-03,9.834656491879999185e-03,4.385414533319999079e-03,1.000000000000000000e+00
5.802494459999999465e-01,-2.556533033530000054e+00,-1.955985051470000013e-01,-9.413701652529999464e+00,-5.487348418679999923e-03,5.573619157079999324e-03,-5.873430054630001057e-04,1.000000000000000000e+00
5.851396989999999576e-01,-2.608839851609999982e+00,-2.233872237719999876e-01,-9.478083816070000722e+00,9.023666381840000222e-03,-2.245068177580000074e-02,3.099078079690000161e-03,1.000000000000000000e+00
5.901503759999999765e-01,-2.608922853720000212e+00,-2.454915400849999874e-01,-9.430359941860000816e+00,-9.963347110900000123e-04,-6.112367846069999278e-03,-4.878397565340000103e-03,1.000000000000000000e+00
5.952452879999999835e-01,-2.594855165399999830e+00,-2.611246876220000290e-01,-9.438235205279999818e+00,-9.658059105280000084e-03,-7.318646181370000448e-03,-5.527036264540000077e-03,1.000000000000000000e+00
6.001110010000000328e-01,-2.660610955379999698e+00,-2.686537131539999956e-01,-9.502458378869999223e+00,1.101452577860000115e-02,5.427509546279999167e-03,4.016912542279999637e-03,1.000000000000000000e+00
6.053347780000000178e-01,-2.638457283499999750e+00,-2.333576145740000052e-01,-9.408561951550000302e+00,5.358656868340000434e-03,7.638359442350000326e-03,3.908772952849999885e-03,1.000000000000000000e+00
6.102980630000000017e-01,-2.565992059010000048e+00,-1.934105483820000027e-01,-9.451597375680000468e+00,1.407538540659999905e-03,4.035868216310000041e-03,-1.579714007680000157e-02,1.000000000000000000e+00
6.153910409999999720e-01,-2.627146784940000313e+00,-2.256666034129999887e-01,-9.472506892720000238e+00,8.401142433289999698e-03,-2.551641780880000310e-03,-1.010906603189999989e-02,1.000000000000000000e+00
6.201817410000000086e-01,-2.610891815709999619e+00,-2.074769945919999747e-01,-9.428734971009999910e+00,5.769484676420000811e-03,-4.034880083050000274e-03,-8.226981386540000926e-03,1.000000000000000000e+00
6.252717009999999576e-01,-2.623321089170000064e+00,-2.682606769820000125e-01,-9.451531909229998973e+00,1.421187259259999898e-02,1.297706924380000008e-02,-1.090821251270000097e-02,1.000000000000000000e+00
6.302699459999999698e-01,-2.616903331079999617e+00,-2.299502903479999916e-01,-9.409790616560000487e+00,5.812411196530000573e-03,-1.063394732770000205e-02,-6.288394797590000657e-04,1.000000000000000000e+00
6.352682710000000510e-01,-2.615619136490000329e+00,-2.397411050659999932e-01,-9.444134200189999717e+00,2.560982946309999821e-03,-3.492978867139999444e-03,5.816659890120000342e-03,1.000000000000000000e+00
6.401666729999999639e-01,-2.598846573129999893e+00,-2.519553110050000155e-01,-9.482143320589999647e+00,8.132138289509999868e-03,-1.257725525649999992e-03,2.335992874580000277e-03,1.000000000000000000e+00
6.452606589999999587e-01,-2.626607271230000151e+00,-2.612394183100000267e-01,-9.461373504279999125e+00,1.679971115659999962e-03,1.149029936639999958e-02,5.643168464299999978e-03,1.000000000000000000e+00
6.502095959999999453e-01,-2.554448043949999914e+00,-2.386033880060000056e-01,-9.445650449969999585e+00,1.383145246650000111e-02,3.284133970739999946e-03,-1.360147632660000175e-02,1.000000000000000000e+00
6.550894170000000072e-01,-2.633899181809999934e+00,-2.253752740500000185e-01,-9.436842874139999893e+00,1.189293712379999902e-02,-4.013793077320000104e-03,-1.977972453460000168e-03,1.000000000000000000e+00
6.602684530000000329e-01,-2.643066823129999854e+00,-2.394372632809999846e-01,-9.427336794649999518e+00,4.991306923330000173e-03,1.586761325599999987e-03,-4.083587788049999889e-03,1.000000000000000000e+00
6.651921640000000302e-01,-2.635500187259999905e+00,-2.381700015579999996e-01,-9.413381919049999880e+00,3.351324470710000201e-03,-3.300328040499999564e-03,-3.916679881509999711e-03,1.000000000000000000e+00
6.702000390000000252e-01,-2.643441209400000158e+00,-2.469136453099999851e-01,-9.462187158749999938e+00,7.518741185780000984e-04,-7.288633845750000506e-03,-4.518271889540000389e-04,1.000000000000000000e+00
6.753995489999999879e-01,-2.641330208590000339e+00,-1.980151378350000213e-01,-9.444809322969998533e+00,3.283881116660000016e-03,-4.386645741759999991e-04,4.804083146149999879e-03,1.000000000000000000e+00
6.802699319999999661e-01,-2.606256264859999838e+00,-2.279980237689999967e-01,-9.475454636609999426e+00,1.077284477649999989e-02,-3.129516262560000373e-03,-1.055310294029999929e-02,1.000000000000000000e+00
6.852497699999999803e-01,-2.625580850800000032e+00,-2.691886602809999696e-01,-9.413877593620000539e+00,1.397281792009999989e-02,9.244519285860000254e-03,-2.887100679799999795e-03,1.000000000000000000e+00
6.903887610000000175e-01,-2.688088452640000181e+00,-2.503222299110000049e-01,-9.453146943210001041e+00,8.846601471299999839e-03,1.352658867840000022e-02,1.173845306039999863e-02,1.000000000000000000e+00
6.952340249999999777e-01,-2.612325355639999902e+00,-2.159306058890000102e-01,-9.451933475769999760e+00,-7.912144064899999732e-03,2.992550842459999836e-03,3.878468414769999963e-03,1.000000000000000000e+00
7.002318910000000507e-01,-2.634343418440000306e+00,-2.301302134919999964e-01,-9.447931838909999769e+00,1.722730230539999859e-03,9.328296408060000530e-03,1.643729163329999939e-03,1.000000000000000000e+00
7.051261890000000143e-01,-2.579394269159999808e+00,-2.419925189880000049e-01,-9.426433708330000272e+00,1.415140368039999839e-02,-5.450434982779999403e-03,-6.714119575920000221e-03,1.000000000000000000e+00
7.103011719999999807e-01,-2.642493991669999875e+00,-2.216719990859999934e-01,-9.429155242250001123e+00,-2.078216522930000001e-03,-8.849576115610000362e-03,-4.275084938850000089e-04,1.000000000000000000e+00
7.152325950000000265e-01,-2.643577695259999860e+00,-2.217729021770000197e-01,-9.434379698899999056e+00,6.972869392479999484e-03,8.842560462650000952e-03,1.433616410939999794e-02,1.000000000000000000e+00
7.202026030000000523e-01,-2.604927646609999758e+00,-2.454733103079999867e-01,-9.430200367390000338e+00,-4.106613807379999939e-03,-1.092946622519999980e-02,1.882271608339999716e-03,1.000000000000000000e+00
7.253037839999999514e-01,-2.579444538040000179e+00,-2.552446896730000137e-01,-9.449909860980000076e+00,1.285507995639999929e-02,1.214242819700000163e-02,-1.146984845400000029e-02,1.000000000000000000e+00
7.303336940000000332e-01,-2.639543909699999968e+00,-2.299903483639999802e-01,-9.431267704360001503e+00,7.070895750080000500e-03,1.028313022110000086e-02,-1.041756104679999843e-02,1.000000000000000000e+00
7.352852939999999782e-01,-2.636462018030000021e+00,-2.374610495710000047e-01,-9.456045002739999816e+00,-1.098532881589999941e-02,2.795565873380000121e-03,6.046516820790000246e-03,1.000000000000000000e+00
7.402670770000000511e-01,-2.613457574540000383e+00,-2.550440342680000416e-01,-9.440583229710000523e+00,1.905918493869999952e-02,-5.763863679020000963e-03,-7.032982073719999845e-03,1.000000000000000000e+00
7.452301850000000449e-01,-2.597754393979999854e+00,-2.610904382929999934e-01,-9.431267704360001503e+00,1.097860652949999953e-02,-8.450681343670000262e-03,-2.533762250099999905e-03,1.000000000000000000e+00
7.501844039999999714e-01,-2.568505795400000125e+00,-2.493026958709999852e-01,-9.441075981660000949e+00,5.731760058549999724e-03,1.928976271300000096e-04,-9.813123382629998850e-03,1.000000000000000000e+00
7.551476790000000161e-01,-2.615095112620000162e+00,-2.085665799270000065e-01,-9.420167049149998917e+00,-7.953558117149999232e-03,9.359743446109999865e-03,-9.444852359590000246e-03,1.000000000000000000e+00
7.601754200000000461e-01,-2.637071966629999764e+00,-2.385185044680000199e-01,-9.447233335249999087e+00,1.789104938509999618e-02,-2.094263676549999904e-03,-5.968499463049999542e-04,1.000000000000000000e+00
7.651130600000000115e-01,-2.596689102830000095e+00,-2.529588985569999893e-01,-9.456205746260000211e+00,1.841001212599999767e-03,1.296809874480000027e-02,3.424915485080000312e-04,1.000000000000000000e+00
7.702291749999999881e-01,-2.607173379709999850e+00,-2.302058542779999994e-01,-9.455192769820000009e+00,-3.893287619580000202e-03,1.567341573540000088e-02,-1.392477378250000022e-02,1.000000000000000000e+00
7.753824559999999977e-01,-2.681043794819999881e+00,-2.958649606850000113e-01,-9.473280799699999477e+00,5.916522932239998969e-04,9.374730288979999174e-03,2.110793627799999878e-02,1.000000000000000000e+00
7.802710990000000235e-01,-2.576303901929999807e+00,-2.358097569660000115e-01,-9.404625196619999628e+00,-1.787033397700000014e-06,-2.706875791769999904e-03,4.546034149829999982e-03,1.000000000000000000e+00
7.851851810000000098e-01,-2.583745450109999897e+00,-2.229106557690000157e-01,-9.423950074820000467e+00,-5.788910668340000940e-03,-5.902658682319998976e-03,-5.702736787500000022e-03,1.000000000000000000e+00
7.901526730000000276e-01,-2.586797823419999975e+00,-2.468059654179999840e-01,-9.432395831599999170e+00,-6.184941157699999983e-03,7.171726319939999636e-04,-9.723383933310000837e-03,1.000000000000000000e+00
7.953063729999999554e-01,-2.634858382230000018e+00,-2.658522641340000381e-01,-9.440179909610000308e+00,-4.890627460550000735e-04,-6.114388350399999061e-03,3.271687543019999745e-03,1.000000000000000000e+00
8.000968139999999895e-01,-2.566833770530000169e+00,-2.658110553399999909e-01,-9.417580539790000316e+00,-1.043856889010000115e-02,1.367166452109999999e-02,3.578184405339999725e-03,1.000000000000000000e+00
8.050668269999999849e-01,-2.582139183950000305e+00,-2.765756835259999824e-01,-9.427990290120000338e+00,-1.064610946920000085e-02,8.217246271669999963e-03,7.314548827710000076e-03,1.000000000000000000e+00
8.100791470000000549e-01,-2.577888248509999869e+00,-2.661606724960000059e-01,-9.465926345279999765e+00,-3.461628686640000081e-03,-1.780341495760000064e-03,3.424771828579999816e-03,1.000000000000000000e+00
8.151720230000000234e-01,-2.550061499429999934e+00,-2.376067051190000057e-01,-9.456039157519999350e+00,-9.143256582320000159e-03,6.563453003759999599e-03,-3.422947833309999965e-03,1.000000000000000000e+00
8.202055560000000023e-01,-2.583950325029999995e+00,-2.622270593739999822e-01,-9.415257649800000905e+00,1.380785368379999940e-03,-4.220114089549999864e-03,6.253047846259999869e-03,1.000000000000000000e+00
8.252288049999999542e-01,-2.553670922100000240e+00,-2.327290708790000218e-01,-9.440674415129999275e+00,-7.179746404289999787e-03,8.478280156849999499e-03,3.137774532659999734e-03,1.000000000000000000e+00
8.303347319999999643e-01,-2.609796421690000479e+00,-2.339377890819999972e-01,-9.459755547689999489e+00,-5.571612156930000337e-03,4.560186527670000503e-03,7.860606536269999778e-03,1.000000000000000000e+00
8.351453629999999739e-01,-2.575010062730000104e+00,-2.478038356150000232e-01,-9.409758467859999698e+00,6.108610425140000889e-03,7.099746726449999643e-03,-1.535689807499999830e-03,1.000000000000000000e+00
8.402074149999999575e-01,-2.595452839040000015e+00,-2.554693835410000169e-01,-9.469448089669999291e+00,-2.528272010389999783e-02,-7.573957555000000036e-03,1.173491822559999962e-03,1.000000000000000000e+00
8.452490200000000176e-01,-2.545892689310000012e+00,-2.684590856310000162e-01,-9.454155243469999803e+00,9.585667401549998953e-03,-4.948901943860000048e-03,-1.598101854320000195e-02,1.000000000000000000e+00
8.503950350000000213e-01,-2.638107739409999652e+00,-2.172552055570000085e-01,-9.459639227839998554e+00,-8.202279917900000619e-03,-7.921276614069999375e-03,-9.567668894310001580e-04,1.000000000000000000e+00
8.552312619999999921e-01,-2.609726863579999723e+00,-2.597325939429999675e-01,-9.417737776180000964e+00,-8.126157335939999948e-03,-1.840044371779999896e-02,2.358943922450000130e-03,1.000000000000000000e+00
8.602483389999999730e-01,-2.642246154389999990e+00,-2.332889149850000121e-01,-9.399104387379999537e+00,-5.626882892100000359e-03,-4.583267960699999831e-03,6.026170216500000183e-03,1.000000000000000000e+00
8.653143450000000403e-01,-2.624635386640000068e+00,-2.704364318520000032e-01,-9.422112922520000211e+00,7.031271699820000089e-03,-1.417461433450000136e-03,1.135742571199999974e-02,1.000000000000000000e+00
8.702659289999999936e-01,-2.575662681420000322e+00,-2.846624342719999978e-01,-9.412739529499999591e+00,-9.023282676940001107e-03,-1.718095503750000086e-02,-3.503280226139999631e-03,1.000000000000000000e+00
8.753563039999999740e-01,-2.558547003700000211e+00,-2.764576649030000000e-01,-9.401462348680000858e+00,-1.670703850690000158e-02,-6.161709316069999623e-03,4.104103893040000027e-03,1.000000000000000000e+00
8.802559009999999518e-01,-2.559921506929999868e+00,-2.632404559340000283e-01,-9.525483280619999604e+00,-6.289512850340000377e-03,-1.264011859889999957e-02,9.906367398799999224e-03,1.000000000000000000e+00
8.850499819999999573e-01,-2.585121706899999872e+00,-2.661251079920000095e-01,-9.466770394890000162e+00,-7.038909476250000685e-03,-6.507507525379999970e-03,3.603680757810000246e-03,1.000000000000000000e+00
8.901540000000000008e-01,-2.613393569399999894e+00,-2.195043361900000378e-01,-9.439692418350000835e+00,-4.563296213750000010e-03,5.123058333990000365e-03,1.213842816649999927e-02,1.000000000000000000e+00
8.951639700000000310e-01,-2.634972364000000233e+00,-2.314410038300000194e-01,-9.468904484310000313e+00,-1.037370134150000095e-02,-1.130279339850000057e-02,1.643077703190000101e-03,1.000000000000000000e+00
9.001299659999999481e-01,-2.633657189750000072e+00,-2.217660340450000045e-01,-9.432098894480001050e+00,-2.199447900060000002e-02,-1.535745896400000053e-02,1.318296138199999933e-02,1.000000000000000000e+00
9.052447409999999639e-01,-2.612332077640000083e+00,-2.100516308529999931e-01,-9.460293892350000178e+00,-5.821295082570000085e-03,-1.116092503070000019e-02,4.753489047289999672e-03,1.000000000000000000e+00
9.104632409999999787e-01,-2.647598621340000236e+00,-2.169582684370000014e-01,-9.436209252410000303e+00,5.681883543729999812e-03,-5.287699401380000289e-03,1.123220100999999978e-02,1.000000000000000000e+00
9.151641190000000536e-01,-2.645864929410000066e+00,-2.142322775389999823e-01,-9.399041259009999649e+00,-1.348697021600000177e-02,-7.219268474729999274e-03,1.324218232179999802e-02,1.000000000000000000e+00
9.202337590000000400e-01,-2.606618376170000140e+00,-2.542147255709999998e-01,-9.467845915169998960e+00,-2.197298593820000076e-02,-2.029376663270000131e-02,1.434033084659999853e-02,1.000000000000000000e+00
9.252642479999999559e-01,-2.597809046770000130e+00,-2.288721214559999717e-01,-9.434045936900000484e+00,-1.620594784620000076e-02,-1.266834978009999911e-02,8.292126003649999714e-04,1.000000000000000000e+00
9.303258140000000287e-01,-2.650304373160000004e+00,-2.767647398249999946e-01,-9.475115029389998611e+00,2.899079816420000334e-03,-1.854567974809999756e-02,8.140898309649998929e-03,1.000000000000000000e+00
9.352277129999999605e-01,-2.640388836090000080e+00,-2.432024245010000196e-01,-9.442181312560000706e+00,6.208449602129999939e-03,-7.129784207790000605e-03,1.438005361710000159e-02,1.000000000000000000e+00
9.401678100000000482e-01,-2.623350607529999934e+00,-2.231513143899999940e-01,-9.468124147590000206e+00,-2.215261338280000053e-05,-7.298097480089999790e-03,4.128533415500000060e-03,1.000000000000000000e+00
9.452296629999999977e-01,-2.642146785670000053e+00,-2.324239869849999973e-01,-9.445040209120000085e+00,-1.032007392499999926e-02,1.947207842020000010e-03,-2.684230916199999671e-03,1.000000000000000000e+00
9.502532110000000420e-01,-2.677166368870000035e+00,-2.326704360269999938e-01,-9.472543717600000690e+00,-1.240804418920000117e-02,-1.616867259140000040e-02,9.539805352690000628e-03,1.000000000000000000e+00
9.551915640000000485e-01,-2.598221719229999671e+00,-2.397995572549999899e-01,-9.452379465970000894e+00,-3.407784039150000156e-03,1.467275433239999954e-03,5.272810347379999936e-03,1.000000000000000000e+00
9.602342919999999893e-01,-2.639783271409999799e+00,-2.444180839009999773e-01,-9.450172895830000641e+00,6.207819678819999614e-04,9.504893794659999631e-03,5.080966278910000258e-03,1.000000000000000000e+00
9.652173990000000314e-01,-2.610102711160000144e+00,-2.671046205490000269e-01,-9.452908458280001369e+00,1.384878903629999797e-02,-2.470139414070000178e-03,-1.284750527700000101e-03,1.000000000000000000e+00
9.701746900000000062e-01,-2.652018775870000233e+00,-2.624848700599999862e-01,-9.476278227949999078e+00,-2.117058448490000480e-02,-7.722365669910000001e-03,4.575982689859999994e-03,1.000000000000000000e+00
9.751245570000000029e-01,-2.605440272300000082e+00,-2.083785648079999886e-01,-9.400908221930000863e+00,-7.046790327880000752e-03,2.507369033989999794e-03,-3.000308293850000030e-03,1.000000000000000000e+00
9.802463399999999938e-01,-2.639978793980000127e+00,-2.161976958599999832e-01,-9.486281151050000915e+00,-1.133411284539999862e-02,-6.307843141260000702e-03,-1.081991591490000021e-03,1.000000000000000000e+00
9.850806420000000063e-01,-2.644360370069999799e+00,-2.277068770690000021e-01,-9.435352927839998571e+00,6.111056427469999629e-04,-3.512274939570000486e-03,1.097876206040000052e-02,1.000000000000000000e+00
9.901586140000000480e-01,-2.608281925470000040e+00,-2.217144499879999953e-01,-9.430591997049999620e+00,5.044127348810000661e-03,-8.200695738199998558e-03,4.089945927259999899e-03,1.000000000000000000e+00
9.953039040000000170e-01,-2.647389947020000189e+00,-2.431611426419999777e-01,-9.441867424299999811e+00,-3.169616684320000505e-03,6.252327002579999814e-03,8.408444002269999454e-03,1.000000000000000000e+00
1.000068707000000057e+00,-2.635257610680000084e+00,-2.240895816209999836e-01,-9.440576215449999253e+00,-3.636245150119999953e-03,-3.466500435020000020e-03,2.428857842459999743e-03,1.000000000000000000e+00
1.005129729999999944e+00,-2.604231773299999997e+00,-2.410381774049999981e-01,-9.460544652239999408e+00,-5.095288157459999800e-03,-6.763235200199999193e-03,-1.845920225609999892e-03,1.000000000000000000e+00
1.010198090000000049e+00,-2.625754746059999700e+00,-2.121998401289999781e-01,-9.435122626220000086e+00,3.629404585810000038e-03,9.553692303600000088e-03,-5.243843421339999984e-03,1.000000000000000000e+00
1.015175461999999973e+00,-2.669897254649999940e+00,-2.326188702369999806e-01,-9.462122276819998845e+00,-1.106929406520000027e-02,-2.478692447769999686e-03,8.777805604040001680e-03,1.000000000000000000e+00
1.020189588000000036e+00,-2.647301391959999695e+00,-2.346444029809999776e-01,-9.428217084610000853e+00,4.136258736250000498e-03,8.120276033880000424e-03,2.769806655119999572e-03,1.000000000000000000e+00
1.025185762000000000e+00,-2.612614401720000146e+00,-2.131851431060000079e-01,-9.404589540789999091e+00,2.299525961279999878e-02,-1.270545180890000035e-02,1.246148021890000103e-03,1.000000000000000000e+00
1.030277384999999990e+00,-2.600344994989999936e+00,-2.134224224610000165e-01,-9.436481055089998904e+00,2.391339978199999872e-03,-3.153312485670000439e-03,-1.206934824589999886e-02,1.000000000000000000e+00
1.035186970999999900e+00,-2.578493228670000192e+00,-2.091341141499999945e-01,-9.463484797350000477e+00,7.554252166300000695e-03,4.543893039229999695e-03,-2.976514631880000129e-03,1.000000000000000000e+00
1.040190810999999993e+00,-2.628149239979999940e+00,-2.150817705079999809e-01,-9.482391157869999532e+00,9.779565036299999944e-03,1.836139243100000070e-03,8.177011273799999688e-03,1.000000000000000000e+00
1.045208960000000076e+00,-2.595855574620000272e+00,-2.446611354090000023e-01,-9.469850240730000479e+00,3.495628479870000263e-03,-7.080361247060000789e-04,-4.072003066540000327e-03,1.000000000000000000e+00
1.050139554000000031e+00,-2.587107035500000318e+00,-2.419145583810000111e-01,-9.421383439199999543e+00,8.780503994790000207e-04,5.107691511510000296e-03,-1.336891762910000052e-02,1.000000000000000000e+00
1.055196832999999890e+00,-2.649318576999999841e+00,-2.467543265619999981e-01,-9.439802892989998639e+00,2.772351028399999955e-03,-2.855396457019999945e-02,-1.991583034400000105e-03,1.000000000000000000e+00
1.060336276999999994e+00,-2.632358089850000304e+00,-2.303330791209999839e-01,-9.472875726030000720e+00,4.619179759170000468e-03,8.026777766640000311e-03,-7.105731405320000332e-03,1.000000000000000000e+00
1.065198633999999922e+00,-2.623127027899999852e+00,-2.194240374960000073e-01,-9.441310374939998695e+00,-2.094143303109999906e-03,-1.566687482410000169e-03,-7.032191380859999924e-03,1.000000000000000000e+00
1.070232818999999891e+00,-2.653367560129999969e+00,-2.086983530809999876e-01,-9.446798450960001148e+00,6.843743845819999332e-03,-6.157571915540000287e-03,-1.220597303470000129e-03,1.000000000000000000e+00
1.075217346000000074e+00,-2.641165957940000197e+00,-2.121310857420000140e-01,-9.425684935790000551e+00,-1.606295583769999993e-03,1.441666856409999989e-02,5.083779804409999624e-03,1.000000000000000000e+00
1.080225093999999997e+00,-2.601524560170000111e+00,-2.217316203180000056e-01,-9.434065810639998162e+00,2.087301341819999996e-03,6.606985814869999717e-03,-7.085021585229999384e-03,1.000000000000000000e+00
1.085149957999999915e+00,-2.638301508420000108e+00,-1.797993351260000205e-01,-9.401971467239999214e+00,-1.467902585860000018e-02,-7.911955937740000264e-03,-3.772913711149999700e-03,1.000000000000000000e+00
1.090260774999999960e+00,-2.619008486669999858e+00,-2.384245060420000228e-01,-9.435375724200000036e+00,-4.503664560620000180e-03,1.039881724860000113e-02,-2.896486083049999802e-03,1.000000000000000000e+00
1.095281047000000063e+00,-2.614386087569999795e+00,-2.182851879250000127e-01,-9.441703758169998295e+00,1.178529020399999953e-02,-4.641371779140000386e-04,-5.600980948659999058e-04,1.000000000000000000e+00
1.100079870999999931e+00,-2.624085059280000021e+00,-2.147492871499999956e-01,-9.455346499079999134e+00,-1.305749872700000085e-03,9.636864997449999960e-04,-5.469796247779999503e-03,1.000000000000000000e+00
1.105278831999999989e+00,-2.643365806069999824e+00,-1.946340257629999848e-01,-9.462972171649999709e+00,4.324334673579999927e-03,-7.655275985600000499e-03,5.096305161710000184e-03,1.000000000000000000e+00
1.110356759999999943e+00,-2.617828336970000169e+00,-2.109567082009999872e-01,-9.413550261360001059e+00,-9.064837358889998517e-03,3.995925653729999819e-03,1.660996302960000143e-02,1.000000000000000000e+00
1.115368426000000079e+00,-2.559220080659999841e+00,-2.108925203909999824e-01,-9.408605206169999846e+00,6.752934772519999726e-03,-5.313445813950000256e-03,-4.802858456970000162e-03,1.000000000000000000e+00
1.120279065000000074e+00,-2.601814483020000068e+00,-2.005899019599999833e-01,-9.445167634889999775e+00,-5.437423009430000440e-03,-5.513225682080000190e-03,7.736066356300000564e-03,1.000000000000000000e+00
1.125356988000000058e+00,-2.554898418070000066e+00,-2.027025649979999899e-01,-9.416383438960000518e+00,2.251742174850000083e-03,-3.220051294189999868e-03,-6.063096225260000346e-03,1.000000000000000000e+00
1.130257298000000077e+00,-2.565029351459999774e+00,-2.200191355779999858e-01,-9.480380987089999323e+00,4.812507424499999978e-03,-4.928109701719999777e-03,9.312776383010001576e-04,1.000000000000000000e+00
1.135168211000000094e+00,-2.593257959340000252e+00,-2.410657412659999999e-01,-9.456296931669999850e+00,9.359125397170000487e-04,6.646269932390000933e-03,2.181925810869999975e-04,1.000000000000000000e+00
1.140092899000000104e+00,-2.635834241520000010e+00,-2.074127519829999933e-01,-9.437160854049999159e+00,1.301791332660000126e-02,-6.142614874990001044e-04,-4.715353250499999468e-03,1.000000000000000000e+00
1.145269781000000098e+00,-2.642284148320000359e+00,-2.336431169839999766e-01,-9.447485848710000411e+00,1.864633522929999955e-03,1.463720388710000077e-02,-1.024920400229999834e-02,1.000000000000000000e+00
1.150328224999999982e+00,-2.679748494310000062e+00,-2.609057659079999647e-01,-9.433206563460000638e+00,1.870774850249999968e-02,6.259106099609999460e-03,7.384404540060000854e-03,1.000000000000000000e+00
1.155378444999999976e+00,-2.555115567949999722e+00,-2.635768117489999951e-01,-9.447669973100000007e+00,2.165442798290000137e-03,-6.657831370830000726e-03,-1.477892324329999930e-02,1.000000000000000000e+00
1.160252636000000059e+00,-2.663353532090000364e+00,-2.040798264350000002e-01,-9.453461415990000560e+00,-2.470786450430000145e-03,-1.633020490410000067e-02,7.745026610789999648e-03,1.000000000000000000e+00
1.165250829000000099e+00,-2.661169466050000043e+00,-2.454560851789999998e-01,-9.440098076539999994e+00,-3.909057937559999758e-03,-8.453993126750001044e-03,9.311983361840000042e-03,1.000000000000000000e+00
1.170369999000000050e+00,-2.587620245709999711e+00,-2.738839784900000129e-01,-9.420054820949999907e+00,1.369432173670000197e-02,3.186083398759999991e-03,-1.889490708709999980e-02,1.000000000000000000e+00
1.175218934999999965e+00,-2.661087048459999771e+00,-2.477613664469999755e-01,-9.421693235800001176e+00,1.732044108209999586e-02,-6.534692831340000244e-03,-5.163166671989999519e-03,1.000000000000000000e+00
1.180113976999999981e+00,-2.626517254859999539e+00,-2.504804892120000015e-01,-9.456579255739999468e+00,-8.001250680539998819e-04,9.819178842009999506e-03,-3.637485671790000128e-03,1.000000000000000000e+00
1.185087290000000015e+00,-2.643392401819999904e+00,-2.358131727660000010e-01,-9.416908924139999471e+00,3.168912371619999848e-05,1.431671902539999840e-02,-6.507127545769999643e-04,1.000000000000000000e+00
1.190333096999999896e+00,-2.621806592950000070e+00,-2.254211042199999737e-01,-9.446106377050000447e+00,8.064970374109999354e-03,-6.352197844539999097e-03,-8.651008829469999863e-05,1.000000000000000000e+00
1.195285080000000111e+00,-2.627647720200000148e+00,-2.137043994729999896e-01,-9.472055057300000414e+00,5.440270528199999886e-03,-1.327595952899999869e-02,-3.194609424100000074e-03,1.000000000000000000e+00
1.200066077000000009e+00,-2.611756031320000115e+00,-2.516125619819999937e-01,-9.436077734989998689e+00,-9.899077937010000022e-03,-2.460101386530000409e-03,7.905760779980000250e-03,1.000000000000000000e+00
1.205232673000000032e+00,-2.605225168250000056e+00,-2.469790204300000014e-01,-9.459341121669998742e+00,-7.505366811529999961e-04,-6.018668878819999866e-03,4.700283519919999826e-03,1.000000000000000000e+00
1.210348210999999896e+00,-2.590133982100000232e+00,-2.243097454439999805e-01,-9.451165414000000098e+00,-1.069324743000000036e-02,1.199482288210000115e-02,-6.001327652479999594e-03,1.000000000000000000e+00
1.215222559999999952e+00,-2.640506324990000042e+00,-1.982582076089999812e-01,-9.460029688460000585e+00,6.210808642209999543e-03,-1.059683598579999955e-02,1.467341836540000076e-02,1.000000000000000000e+00
1.220119592000000086e+00,-2.541028590409999843e+00,-2.243567629239999750e-01,-9.452637824640000019e+00,-6.346723530439999511e-03,7.709103636439998929e-03,-1.618631742889999753e-02,1.000000000000000000e+00
1.225272458999999925e+00,-2.665138661939999931e+00,-2.349150183500000044e-01,-9.448104272869999321e+00,5.126635544000000475e-03,6.447947584090000205e-03,9.005360770969999661e-04,1.000000000000000000e+00
1.230315177999999898e+00,-2.608153915179999949e+00,-2.252903905119999772e-01,-9.438425759419999395e+00,1.842007227240000100e-02,-3.114538267250000370e-04,-1.463393960149999944e-02,1.000000000000000000e+00
1.235222604000000057e+00,-2.668792800540000343e+00,-2.849546769509999633e-01,-9.462878063630000725e+00,1.318613998589999916e-03,6.587093695999999415e-03,-2.217253204440000278e-03,1.000000000000000000e+00
1.240248629000000102e+00,-2.641850725329999872e+00,-2.325603997810000156e-01,-9.458334574980000298e+00,9.860880672930000604e-03,8.384575136010000151e-03,-6.149150431159999992e-03,1.000000000000000000e+00
1.245332638999999908e+00,-2.643628256399999987e+00,-2.265657076779999946e-01,-9.442414536789998536e+00,1.027331687510000049e-02,1.163465622810000086e-02,3.708815900610000060e-03,1.000000000000000000e+00
1.250234089999999965e+00,-2.618672971100000080e+00,-2.328676756320000041e-01,-9.482958728630000778e+00,1.002924330529999901e-02,-1.260818727309999908e-02,1.342016039420000162e-03,1.000000000000000000e+00
1.255209822000000086e+00,-2.614430218969999942e+00,-2.337406042759999913e-01,-9.444884141779999354e+00,-1.649460988119999831e-03,-3.929407801479999768e-03,-1.311346888540000167e-03,1.000000000000000000e+00
1.260226496999999890e+00,-2.580334180359999952e+00,-2.423708690470000038e-01,-9.450217904019998727e+00,-1.009416300799999885e-03,-1.498852856459999966e-02,-1.044562458989999922e-02,1.000000000000000000e+00
1.265325301000000069e+00,-2.642659703630000134e+00,-2.364597818399999940e-01,-9.462790969869999458e+00,-6.476746406409999643e-03,2.474938519300000448e-03,1.856513088570000032e-03,1.000000000000000000e+00
1.270330897000000014e+00,-2.599826524080000034e+00,-2.291878911410000219e-01,-9.441676285650000722e+00,1.180968014519999908e-03,-1.361173298210000167e-02,-8.797303307799999705e-04,1.000000000000000000e+00
1.275259026999999934e+00,-2.627724584829999710e+00,-2.589414618320000083e-01,-9.452747714760000974e+00,7.612114422950000230e-04,3.656760789449999514e-03,-6.331910844889999598e-04,1.000000000000000000e+00
1.280293762999999974e+00,-2.650047768049999863e+00,-2.372792449969999828e-01,-9.422003616930000547e+00,1.214240211989999971e-02,-9.145110845569999133e-03,1.304740738120000083e-02,1.000000000000000000e+00
1.285184171999999903e+00,-2.564187055420000139e+00,-2.360911129239999795e-01,-9.414221292489999726e+00,1.101719588039999989e-02,-6.556787528100000914e-03,-7.268341258170000346e-03,1.000000000000000000e+00
1.290240403000000091e+00,-2.658236335209999801e+00,-2.124805385009999881e-01,-9.444719306599999697e+00,-6.456519942729999073e-03,-6.817748770119999233e-03,8.318917825819999515e-03,1.000000000000000000e+00
1.295270246999999930e+00,-2.589008192940000175e+00,-2.050993604740000142e-01,-9.409477897349999509e+00,1.368388719860000151e-02,4.779921844600000524e-03,-2.739184303210000053e-03,1.000000000000000000e+00
1.300145542000000098e+00,-2.618847158629999949e+00,-2.337431250260000037e-01,-9.426793773810000943e+00,-4.294147714969999766e-03,-2.834475599229999859e-04,-6.165036000310000763e-03,1.000000000000000000e+00
1.305293371000000091e+00,-2.639701146090000172e+00,-2.576337585000000319e-01,-9.430746895349999548e+00,1.208391692490000044e-02,-3.878827206790000110e-03,1.060090027749999858e-02,1.000000000000000000e+00
1.310340528000000004e+00,-2.560245624320000246e+00,-2.398674531249999908e-01,-9.431442476399999109e+00,2.646883949639999931e-03,8.337076753380001301e-03,-3.238403704019999791e-03,1.000000000000000000e+00
1.315223784000000062e+00,-2.615097158440000236e+00,-2.063430951920000034e-01,-9.408825570919999493e+00,3.651177976280000226e-03,-1.176550518720000105e-02,7.536329329010000265e-03,1.000000000000000000e+00
1.320119046999999934e+00,-2.576862412599999708e+00,-2.444607722650000148e-01,-9.413443878369999851e+00,-2.006438793609999910e-03,1.168355066329999740e-02,9.370278567080000042e-04,1.000000000000000000e+00
1.325348352000000007e+00,-2.605074361599999833e+00,-2.673672352739999702e-01,-9.457968664279999160e+00,9.785741567610001246e-03,-1.621424779300000008e-02,-2.511202590539999852e-03,1.000000000000000000e+00
1.330247705999999974e+00,-2.605701261329999685e+00,-2.091802183139999938e-01,-9.470240116830000332e+00,-3.583787474780000207e-03,-8.178442716600000870e-03,-7.008275948459999349e-03,1.000000000000000000e+00
1.335290625999999925e+00,-2.642919231350000064e+00,-1.849032524029999847e-01,-9.426574578099998547e+00,-7.925662212070000434e-03,-3.927057608959999904e-03,-8.129429072139999352e-03,1.000000000000000000e+00
1.340032928999999928e+00,-2.656489199280000157e+00,-2.194173337599999718e-01,-9.420919328820000160e+00,-1.420759130270000037e-03,-1.387942768629999747e-02,7.439926266669999802e-03,1.000000000000000000e+00
1.345216055999999938e+00,-2.572323015599999874e+00,-2.483174111609999790e-01,-9.457956973840000003e+00,-5.429910961539999997e-03,4.323921166360000150e-05,-1.531376596540000128e-02,1.000000000000000000e+00
1.350127888000000054e+00,-2.664219501269999846e+00,-2.453380482899999993e-01,-9.399918041849998573e+00,-9.473360143600000061e-03,5.481470376250000345e-03,-5.138345994060000872e-03,1.000000000000000000e+00
1.355276066999999918e+00,-2.603847157890000208e+00,-2.232134198409999881e-01,-9.443799853669998967e+00,1.944502117109999728e-03,-7.608123589309999726e-03,-1.220253854989999942e-02,1.000000000000000000e+00
1.360203606000000010e+00,-2.658196879979999760e+00,-2.052292156659999978e-01,-9.440608948670000444e+00,-4.341430030759999871e-03,-1.920226728539999950e-03,-7.875031791630000486e-03,1.000000000000000000e+00
1.365352726000000017e+00,-2.695791282099999631e+00,-1.941344239440000174e-01,-9.409859005619999550e+00,6.837122607979998976e-03,-6.675039883700000128e-03,-1.936500309970000042e-03,1.000000000000000000e+00
1.370137227000000069e+00,-2.659040345070000200e+00,-2.250497684230000073e-01,-9.393969947100000439e+00,8.469499647619999419e-03,-3.707139287139999632e-03,3.333843080329999993e-03,1.000000000000000000e+00
1.375236896999999958e+00,-2.650517431390000400e+00,-2.325364526500000029e-01,-9.430012735860000106e+00,2.688819775360000008e-03,9.647312574090001133e-03,9.638124145569998413e-03,1.000000000000000000e+00
1.380233508999999970e+00,-2.562146489499999902e+00,-2.543958542909999787e-01,-9.457799737449999355e+00,-5.012251902370000456e-03,1.528011634950000256e-03,5.570680368690000134e-04,1.000000000000000000e+00
1.385271327000000108e+00,-2.610318399729999683e+00,-2.374691232789999940e-01,-9.450254144380000554e+00,5.799653008579999658e-03,8.997284807259999656e-03,-1.370371505620000124e-02,1.000000000000000000e+00
1.390294098999999894e+00,-2.704128902329999917e+00,-2.122722295120000047e-01,-9.434276823039999371e+00,2.803582465280000501e-03,5.944862961769999989e-03,8.504168130459999891e-03,1.000000000000000000e+00
1.395260066000000077e+00,-2.611838156649999743e+00,-2.303756761530000030e-01,-9.447288864829999966e+00,1.625691540539999855e-02,-9.463669266549999378e-04,4.840253852310000444e-03,1.000000000000000000e+00
1.400220349999999891e+00,-2.637965408329999928e+00,-2.305303735249999986e-01,-9.478553187139999281e+00,1.117383036759999997e-02,1.156945805999999924e-02,-2.017731312659999925e-03,1.000000000000000000e+00
1.405155868999999891e+00,-2.573760647190000306e+00,-2.421680034189999942e-01,-9.415229592750000265e+00,-9.938242845239999429e-03,6.774059496819999880e-03,-1.361893955620000049e-04,1.000000000000000000e+00
1.410145897999999898e+00,-2.617070796599999749e+00,-2.588194794199999982e-01,-9.429597140789999443e+00,1.346797123549999843e-02,8.247840218249999009e-03,5.980627611280000221e-03,1.000000000000000000e+00
1.415362506999999992e+00,-2.604332603320000050e+00,-2.481947528950000093e-01,-9.444766068350000765e+00,4.465191625060000585e-03,-1.943125389520000321e-04,-1.653569750489999922e-03,1.000000000000000000e+00
1.420137245000000048e+00,-2.621504102879999909e+00,-2.411241934549999966e-01,-9.455346499079999134e+00,-4.545938223600000730e-03,-4.065968096259999637e-03,-4.149686545129999821e-03,1.000000000000000000e+00
1.425225321999999961e+00,-2.632197346329999910e+00,-2.244233070879999847e-01,-9.455091063010002017e+00,-5.511650815609999560e-03,1.420554332440000095e-02,-7.765361107890000891e-03,1.000000000000000000e+00
1.430231723999999982e+00,-2.672119314609999741e+00,-2.052475367740000112e-01,-9.445206213340000545e+00,6.025853566829999890e-03,8.353532291950000951e-03,6.045366171749999356e-04,1.000000000000000000e+00
1.435163710000000092e+00,-2.609272690070000067e+00,-2.517993167260000331e-01,-9.458388935519998597e+00,1.257131993770000018e-02,-5.221417173739999716e-03,-1.614999771120000094e-02,1.000000000000000000e+00
1.440094457000000050e+00,-2.626871475129999745e+00,-2.389461735619999860e-01,-9.478063357799999977e+00,1.230454165490000099e-02,3.242364153270000174e-03,-1.531232800329999921e-02,1.000000000000000000e+00
1.445319395999999923e+00,-2.591995392059999848e+00,-2.758516618340000059e-01,-9.460230179470000778e+00,2.552285790440000229e-02,5.101934075359999300e-03,-5.693147890270000913e-03,1.000000000000000000e+00
1.450252917000000030e+00,-2.600349086650000086e+00,-2.767268372330000115e-01,-9.442231581439999744e+00,-9.238334605470000481e-04,8.352860808370001292e-03,-1.436831336469999998e-02,1.000000000000000000e+00
1.455157529000000061e+00,-2.649891992970000221e+00,-2.649219427469999832e-01,-9.457480588500001062e+00,7.976375520230000529e-03,-6.192345172169999752e-03,-3.809697693210000163e-03,1.000000000000000000e+00
1.460249753000000039e+00,-2.639110486720000370e+00,-2.398385740910000119e-01,-9.445709486680000211e+00,1.049696840349999966e-02,4.132810514420000303e-03,8.656263817099999619e-04,1.000000000000000000e+00
1.465319599000000084e+00,-2.633915256159999885e+00,-2.731450332240000223e-01,-9.464439321600000454e+00,8.893083781000000326e-03,-6.352251861240000054e-03,-1.997942477459999783e-02,1.000000000000000000e+00
1.470109786000000085e+00,-2.689254866069999750e+00,-2.798969186370000028e-01,-9.409091528380001179e+00,1.125542633239999882e-02,1.377423666420000102e-02,8.354925084860000128e-04,1.000000000000000000e+00
1.475141559000000102e+00,-2.624042973699999948e+00,-2.731691812840000289e-01,-9.447908458029999679e+00,3.736155573280000412e-03,3.971327561889999996e-03,-1.228906796310000023e-03,1.000000000000000000e+00
1.480079896999999978e+00,-2.581328744349999926e+00,-2.338863146229999967e-01,-9.431225034260000584e+00,-8.977940306069999432e-03,5.057074129579999452e-03,-8.863867260520000638e-03,1.000000000000000000e+00
1.485142205000000049e+00,-2.576996560370000022e+00,-2.815380003750000415e-01,-9.437034012799999871e+00,5.318219307810000476e-03,1.798344217240000278e-02,-1.544432528319999998e-02,1.000000000000000000e+00
1.490115893000000025e+00,-2.613933667620000012e+00,-2.088602473779999913e-01,-9.435490875010000167e+00,1.463782042260000030e-03,-2.319012023509999659e-02,-1.845362782479999936e-02,1.000000000000000000e+00
1.495198655999999904e+00,-2.638127320900000239e+00,-2.086745520799999920e-01,-9.409562653029999169e+00,1.633556373420000027e-02,-1.371301710609999997e-03,-3.601926611739999454e-03,1.000000000000000000e+00
1.500273522000000082e+00,-2.613673847640000325e+00,-2.516193753150000045e-01,-9.433619820439998804e+00,1.618548063559999963e-03,-9.555721655490000480e-03,-1.319563575089999913e-02,1.000000000000000000e+00
1.505059260999999982e+00,-2.634516729180000016e+00,-2.059439398059999815e-01,-9.381274716169999195e+00,-2.577290637419999905e-03,1.401847228409999931e-02,-1.537144277239999891e-02,1.000000000000000000e+00
1.510344804000000041e+00,-2.633329565229999947e+00,-2.614044544119999980e-01,-9.457890922869999883e+00,-1.750486204400000063e-03,1.744104549290000084e-02,-6.516460329289999742e-03,1.000000000000000000e+00
1.515122837999999916e+00,-2.609185304049999932e+00,-2.445832844000000172e-01,-9.433319376189999161e+00,-1.226387359200000089e-02,9.797289036209999233e-03,-3.700107336039999868e-03,1.000000000000000000e+00
1.520202972999999957e+00,-2.648541747409999925e+00,-2.505206020269999945e-01,-9.446575163600000380e+00,1.081494241949999997e-02,8.429507724939999669e-03,1.425042049960000175e-03,1.000000000000000000e+00
1.525135628999999993e+00,-2.601082369359999813e+00,-2.302725080400000179e-01,-9.430904131739998419e+00,1.445705629889999962e-02,1.745043322440000336e-02,-2.205335535110000255e-03,1.000000000000000000e+00
1.530200514999999983e+00,-2.630812613970000324e+00,-2.075975522320000211e-01,-9.430483860499998983e+00,-7.573379669339999967e-03,6.784087978300000314e-03,-8.645437192170000356e-04,1.000000000000000000e+00
1.535215417000000082e+00,-2.637163152040000291e+00,-1.790116005479999994e-01,-9.429266301410001105e+00,1.568296179179999930e-02,4.278154578060000199e-03,-3.183840308340000189e-04,1.000000000000000000e+00
1.540202485000000010e+00,-2.597747964240000318e+00,-1.909013055079999965e-01,-9.425805931819999373e+00,2.921169158070000167e-03,2.393713034690000269e-02,-1.629697717729999829e-02,1.000000000000000000e+00
1.545247181999999997e+00,-2.631177647889999971e+00,-1.875774948470000092e-01,-9.464462702469999655e+00,-7.383120246229999892e-03,1.593753881749999934e-02,-2.807012945409999641e-02,1.000000000000000000e+00
1.550087867000000008e+00,-2.687851136749999981e+00,-2.381941130859999978e-01,-9.401026295350000339e+00,1.920834369959999871e-02,9.277860634030000997e-03,-8.226620964709999845e-03,1.000000000000000000e+00
1.555147398999999986e+00,-2.617892049859999570e+00,-3.252949802430000203e-01,-9.421439553300000824e+00,-8.709211833779999593e-03,2.153244242070000147e-02,-1.076676789670000071e-02,1.000000000000000000e+00
1.560326754000000093e+00,-2.653286603849999814e+00,-3.479641638970000228e-01,-9.425158866089999421e+00,1.028553489600000058e-02,7.097981870170000677e-05,1.003664825110000061e-02,1.000000000000000000e+00
1.565216146000000030e+00,-2.601854522770000067e+00,-2.304112041250000187e-01,-9.450902379149999533e+00,3.685267176479999768e-03,1.696106605229999800e-02,1.889215549450000116e-03,1.000000000000000000e+00
1.570128248000000060e+00,-2.578841603709999930e+00,-2.161646703730000230e-01,-9.444517646550000478e+00,-6.390642840419999415e-03,-5.274123512209999594e-03,-6.276798434560000930e-03,1.000000000000000000e+00
1.575192348999999936e+00,-2.607453365690000080e+00,-2.295176710850000135e-01,-9.477676404310001246e+00,1.472752168770000147e-02,3.060541581360000461e-03,-2.451438922440000046e-03,1.000000000000000000e+00
1.580240829999999930e+00,-2.625961082289999915e+00,-2.758103617089999737e-01,-9.468831419069999811e+00,1.143288891759999988e-02,8.767788298429999780e-03,8.002986200149999133e-03,1.000000000000000000e+00
1.585242263999999901e+00,-2.582524091619999851e+00,-2.995129435319999756e-01,-9.462440256729999888e+00,7.291075307879999433e-03,1.397114619609999935e-02,-8.145431056620000207e-03,1.000000000000000000e+00
1.590219569000000055e+00,-2.595503692440000343e+00,-2.959622470470000266e-01,-9.452570020099999581e+00,-1.135056931529999924e-02,1.192248798910000053e-02,-2.993822330610000030e-03,1.000000000000000000e+00
1.595240243999999974e+00,-2.581747262029999934e+00,-2.443150436510000134e-01,-9.402306398289999478e+00,-2.233006060119999744e-03,2.634783834219999940e-02,-1.411620806900000004e-02,1.000000000000000000e+00
1.600232365999999962e+00,-2.602606217920000020e+00,-2.576706747109999696e-01,-9.439287929199998928e+00,3.421556204559999658e-03,-2.384123858059999934e-03,-1.293964032079999993e-02,1.000000000000000000e+00
1.605088225000000035e+00,-2.573030871609999881e+00,-2.317132996990000082e-01,-9.451096440419998856e+00,-1.604327931999999929e-02,9.661315009000000578e-03,-1.139460410920000236e-02,1.000000000000000000e+00
1.610147664000000090e+00,-2.615729903390000111e+00,-2.278486784259999842e-01,-9.430693703860001165e+00,-1.780593022699999972e-02,1.579188555479999964e-02,-5.099870730189999882e-03,1.000000000000000000e+00
1.615075789000000039e+00,-2.574455059190000394e+00,-2.482126538780000113e-01,-9.430532375820000368e+00,-3.680809866639999511e-03,-1.101153809579999941e-02,7.250502239910000968e-04,1.000000000000000000e+00
1.620006775000000010e+00,-2.558519238909999771e+00,-2.425606925310000161e-01,-9.460676754189998761e+00,6.986150983720000422e-03,9.251832962040001246e-03,3.309973282739999724e-03,1.000000000000000000e+00
1.625249726000000061e+00,-2.549835289459999821e+00,-2.258632950290000163e-01,-9.459333522889998846e+00,-1.002831012010000147e-02,5.586968734859999557e-03,-3.275076160210000243e-03,1.000000000000000000e+00
1.630194928000000099e+00,-2.537751468429999768e+00,-2.462469615619999885e-01,-9.478262095239999852e+00,-2.320501254869999658e-03,7.416204549369999170e-03,-1.621410436929999685e-02,1.000000000000000000e+00
1.635033468999999906e+00,-2.650236276359999810e+00,-2.532452960170000211e-01,-9.472703876589999794e+00,-9.103000164030001368e-03,-1.546390121799999908e-03,1.533763762560000007e-02,1.000000000000000000e+00
1.640136679999999902e+00,-2.533586749969999996e+00,-2.198388105750000154e-01,-9.454307803680000788e+00,-2.092417702079999928e-02,1.305297389629999846e-02,-4.355701617899999413e-03,1.000000000000000000e+00
1.645171077000000093e+00,-2.626623345590000103e+00,-2.065086427510000044e-01,-9.443609299530001167e+00,-3.941426984970000137e-03,4.366635810579999610e-03,1.550083747130000071e-03,1.000000000000000000e+00
1.650193878000000058e+00,-2.589332018069999908e+00,-2.170726155310000183e-01,-9.431320311329999484e+00,-2.228188142180000109e-02,1.464358530939999931e-02,-1.650681905450000070e-02,1.000000000000000000e+00
1.655039182000000109e+00,-2.578454942480000067e+00,-2.577089791609999958e-01,-9.421384608239998570e+00,-1.549002714459999860e-02,-2.009991742670000012e-02,-1.649002078920000253e-04,1.000000000000000000e+00
1.660200373999999979e+00,-2.604558521029999962e+00,-2.888867557020000087e-01,-9.471007009550000078e+00,-3.292616922410000323e-03,-5.663609132169999776e-03,4.145324230189999584e-03,1.000000000000000000e+00
1.665160205999999921e+00,-2.589149062720000227e+00,-2.956741508199999813e-01,-9.432642499840000028e+00,-6.425908766689998955e-03,-4.564497619869999773e-03,-1.843157107940000036e-03,1.000000000000000000e+00
1.670197324000000094e+00,-2.641659294420000137e+00,-2.543312280900000277e-01,-9.469660855639999042e+00,-1.091579627249999844e-02,-9.202833753080001027e-04,1.434989366679999961e-02,1.000000000000000000e+00
1.675136170999999896e+00,-2.558341836519999912e+00,-2.397350041180000002e-01,-9.428300671239998820e+00,-7.136776577680000247e-03,8.572066202759999476e-03,-6.879253312949999352e-03,1.000000000000000000e+00
1.680319163000000060e+00,-2.636322901820000286e+00,-2.171400730109999955e-01,-9.441861579079999345e+00,-1.126321870829999870e-02,-7.170774973930000434e-03,-4.372242372479999244e-03,1.000000000000000000e+00
1.685179320999999897e+00,-2.635799170209999875e+00,-1.802701127099999856e-01,-9.445478600539999547e+00,-2.532577887180000042e-02,-1.592274382709999922e-02,-6.102114915850000501e-03,1.000000000000000000e+00
1.690021844000000106e+00,-2.598426301890000012e+00,-2.432500265019999774e-01,-9.432328027060000508e+00,-8.361393585800000472e-03,8.014637045560000020e-03,-1.945663616059999795e-02,1.000000000000000000e+00
1.695185935999999893e+00,-2.606396257850000175e+00,-4.290821389869999836e-01,-9.569265139199998771e+00,1.446534506979999836e-02,-2.884490881119999850e-03,1.101189386100000049e-02,1.000000000000000000e+00
1.700081734999999927e+00,-2.522448977619999866e+00,-4.831774113869999887e-01,-9.485063007429999971e+00,2.097675763069999783e-02,9.504873305559999666e-03,1.421672757709999992e-02,1.000000000000000000e+00
1.705120101999999971e+00,-2.540633453609999926e+00,-4.305420554709999958e-01,-9.580229016289999677e+00,3.599372506140000039e-02,4.873549565670000014e-03,3.614826127890000129e-02,1.000000000000000000e+00
1.710108278999999953e+00,-2.424014322359999696e+00,-3.643393985059999451e-01,-9.877124635199999503e+00,1.444471813739999812e-02,-2.797915972769999746e-02,2.924511395390000032e-02,1.000000000000000000e+00
1.715114365000000030e+00,-2.215177802909999993e+00,-2.150717240379999839e-01,-9.845960266129999638e+00,3.426223248239999852e-02,-2.393235079939999913e-02,4.036736488340000178e-02,1.000000000000000000e+00
1.720119372000000091e+00,-2.313661850279999932e+00,-4.312386594329999934e-01,-9.467268407539998876e+00,5.551754683260000378e-02,-4.351174086330000107e-02,1.565347611900000033e-02,1.000000000000000000e+00
1.725172978000000024e+00,-2.516522510180000172e+00,-4.199109174719999893e-01,-9.458148112499999982e+00,5.018635094169999339e-02,-4.710505157710000168e-02,1.700252294540000042e-02,1.000000000000000000e+00
1.730250749000000088e+00,-2.649611130200000275e+00,5.075413614620000180e-02,-9.414905767620000532e+00,4.433820024130000897e-02,-6.535243242980000311e-02,2.182525023820000229e-02,1.000000000000000000e+00
1.735017723999999983e+00,-2.744702612520000251e+00,-1.181502315460000035e-01,-9.212911953680000821e+00,1.286221202460000046e-02,-5.935777723789999877e-02,-1.442532800139999932e-02,1.000000000000000000e+00
1.740071670000000070e+00,-2.732969796889999969e+00,-8.086909297519999651e-01,-9.238855373230000723e+00,1.826045103370000158e-02,-5.602872371669999352e-02,4.114029929040000262e-03,1.000000000000000000e+00
1.745054488000000070e+00,-2.790868443629999973e+00,-1.006399394520000046e+00,-9.566263619299999021e+00,1.178570650520000158e-02,-2.918116562070000031e-02,2.384831756350000095e-02,1.000000000000000000e+00
1.750238898999999959e+00,-2.663080560370000072e+00,-6.537688827839999162e-01,-9.577968085619998462e+00,2.530644647779999729e-02,-2.320123603570000293e-03,5.514069646599999847e-02,1.000000000000000000e+00
1.755183924000000006e+00,-2.475695409759999688e+00,-4.649302819589999913e-01,-9.546872690129999839e+00,5.577113851900000058e-02,-2.280794829129999951e-02,6.997255235910000704e-02,1.000000000000000000e+00
1.760099875999999952e+00,-2.710083426819999808e+00,-4.580152418740000009e-01,-9.394549792810000355e+00,6.166261062030000545e-02,-4.567124694590000283e-02,8.502430468800001306e-02,1.000000000000000000e+00
1.765252255999999909e+00,-2.878327531370000081e+00,-1.046291716590000004e-01,-9.329050023420000670e+00,3.967677429319999699e-02,-3.194842487570000167e-02,8.087880164379999959e-02,1.000000000000000000e+00
1.770249202000000022e+00,-2.974891132070000221e+00,2.245084098220000157e-01,-9.274683642460001209e+00,4.049060866240000028e-02,-4.821040481330000210e-02,7.262437790630001111e-02,1.000000000000000000e+00
1.775243772999999914e+00,-2.864461503109999807e+00,-2.333807397210000134e-01,-9.242215205049999938e+00,4.459704831240000195e-02,-1.674784347410000068e-02,4.031468182799999994e-02,1.000000000000000000e+00
1.780164459999999949e+00,-2.694791457410000035e+00,-3.892806918110000569e-01,-9.299861922859999908e+00,2.993938140570000239e-02,1.764224842190000378e-02,3.116449899970000215e-02,1.000000000000000000e+00
1.785136150000000033e+00,-2.598178172349999926e+00,-4.304673462670000061e-01,-9.329770154389999348e+00,4.407371208069999630e-02,1.628100872039999966e-02,4.192407429219999898e-02,1.000000000000000000e+00
1.790248601000000050e+00,-2.719749080789999773e+00,-4.988726643760000301e-01,-9.440898287010000445e+00,2.528670988979999854e-02,2.689159288999999967e-02,6.393869966269999372e-02,1.000000000000000000e+00
1.795232873000000007e+00,-2.891547370690000118e+00,-3.525010401420000106e-01,-9.374368590050000449e+00,3.277555480600000126e-02,2.381302230059999941e-02,7.663676142689998527e-02,1.000000000000000000e+00
1.800181897000000086e+00,-2.914906911229999675e+00,-1.078795426239999994e-01,-9.303207141630000621e+00,2.237436734140000466e-02,1.824978739020000074e-02,7.773403823379999855e-02,1.000000000000000000e+00
1.805032552999999984e+00,-2.781483067909999995e+00,-3.028460426100000082e-03,-9.516786763949999894e+00,1.906899735329999762e-02,5.900355987250000857e-03,6.076304987069999775e-02,1.000000000000000000e+00
1.810057223000000048e+00,-2.881673042410000107e+00,1.191279266049999896e-01,-9.735543496639998295e+00,6.128788739440000494e-02,1.761154271659999895e-02,4.554603993890000285e-02,1.000000000000000000e+00
1.815076839000000053e+00,-3.208656925590000153e+00,3.333836809179999833e-02,-9.611009354480000155e+00,8.037824928759999821e-02,4.742962867020000112e-02,3.304247185590000052e-02,1.000000000000000000e+00
1.819998919000000104e+00,-3.115651601890000233e+00,-1.246116095799999907e-01,-9.532277763069998855e+00,1.001335680479999990e-01,7.772179692980001053e-02,3.480576723809999939e-02,1.000000000000000000e+00
1.824973962999999921e+00,-2.797258436929999981e+00,-3.123268506640000108e-01,-9.395620052389999088e+00,1.004501432179999848e-01,1.032814905050000037e-01,1.139251329000000139e-02,1.000000000000000000e+00
1.829952942000000027e+00,-2.613646667370000287e+00,-1.309229755509999926e-01,-9.511745847169999379e+00,9.908923506739999998e-02,1.353547573090000122e-01,3.723260248080000057e-03,1.000000000000000000e+00
1.835114338999999983e+00,-2.303545676069999715e+00,7.372314756369999222e-02,-9.508362049949999673e+00,8.114930987360000070e-02,1.025371253490000023e-01,3.060766262930000176e-03,1.000000000000000000e+00
1.840203400999999905e+00,-2.213202995709999676e+00,1.182011488829999984e-01,-9.423754259989999937e+00,8.433849364520000502e-02,9.749946743250000047e-02,-5.971299484370000063e-03,1.000000000000000000e+00
1.848590461999999990e+00,-2.269788075629999735e+00,1.166966717369999906e-01,-9.482972172629999363e+00,8.453114330769999352e-02,7.231356203560000695e-02,-1.434306986629999871e-02,1.000000000000000000e+00
1.850027985000000097e+00,-2.477282678949999983e+00,6.110636358910000697e-03,-9.416082994710000875e+00,9.420499205589998037e-02,5.880845338110000237e-02,-8.646280504760000402e-03,1.000000000000000000e+00
1.855018250000000091e+00,-2.493347678559999725e+00,-1.876503591539999960e-01,-9.426111052239999566e+00,8.484118431810000471e-02,5.281502753499999619e-02,-2.443610876800000192e-02,1.000000000000000000e+00
1.860002780000000078e+00,-2.524091191870000195e+00,-2.543884929690000130e-01,-9.443352109899999292e+00,9.188272058959999489e-02,3.156473487620000545e-02,-2.758132293820000219e-02,1.000000000000000000e+00
1.864892612000000005e+00,-2.460240943250000090e+00,-2.294690827030000102e-01,-9.431713694560000860e+00,7.188931852580000836e-02,4.195936769249999920e-02,-4.047968983650000047e-02,1.000000000000000000e+00
1.869935885999999936e+00,-2.509695294509999730e+00,-2.368571836599999980e-01,-9.460321364880000417e+00,9.324499964710000754e-02,5.098518729209999822e-02,-2.764508500700000107e-02,1.000000000000000000e+00
1.874976207000000006e+00,-2.507266606059999958e+00,-2.307810786169999795e-01,-9.444895247689998996e+00,8.654164522889999656e-02,3.290580213069999732e-02,-1.538698747750000088e-02,1.000000000000000000e+00
1.880066575999999934e+00,-2.511619248309999719e+00,-2.220970012980000019e-01,-9.418829078539999955e+00,8.124323189260000688e-02,5.498095601800000176e-02,-1.969369687140000089e-02,1.000000000000000000e+00
1.885021644999999912e+00,-2.452069327240000263e+00,-3.550837866439999768e-01,-9.383843105360000436e+00,8.029031008480000398e-02,4.922971874480000509e-02,-4.442519694569999067e-02,1.000000000000000000e+00
1.890187786000000036e+00,-2.482983228680000209e+00,-4.104469600890000014e-01,-9.440775537410001306e+00,8.313673734660000092e-02,2.989015541970000203e-02,-3.137963265180000044e-02,1.000000000000000000e+00
1.895150096000000062e+00,-2.509585988920000066e+00,-4.588082554150000325e-01,-9.540012741230000870e+00,7.310299575330000965e-02,2.337418682870000264e-02,-1.568836346270000015e-02,1.000000000000000000e+00
1.900132659999999918e+00,-2.498989483839999970e+00,-4.441867326049999676e-01,-9.518519286830001036e+00,7.619252055879999208e-02,1.904798857870000292e-02,-2.843068912630000028e-02,1.000000000000000000e+00
1.905180615999999993e+00,-2.605535841630000071e+00,-3.846520090969999806e-01,-9.545195112310000951e+00,6.917808204889999701e-02,1.176929473879999993e-02,-2.849464491009999836e-02,1.000000000000000000e+00
1.910359691000000026e+00,-2.645010942929999942e+00,-4.263668886789999668e-01,-9.429519983909999681e+00,7.766217738389999403e-02,7.782162167129999530e-03,-2.325540594759999830e-02,1.000000000000000000e+00
1.915265377000000102e+00,-2.565207046120000278e+00,-5.299566982190000441e-01,-9.411804878989999068e+00,7.488851994280000535e-02,2.156411111349999798e-02,-2.170255407690000263e-02,1.000000000000000000e+00
1.920119844000000020e+00,-2.499919458169999942e+00,-4.850631520690000253e-01,-9.416665178510001510e+00,6.073112785819999998e-02,1.729361526670000065e-02,-1.586695201689999890e-02,1.000000000000000000e+00
1.925200937999999917e+00,-2.438195261790000234e+00,-4.415286193119999925e-01,-9.436179441789999345e+00,6.477027386429999589e-02,1.130117662250000078e-02,2.138503128660000120e-03,1.000000000000000000e+00
1.930164919999999951e+00,-2.515982411959999610e+00,-3.309838760669999713e-01,-9.497671144589999059e+00,4.905404150489999643e-02,-7.741659879680000411e-03,-5.264190025629999180e-03,1.000000000000000000e+00
1.935079618000000057e+00,-2.601900700000000288e+00,-3.095393388369999665e-01,-9.537671731070000547e+00,3.799686580899999666e-02,-1.609664410350000047e-02,-2.303319610659999850e-02,1.000000000000000000e+00
1.940117182999999912e+00,-2.670155028799999997e+00,-4.088454066439999868e-01,-9.480914071060000836e+00,4.220771417019999333e-02,2.836431376639999939e-03,-5.518076010050000993e-03,1.000000000000000000e+00
1.945217801000000080e+00,-2.605038998029999942e+00,-4.937167794499999762e-01,-9.522536705780000332e+00,4.171373322609999573e-02,1.940475776790000044e-03,-1.280910708009999968e-02,1.000000000000000000e+00
1.950157394999999960e+00,-2.836422572580000079e+00,-4.353985190590000109e-01,-9.748324652280000890e+00,7.543963193889999252e-02,7.852483540769999255e-04,-1.604374684389999958e-02,1.000000000000000000e+00
1.955240405000000070e+00,-2.845235116850000079e+00,-3.393860129049999785e-01,-9.512766422389999477e+00,6.531610339879999338e-02,-1.656233146789999958e-02,-1.549773104490000109e-02,1.000000000000000000e+00
1.960377121999999916e+00,-2.875193032739999932e+00,-1.718024546209999948e-01,-9.532719077100001215e+00,6.542944163080000042e-02,-8.557565510270001216e-03,-5.645823664959999724e-03,1.000000000000000000e+00
1.965240886999999992e+00,-2.742363355920000245e+00,-1.915280956370000176e-01,-9.428526881210000710e+00,6.754377484319999680e-02,8.116796612740000139e-03,-5.573145579549999840e-03,1.000000000000000000e+00
1.970167710999999988e+00,-2.558457571860000002e+00,-2.720677593809999739e-01,-9.313929611180000734e+00,7.886490225789999364e-02,3.196434676650000001e-02,-7.025142200289999708e-03,1.000000000000000000e+00
1.975218351000000094e+00,-2.335692041909999794e+00,-2.221757656230000100e-01,-9.365050142080001194e+00,6.786295771599999693e-02,4.266606271269999390e-02,-6.413684226569999966e-03,1.000000000000000000e+00
1.980321685999999914e+00,-2.289348662279999669e+00,-2.749326107599999736e-01,-9.246255420349999810e+00,6.479372084140000432e-02,3.169568628069999866e-02,7.507346570490000537e-03,1.000000000000000000e+00
1.985222475000000042e+00,-2.306217817889999910e+00,-3.034178054830000137e-01,-9.246706086730000607e+00,7.435740530489999556e-02,1.662418618800000011e-02,2.063762024040000087e-02,1.000000000000000000e+00
1.990177823000000012e+00,-2.233198466640000213e+00,-3.128658529109999975e-01,-9.239441648689998843e+00,5.132217332719999497e-02,-1.126028690489999998e-02,-4.152789711950000302e-03,1.000000000000000000e+00
1.995318417000000011e+00,-2.299803859190000299e+00,-3.295101137199999974e-01,-9.368667748060001799e+00,5.238996446130000234e-02,-4.561538808050000574e-03,1.384995970879999982e-02,1.000000000000000000e+00
2.000260300999999963e+00,-2.313227112129999874e+00,-2.431240620349999770e-01,-9.447297632659999778e+00,6.002729758619999856e-02,-2.662712149319999833e-02,5.128967575730000034e-03,1.000000000000000000e+00
2.005127819000000144e+00,-2.334145396989999899e+00,-2.429016514559999840e-01,-9.430005721599998836e+00,5.592992156740000248e-02,-3.004208207129999836e-02,-3.271016990770000184e-03,1.000000000000000000e+00
2.010233830999999860e+00,-2.409328356009999617e+00,-2.556201353889999695e-01,-9.267646583430000362e+00,6.033536046739999825e-02,-3.469113260509999741e-02,5.434541031720000089e-03,1.000000000000000000e+00
2.015169254999999993e+00,-2.306514316609999948e+00,-2.228506509430000226e-01,-9.158143421660000172e+00,5.120870470999999702e-02,-3.196613490579999772e-02,3.628023667260000477e-03,1.000000000000000000e+00
2.020125107999999781e+00,-2.349739856490000278e+00,-3.070249813959999852e-01,-9.271491568420000107e+00,4.562254250049999765e-02,-6.121637672190000101e-02,1.390783954409999940e-02,1.000000000000000000e+00
2.025232118999999997e+00,-2.430597792399999957e+00,-5.918775131460000116e-01,-9.380887178160001838e+00,4.033779725429999935e-02,-6.296586245299999607e-02,1.167339924719999929e-02,1.000000000000000000e+00
2.030377797999999956e+00,-2.579039464370000090e+00,-6.496141011920000263e-01,-9.364074575049999183e+00,4.361171275380000545e-02,-5.117276310919999932e-02,2.793626114729999901e-02,1.000000000000000000e+00
2.035045549999999981e+00,-2.580471835260000013e+00,-6.595670476680000061e-01,-9.296992504900000398e+00,2.684780769049999877e-02,-7.956577092410001273e-02,2.055642753840000031e-02,1.000000000000000000e+00
2.040221057000000116e+00,-2.563080847740000223e+00,-6.837569746160000461e-01,-9.331080652460000735e+00,1.921886205670000208e-02,-7.506122440100000681e-02,1.931338012220000164e-02,1.000000000000000000e+00
2.045240343000000127e+00,-2.543914374979999948e+00,-6.759728235459999679e-01,-9.393205392460000525e+00,1.448488887399999869e-02,-6.400967389349999925e-02,8.877883665259999474e-03,1.000000000000000000e+00
2.050287917999999987e+00,-2.670167596020000200e+00,-6.437469627240000047e-01,-9.559872456960000875e+00,4.679779987779999519e-03,-7.753379642960001039e-02,1.100185513499999865e-02,1.000000000000000000e+00
2.055179145999999957e+00,-2.881344833370000025e+00,-4.523940044590000209e-01,-9.506455339549999550e+00,6.919155362990000654e-03,-6.814771145580000855e-02,3.887089341880000520e-02,1.000000000000000000e+00
2.060232865000000135e+00,-2.759590677309999851e+00,-2.827529473889999756e-01,-9.398356783880000620e+00,-2.289457770530000269e-04,-6.846293807030000289e-02,3.305368125440000249e-02,1.000000000000000000e+00
2.065382227000000182e+00,-2.581920865029999845e+00,-2.951645573300000214e-01,-9.393294239790000333e+00,1.142660807819999985e-02,-5.028117448089999830e-02,1.645289920270000261e-02,1.000000000000000000e+00
2.070043289000000009e+00,-2.527588678600000360e+00,-4.014337056149999694e-01,-9.411274133119999163e+00,9.870080277320000123e-03,-3.989819437269999380e-02,7.848365232350001594e-03,1.000000000000000000e+00
2.075227401999999888e+00,-2.581517544930000074e+00,-3.621941301059999896e-01,-9.423893376200000560e+00,4.061117768289999701e-03,-2.707625739280000027e-02,1.301218103620000247e-02,1.000000000000000000e+00
2.080199718999999892e+00,-2.667354292159999751e+00,-3.610379092759999908e-01,-9.465384493489999329e+00,7.636944064869999674e-05,-4.785573482509999227e-02,1.553638558830000051e-02,1.000000000000000000e+00
2.085025218999999819e+00,-2.744623409809999970e+00,-3.304747940339999857e-01,-9.401354212130000221e+00,1.044649165120000063e-02,-4.847498238089999884e-02,1.875456236300000051e-02,1.000000000000000000e+00
2.090111530999999800e+00,-2.726272052820000180e+00,-3.776252157329999526e-01,-9.483719776130000056e+00,1.686044782400000080e-02,-5.258368700740000123e-02,1.943257451059999738e-02,1.000000000000000000e+00
2.095310083000000212e+00,-2.625420984059999796e+00,-3.955523194259999431e-01,-9.457502215810000834e+00,1.477669924500000023e-02,-3.781318664549999931e-02,1.310766581449999968e-02,1.000000000000000000e+00
2.100166768999999878e+00,-2.574137663809999754e+00,-4.744223329260000011e-01,-9.476467028520000113e+00,1.318867504600000108e-02,-3.306408226489999935e-02,9.240404702719999183e-03,1.000000000000000000e+00
2.105130841999999891e+00,-2.541758950509999782e+00,-5.092714914560000361e-01,-9.502332706660000738e+00,7.014835719020000304e-03,-4.547903686759999925e-02,7.457084022460000114e-03,1.000000000000000000e+00
2.110170441000000174e+00,-2.488771164429999683e+00,-5.890946774949999964e-01,-9.499433478089999383e+00,-1.267904601989999942e-02,-3.975990414619999525e-02,5.776069592680000342e-04,1.000000000000000000e+00
2.115279906000000043e+00,-2.468069444920000244e+00,-8.044866829950000353e-01,-9.486474627789998948e+00,1.639369316399999846e-02,-4.950045794249999936e-02,1.311026047920000118e-02,1.000000000000000000e+00
2.120212459000000216e+00,-2.420086189130000065e+00,-8.814485613189999569e-01,-9.447606844739999232e+00,6.758150993849998704e-04,-4.642698913809999856e-02,-1.229167683050000001e-03,1.000000000000000000e+00
2.125128491999999980e+00,-2.530221072929999870e+00,-6.608763036360000287e-01,-9.407240932080000562e+00,-1.437645498659999993e-02,-6.159390509129999969e-02,1.623890548939999762e-02,1.000000000000000000e+00
2.130127871000000006e+00,-2.608926360849999959e+00,-3.955328840739999463e-01,-9.438411730889999518e+00,-1.661300100390000062e-02,-7.185702025889999234e-02,2.230045758189999963e-02,1.000000000000000000e+00
2.135020053999999945e+00,-2.658414614379999819e+00,-2.985260331199999784e-01,-9.396153720880001003e+00,-2.164763212200000037e-02,-6.712332367899999375e-02,1.174493785949999938e-02,1.000000000000000000e+00
2.140005270000000070e+00,-2.686347746449999629e+00,-2.371342653020000191e-01,-9.439073409669999748e+00,-8.691301569339998992e-03,-5.570767819880000082e-02,2.806925401090000147e-02,1.000000000000000000e+00
2.145001708000000118e+00,-2.609161338649999884e+00,-2.706215608950000018e-01,-9.583010171439999780e+00,8.407467394139999349e-04,-6.107845157380000639e-02,2.286072634159999964e-02,1.000000000000000000e+00
2.150220754999999873e+00,-2.731265331059999912e+00,-2.864316176350000243e-01,-9.526344865889999625e+00,2.606097236280000007e-02,-6.093781441449999670e-02,2.982903458180000134e-02,1.000000000000000000e+00
2.154948436999999828e+00,-2.557494279779999768e+00,-3.009037037710000084e-01,-9.354898165899999896e+00,2.816992066800000014e-02,-5.048530548809999907e-02,1.846895925700000121e-02,1.000000000000000000e+00
2.160038029999999942e+00,-2.480062080530000213e+00,-4.618145245589999615e-01,-9.215801829900000186e+00,1.502276118839999952e-02,-5.566266924139999517e-02,1.714038662609999875e-02,1.000000000000000000e+00
2.165042317999999799e+00,-2.410827946920000020e+00,-5.966894069399999445e-01,-9.222890911380000389e+00,8.538885973390000078e-03,-7.505883276460000031e-02,3.797585889700000328e-02,1.000000000000000000e+00
2.170102083999999820e+00,-2.136370662050000035e+00,-7.211877106049999764e-01,-9.351927041139999730e+00,1.203766837720000177e-02,-9.554775804279999618e-02,4.213501140480000601e-02,1.000000000000000000e+00
2.174842969999999820e+00,-2.131560193029999883e+00,-4.865576284100000537e-01,-9.447156178360000212e+00,6.920232437550000691e-03,-1.095420271160000014e-01,5.236917734149999781e-02,1.000000000000000000e+00
2.179824373999999843e+00,-2.285984592670000204e+00,-3.112504536039999992e-01,-9.462698030889999501e+00,-4.296596627680000606e-03,-1.304887682199999954e-01,5.738636478780000799e-02,1.000000000000000000e+00
2.184888060000000021e+00,-2.425634178640000194e+00,-1.861256703370000043e-01,-9.372498119999999489e+00,3.343041520570000456e-03,-1.539146006110000131e-01,4.266519472000000063e-02,1.000000000000000000e+00
2.189932505999999890e+00,-2.591156310890000203e+00,-1.490330802619999895e-01,-9.381108127439999222e+00,9.114020504060000791e-03,-1.762329787019999983e-01,7.058435678480000364e-02,1.000000000000000000e+00
2.195090540999999895e+00,-2.629997790459999596e+00,-2.402369074920000236e-01,-9.361961528420000178e+00,2.324937470259999875e-02,-1.818110942839999966e-01,8.709181845189999105e-02,1.000000000000000000e+00
2.199943520000000152e+00,-2.578452896659999993e+00,-2.243768923959999773e-01,-9.296644714380001062e+00,8.137444034220000719e-03,-1.764320880169999994e-01,1.013512164350000022e-01,1.000000000000000000e+00
2.204888449999999889e+00,-2.600088974400000197e+00,-5.931585659329999954e-02,-9.342192998110000701e+00,9.693583473560000649e-03,-1.774522960190000054e-01,1.096439808610000094e-01,1.000000000000000000e+00
2.209951978999999955e+00,-2.544185008609999521e+00,5.263029614849999704e-02,-9.302907866420000005e+00,3.688148409130000832e-02,-1.909328848119999922e-01,1.184809803959999963e-01,1.000000000000000000e+00
2.214969291000000062e+00,-2.324799622629999618e+00,-2.313315338399999921e-01,-9.312066155389999267e+00,3.055337257679999891e-02,-2.004370689389999849e-01,1.278353780509999815e-01,1.000000000000000000e+00
2.220004773999999959e+00,-2.024490249759999916e+00,-7.999228091460000023e-01,-9.305232509979999733e+00,4.103920981289999742e-02,-2.257562577719999797e-01,1.655623912810000042e-01,1.000000000000000000e+00
2.225041620999999914e+00,-1.997672093199999832e+00,-1.097097975649999890e+00,-9.293973449339999249e+00,2.822440303860000027e-02,-2.094721645120000142e-01,1.762056946750000241e-01,1.000000000000000000e+00
2.230123873999999784e+00,-2.443417088090000355e+00,-1.038838386639999944e+00,-9.323382499179999172e+00,1.750237680970000154e-02,-2.457396090029999869e-01,2.121796756980000032e-01,1.000000000000000000e+00
2.235060731999999994e+00,-2.797847050469999708e+00,-7.313035925589999042e-01,-9.285803586889999295e+00,-2.480390481650000117e-02,-2.646963894370000236e-01,2.131547033790000267e-01,1.000000000000000000e+00
2.240058218000000156e+00,-2.818823787530000402e+00,-5.499148328159999544e-01,-9.222361919069999914e+00,-4.832730442290000816e-02,-2.598203122619999750e-01,2.191167920829999727e-01,1.000000000000000000e+00
2.245133699999999788e+00,-2.799537487779999889e+00,-6.052041738399999149e-01,-9.142643070189999221e+00,-5.782033130530001008e-02,-2.516317069530000228e-01,2.258882671590000113e-01,1.000000000000000000e+00
2.250315592999999836e+00,-2.784930578009999991e+00,-5.935941443390000405e-01,-9.170517750060000139e+00,-4.467098787430000273e-02,-2.143570929769999800e-01,2.312711626289999933e-01,1.000000000000000000e+00
2.255076444000000180e+00,-2.934435203040000051e+00,-4.244783715179999972e-01,-9.338450304450001127e+00,-6.247811391949999876e-02,-2.013092488050000073e-01,2.451213002200000046e-01,1.000000000000000000e+00
2.260338963999999784e+00,-3.076544457129999799e+00,-4.088324010320000257e-01,-9.380622389750000067e+00,-8.416252583270000809e-02,-1.996922045950000058e-01,2.534493207930000325e-01,1.000000000000000000e+00
2.265176218000000130e+00,-3.205742499449999894e+00,-4.364873372090000148e-01,-9.356927625900000933e+00,-9.566721320149998431e-02,-2.084073126319999913e-01,2.298243045809999774e-01,1.000000000000000000e+00
2.270267341999999910e+00,-3.218182878829999982e+00,-4.384653958169999477e-01,-9.154258104660000228e+00,-1.018888056279999982e-01,-1.995011568070000074e-01,2.359923273319999848e-01,1.000000000000000000e+00
2.275038058999999890e+00,-2.846072736720000051e+00,-5.318829170409999918e-01,-9.094977648169999540e+00,-1.104254201050000050e-01,-1.803435385230000021e-01,2.163804918530000121e-01,1.000000000000000000e+00
2.280205721000000185e+00,-2.439595483979999813e+00,-6.409596700930000335e-01,-9.276486307969999956e+00,-9.855001419780000382e-02,-1.664500236510000064e-01,2.146499454980000110e-01,1.000000000000000000e+00
2.285072453999999809e+00,-2.520233055140000289e+00,-5.587485660050000025e-01,-9.563767126310001032e+00,-1.173589006069999940e-01,-1.503331959249999961e-01,2.189116179940000240e-01,1.000000000000000000e+00
2.290142640000000007e+00,-2.920040766990000147e+00,-3.328605566589999953e-01,-9.475933360029999974e+00,-1.460205912589999933e-01,-1.874207109209999889e-01,2.125321775670000191e-01,1.000000000000000000e+00
2.295333019000000085e+00,-3.233491799379999421e+00,-2.129684316149999812e-01,-9.246398628219999694e+00,-1.472787111999999954e-01,-1.980392932889999957e-01,1.756820678709999917e-01,1.000000000000000000e+00
2.300088592999999904e+00,-3.174697372840000309e+00,-1.634711179969999817e-01,-8.974716361020000477e+00,-1.663154512639999916e-01,-1.997267752890000136e-01,1.706650108099999896e-01,1.000000000000000000e+00
2.305107910999999898e+00,-2.756446826330000377e+00,-2.864595285559999871e-01,-8.998803923569999696e+00,-1.492869257929999860e-01,-1.596189588309999963e-01,1.592412739990000103e-01,1.000000000000000000e+00
2.310160025000000061e+00,-2.460344988150000134e+00,-5.484598847680000056e-01,-9.043061582969999179e+00,-1.667619496580000082e-01,-1.362454742190000179e-01,1.568569988010000138e-01,1.000000000000000000e+00
2.315171577000000092e+00,-2.683115048139999903e+00,-5.817316744460000466e-01,-9.432879815730000672e+00,-2.036543786529999844e-01,-1.614852249620000180e-01,1.214658766980000054e-01,1.000000000000000000e+00
2.320115160999999926e+00,-2.969536327040000145e+00,8.165249067470001232e-03,-9.707270757359999891e+00,-2.420120686289999878e-01,-1.693097949029999938e-01,7.430952787399999759e-02,1.000000000000000000e+00
2.325220519000000152e+00,-3.258859464870000000e+00,3.452378442059999553e-01,-9.750658063670000431e+00,-2.650170326229999707e-01,-2.066426426169999941e-01,5.671668797730000655e-02,1.000000000000000000e+00
2.330172083999999977e+00,-3.146387224160000162e+00,2.849098879610000301e-01,-9.845904152020001021e+00,-2.379647642369999982e-01,-2.005051523449999928e-01,-1.403609849510000125e-02,1.000000000000000000e+00
2.335018419999999928e+00,-3.418981637759999526e+00,6.584699366140001064e-02,-9.807933610070000086e+00,-1.891443580390000101e-01,-1.814137697219999901e-01,-3.976580128069999442e-02,1.000000000000000000e+00
2.340106356999999804e+00,-3.433051956429999940e+00,-1.521977068890000007e-02,-9.696095283350000926e+00,-1.416030377150000186e-01,-1.517274975779999979e-01,-6.381134688850000070e-02,1.000000000000000000e+00
2.345145775000000210e+00,-3.286733852479999829e+00,4.449982955839999754e-02,-9.752707397410000922e+00,-1.104259639980000041e-01,-1.169632896780000014e-01,-9.805377572769999328e-02,1.000000000000000000e+00
2.350165254000000203e+00,-3.244795575940000454e+00,2.142620881549999745e-01,-9.894688348939999045e+00,-1.124464645979999927e-01,-1.186218410730000006e-01,-1.122010275720000116e-01,1.000000000000000000e+00
2.355140212999999871e+00,-3.019951047770000230e+00,2.150218570140000063e-01,-9.742934191410000722e+00,-1.128472536799999953e-01,-1.163091659550000018e-01,-1.620078235859999938e-01,1.000000000000000000e+00
2.360247579000000151e+00,-3.042303164829999851e+00,-1.831693047500000116e-01,-9.705807699070000183e+00,-8.579172939060000780e-02,-8.012536168099999856e-02,-1.944999694819999903e-01,1.000000000000000000e+00
2.365076857000000032e+00,-3.412311366219999975e+00,-2.024506177980000265e-01,-9.733069800000000882e+00,-8.264662325379999730e-02,-7.211122661830000891e-02,-2.056777924300000060e-01,1.000000000000000000e+00
2.370154815999999887e+00,-3.075842154080000057e+00,-3.141845708269999649e-01,-9.726308635309999673e+00,-5.592562630769999654e-02,-5.451764911410000164e-02,-2.215466201309999883e-01,1.000000000000000000e+00
2.375378866999999783e+00,-3.086864775610000056e+00,-3.201408488830000398e-01,-9.889168124210000244e+00,-3.940558061000000445e-02,-5.036381632090000671e-02,-2.618773281569999889e-01,1.000000000000000000e+00
2.380154593999999957e+00,-2.884469395130000002e+00,-1.537794710710000123e-01,-9.934019657849999518e+00,-3.898330777880000542e-02,-5.707946419719999581e-02,-2.680349946020000318e-01,1.000000000000000000e+00
2.385226201000000046e+00,-2.709249314090000471e+00,-4.658022424880000067e-01,-1.008317912269999894e+01,-1.585761830210000167e-02,-5.188529938460000046e-02,-3.234527409079999694e-01,1.000000000000000000e+00
2.390029648000000062e+00,-2.748697527379999617e+00,-8.595853237520000301e-01,-9.922686947449999906e+00,-1.400015503170000224e-02,-6.755712628359999972e-02,-3.202888369559999671e-01,1.000000000000000000e+00
2.395369349000000092e+00,-2.732708223349999965e+00,-1.606109793249999917e+00,-9.991189405789999256e+00,-1.248331647370000061e-02,-9.988973289729999316e-02,-3.059125542639999917e-01,1.000000000000000000e+00
2.400160872999999917e+00,-2.798687300690000157e+00,-1.029307099640000001e+00,-1.013851814809999929e+01,3.342397511009999930e-03,-1.286162137989999843e-01,-2.577388882639999879e-01,1.000000000000000000e+00
2.405149721999999990e+00,-2.624255739670000143e+00,-6.103824897930000271e-01,-1.018539329649999914e+01,-2.227026969190000136e-02,-1.906250119210000094e-01,-2.200529128310000082e-01,1.000000000000000000e+00
2.410256121000000196e+00,-2.326285477269999902e+00,-2.701193104610000173e-01,-1.049173771179999903e+01,-1.459235511720000100e-02,-2.240015417339999981e-01,-2.147421240810000187e-01,1.000000000000000000e+00
2.415291253999999999e+00,-2.252322415440000114e+00,-3.134960771060000262e-01,-1.037073349729999983e+01,1.759071834390000047e-02,-3.147244751450000155e-01,-1.880089342590000046e-01,1.000000000000000000e+00
2.420047138999999792e+00,-2.224616077869999931e+00,-5.519058879020000141e-02,-1.033201242919999885e+01,8.828404545780001167e-02,-3.642278313639999987e-01,-1.549417972559999912e-01,1.000000000000000000e+00
2.425158424000000146e+00,-2.533042267829999972e+00,5.039895004989999698e-03,-1.024182537779999969e+01,1.782550811769999799e-01,-4.298226237300000196e-01,-1.305363625289999996e-01,1.000000000000000000e+00
2.430126683000000121e+00,-2.359074963329999886e+00,1.982697153840000115e-01,-1.039310081190000012e+01,2.383767217400000193e-01,-4.880051910880000010e-01,-1.189747080210000058e-01,0.000000000000000000e+00
2.435169151000000198e+00,-1.868754767509999803e+00,4.480846898920000099e-01,-1.087220768589999942e+01,3.078726828100000201e-01,-5.859588980669999669e-01,-1.051119342449999966e-01,0.000000000000000000e+00
2.440097812999999949e+00,-2.093046922500000129e+00,6.187181737989999597e-01,-1.064610059049999968e+01,3.458421826359999729e-01,-6.901625990870000615e-01,-1.132687181230000034e-01,0.000000000000000000e+00
2.445094660000000086e+00,-2.372856235920000056e+00,5.820314245780000562e-01,-1.058188969190000073e+01,4.220449924470000003e-01,-7.862351536750000758e-01,-9.526843577619999170e-02,0.000000000000000000e+00
2.450137756999999805e+00,-2.291331945050000041e+00,4.484728489590000255e-01,-1.072522731870000001e+01,4.772082865239999916e-01,-8.831605911250000052e-01,-7.769856601949999553e-02,0.000000000000000000e+00
2.455359730000000074e+00,-2.106472659650000079e+00,4.136860881409999968e-01,-1.084324813339999949e+01,5.414834022519999790e-01,-9.601618647579999166e-01,-8.872436732049999997e-02,0.000000000000000000e+00
2.460024955000000180e+00,-2.148034065709999663e+00,1.288739157999999885e-01,-1.090442536349999969e+01,5.762013792989999494e-01,-1.061716675760000062e+00,-7.799376547339999244e-02,0.000000000000000000e+00
2.465163935000000084e+00,-2.083187645659999809e+00,-2.071457099610000008e-03,-1.091436457369999857e+01,5.727440714839999725e-01,-1.164955854420000048e+00,-9.687216579910000458e-02,0.000000000000000000e+00
2.470141883999999788e+00,-1.970604784179999847e+00,4.770426532259999797e-02,-1.115260166740000081e+01,5.621589422230000022e-01,-1.311136007310000018e+00,-1.008543446660000037e-01,0.000000000000000000e+00
2.475074942000000000e+00,-2.159439841340000221e+00,2.645621147250000194e-01,-1.129732578009999955e+01,5.349445343020000632e-01,-1.446310043330000017e+00,-6.938190758230000643e-02,0.000000000000000000e+00
2.480173568000000106e+00,-1.802497165490000164e+00,-1.532861345959999899e-01,-1.109308214140000182e+01,5.124315023419999671e-01,-1.583156466479999969e+00,-8.633707463739997978e-02,0.000000000000000000e+00
2.485200863000000204e+00,-2.060001854250000264e+00,-3.450767673260000251e-02,-1.117762154230000071e+01,5.456806421280000485e-01,-1.715206623080000048e+00,-5.075171962380000540e-02,0.000000000000000000e+00
2.490120005000000081e+00,-1.954768624880000027e+00,1.325522115870000073e-01,-1.124278988779999899e+01,5.329365730289999936e-01,-1.821500897409999986e+00,-5.424311012029999629e-02,0.000000000000000000e+00
2.495183685000000207e+00,-1.617382882420000056e+00,-1.352054660420000110e-01,-1.138376020099999941e+01,6.001742482190000061e-01,-1.980292797090000168e+00,-4.478183016180000559e-02,0.000000000000000000e+00
2.500208123999999810e+00,-9.181636233190000329e-01,-5.815794064940000840e-01,-1.192228723220000042e+01,6.535980105399999962e-01,-2.181885719299999860e+00,9.364828467370000728e-03,0.000000000000000000e+00
2.505127884999999832e+00,-1.774579230990000200e-01,-4.878487276669999928e-01,-1.230763913319999858e+01,7.633771300319999176e-01,-2.432797193529999902e+00,9.482657164339998446e-02,0.000000000000000000e+00
2.510339758000000199e+00,2.852814794860000225e-01,3.565319761590000081e-01,-1.270273618319999898e+01,8.898542523379999736e-01,-2.717617034909999951e+00,1.591066867110000060e-01,0.000000000000000000e+00
2.515332798999999842e+00,1.011140524640000038e+00,8.163940514749998822e-01,-1.289696930000000208e+01,1.066399574279999873e+00,-3.124619245529999922e+00,1.948285251859999956e-01,0.000000000000000000e+00
2.520248630999999850e+00,8.406910189949999834e-01,1.347532506829999921e+00,-1.307078740529999905e+01,1.242187142369999941e+00,-3.548001766200000073e+00,1.906112283470000057e-01,0.000000000000000000e+00
2.525200218999999802e+00,8.440331690289999342e-03,3.195182234729999848e+00,-1.314779699520000023e+01,1.424539208409999924e+00,-3.943557500839999896e+00,1.275262534619999999e-01,0.000000000000000000e+00
2.530164583999999994e+00,-8.805812039000000535e-01,4.536310719730000329e+00,-1.340060505059999940e+01,1.597341179850000126e+00,-4.248232841490000133e+00,-4.215089604259999317e-02,0.000000000000000000e+00
2.535210461000000137e+00,-2.530341484440000066e+00,4.787373392740000178e+00,-1.328937287299999959e+01,1.862312912940000231e+00,-4.454619407650000085e+00,-2.598130702970000150e-01,0.000000000000000000e+00
2.540275641000000029e+00,-2.558079678449999950e+00,4.778876490290000056e+00,-1.475638486900000146e+01,2.180593967440000114e+00,-4.583725452419999513e+00,-3.872025907039999826e-01,0.000000000000000000e+00
2.545306323000000148e+00,-2.511677408240000187e+00,3.947837754330000060e+00,-1.587672511549999932e+01,2.575828552249999959e+00,-4.690535545350000390e+00,-4.573000371459999824e-01,0.000000000000000000e+00
2.550251140999999944e+00,-1.252073652500000023e+00,3.304287629350000088e+00,-1.594255981589999926e+01,2.981666088099999889e+00,-4.831923961640000265e+00,-4.023284614090000266e-01,0.000000000000000000e+00
2.555143039999999921e+00,-5.050191312420000411e-01,2.980833089340000353e+00,-1.584979268490000059e+01,3.384020090099999933e+00,-5.067807674410000018e+00,-2.890942394730000031e-01,0.000000000000000000e+00
2.560229187000000017e+00,4.779534296619999956e-01,1.808859540129999832e+00,-1.536415085609999842e+01,3.682343959809999845e+00,-5.461598873139999810e+00,-1.922768056390000146e-01,0.000000000000000000e+00
2.565149916000000196e+00,-8.492193394959999253e-01,6.564316722519999425e-01,-1.496303439979999972e+01,3.983448266979999985e+00,-5.828506946560000124e+00,-1.278423517939999976e-01,0.000000000000000000e+00
2.570191621999999843e+00,-2.560518596040000094e+00,4.745195827550000023e-01,-1.517684783089999989e+01,4.245360851290000070e+00,-6.247742176059999153e+00,-1.337432563300000044e-01,0.000000000000000000e+00
2.575230251999999886e+00,-4.062644283200000039e+00,-2.097370484789999878e-01,-1.416559456660000116e+01,4.554129600519999599e+00,-6.576246738430000960e+00,-1.103927195069999978e-01,0.000000000000000000e+00
2.580180975000000210e+00,-7.985836256579999848e+00,-6.936416781620000638e-01,-1.417578512119999878e+01,5.029911994929999963e+00,-6.729212284090000828e+00,-1.698729097839999924e-01,0.000000000000000000e+00
2.585144232000000208e+00,-1.022793246160000002e+01,-1.311935708270000056e+00,-1.474905847160000150e+01,5.681229114530000679e+00,-6.617576122280000028e+00,-1.900886595250000088e-01,0.000000000000000000e+00
2.590194880999999949e+00,-1.579005688589999856e+01,-1.996286922449999945e+00,-1.702302047190000067e+01,6.321520328520000120e+00,-6.190341472630000119e+00,-1.543751209970000149e-01,0.000000000000000000e+00
2.595248529000000026e+00,-1.773776565540000050e+01,-2.557195881359999756e+00,-1.612005924010000157e+01,6.732964992519999470e+00,-5.611819267269999578e+00,2.367065101859999743e-02,0.000000000000000000e+00
2.600199632999999899e+00,-1.625919415450000116e+01,-4.058789945860000081e+00,-1.543713309029999969e+01,6.883416652680000247e+00,-4.877407550810000103e+00,1.725794076920000031e-01,0.000000000000000000e+00
2.605193320999999784e+00,-2.103219415400000258e+01,-6.439554909079999945e+00,-1.436319920559999908e+01,6.848863601679999746e+00,-4.078993320469999517e+00,4.389234483240000428e-01,0.000000000000000000e+00
2.610242096999999983e+00,-1.671055611250000084e+01,-8.329482520739999174e+00,-1.588963135880000088e+01,6.567210674290000050e+00,-3.260470628740000265e+00,8.391944766040000392e-01,0.000000000000000000e+00
2.615315557999999818e+00,-9.349544529910000179e+00,-7.514782925160000460e+00,-1.491070332400000176e+01,6.031303882599999611e+00,-2.518928527829999986e+00,1.430417180060000071e+00,0.000000000000000000e+00
2.620151117999999890e+00,-6.344796896500000116e+00,-8.493684071900000632e+00,-1.369182320839999889e+01,5.136809825899999460e+00,-1.876657366750000167e+00,1.847741127009999706e+00,0.000000000000000000e+00
2.625109322000000134e+00,-1.902758451659999794e+00,-1.099769635230000020e+01,-1.394928639609999976e+01,3.953318119049999524e+00,-1.202560663220000103e+00,2.272062301640000115e+00,0.000000000000000000e+00
2.630176715999999804e+00,2.945043690820000393e+00,-1.059382212169999882e+01,-1.516932971029999955e+01,2.724537372589999951e+00,-7.052461504939999681e-01,2.886972427369999927e+00,0.000000000000000000e+00
2.635050695999999970e+00,3.193853616470000212e+00,-4.197450520799999474e+00,-1.446513748509999964e+01,1.618988633160000079e+00,-2.236352115870000046e-01,3.679254770280000475e+00,0.000000000000000000e+00
2.640058481000000068e+00,1.902455523189999997e+00,1.306196726220000048e+00,-1.269688979520000061e+01,8.793041110039999664e-01,2.641270756720000001e-01,4.468126773829999898e+00,0.000000000000000000e+00
2.645241718999999936e+00,9.107504244530000292e-01,3.847249720419999797e+00,-1.489581087530000048e+01,6.088065505030000324e-01,8.003666996960000501e-01,4.887941360470000163e+00,0.000000000000000000e+00
2.650229549000000073e+00,2.044602917329999769e+00,4.200808306789999946e+00,-1.540614407770000049e+01,6.771963238720000167e-01,1.364974498750000098e+00,5.095182418819999448e+00,0.000000000000000000e+00
2.655165412000000114e+00,4.895006084469999408e+00,2.874848749349999899e+00,-1.377082251079999864e+01,8.435098528860000000e-01,2.024971723559999770e+00,5.164066314700000326e+00,0.000000000000000000e+00
2.660000516999999842e+00,7.807222733699999750e+00,2.183248002430000057e+00,-1.140089253760000076e+01,9.644687771799999032e-01,2.499048948290000460e+00,5.237737655640000156e+00,0.000000000000000000e+00
2.665032200000000184e+00,1.005250341390000024e+01,9.583921002670000577e-01,-9.736036833120000011e+00,1.003327250479999933e+00,2.780167341229999867e+00,5.345204353329999769e+00,0.000000000000000000e+00
2.670206172999999961e+00,1.110990234329999993e+01,-8.294105502410000774e-01,-8.515484400300000090e+00,9.387606978420000026e-01,2.851006984709999692e+00,5.411915779110000102e+00,0.000000000000000000e+00
2.675169687999999990e+00,1.161746257390000103e+01,-1.783653202680000049e+00,-8.019427560529999610e+00,7.805524468420000916e-01,2.806209564210000007e+00,5.357985019680000960e+00,0.000000000000000000e+00
2.680157958000000118e+00,1.100810668719999974e+01,-2.370706656669999912e+00,-7.857139734039999546e+00,5.545374751089999776e-01,2.848554134370000490e+00,5.220327854159999781e+00,0.000000000000000000e+00
2.685030457999999953e+00,1.022599886309999917e+01,-2.685085763690000071e+00,-7.849544456599999442e+00,3.414760231970000448e-01,3.003461599350000011e+00,5.025937080380000310e+00,0.000000000000000000e+00
2.690063879000000213e+00,1.058194814400000006e+01,-1.969290194449999865e+00,-7.513989728949999503e+00,1.843192428350000078e-01,3.164103269579999989e+00,4.751914978030000292e+00,0.000000000000000000e+00
2.695282476000000038e+00,1.034158806679999998e+01,-1.260935588870000013e+00,-7.064532727799999634e+00,1.229524612429999941e-01,3.293064594269999645e+00,4.552076339719999254e+00,0.000000000000000000e+00
2.700071643999999882e+00,9.970026206249999134e+00,-8.941653464849999011e-01,-6.716870798250000441e+00,2.086859196420000062e-01,3.450162172319999776e+00,4.403560161590000632e+00,0.000000000000000000e+00
2.705025179000000168e+00,9.490922839369998698e+00,-4.720213727310000329e-01,-6.637862143459999587e+00,3.641350269320000055e-01,3.604909181590000511e+00,4.277711868289999941e+00,0.000000000000000000e+00
2.710079933999999913e+00,9.073542645959999930e+00,1.143951807289999949e-02,-6.801947959290000512e+00,6.153972744940000572e-01,3.708926200869999690e+00,4.086627006530000550e+00,0.000000000000000000e+00
2.715172260000000115e+00,8.604493055580000771e+00,-5.134791905460000042e-03,-6.927019861589998939e+00,8.517646193500000296e-01,3.769352436070000145e+00,3.795497655869999321e+00,0.000000000000000000e+00
2.720164561999999897e+00,7.952965083589999651e+00,-4.585965123600000415e-01,-6.815318897520000085e+00,1.111453413960000081e+00,3.817201852799999795e+00,3.501639366150000043e+00,0.000000000000000000e+00
2.725091416999999794e+00,7.400991710810000512e+00,-1.175891964770000131e+00,-6.770447490130000467e+00,1.318821787829999925e+00,3.849441289900000118e+00,3.208063840869999961e+00,0.000000000000000000e+00
2.730231837999999911e+00,6.937009925209999928e+00,-1.793393383189999968e+00,-7.010492510049999737e+00,1.464571118350000090e+00,3.933655261989999818e+00,2.875626564030000054e+00,0.000000000000000000e+00
2.735143648999999844e+00,6.479601088259999919e+00,-2.246603161009999905e+00,-7.363224582470000001e+00,1.511330008510000100e+00,4.001535415650000260e+00,2.508358240129999750e+00,0.000000000000000000e+00
2.740153974000000048e+00,5.582549957209999469e+00,-2.854611140220000287e+00,-8.060656227500000881e+00,1.525868535040000085e+00,4.092576980590000524e+00,2.099681854249999979e+00,0.000000000000000000e+00
2.745197609999999955e+00,4.421475841540000395e+00,-2.859121311120000009e+00,-8.696277605300000602e+00,1.527798414229999846e+00,4.135031700129999876e+00,1.626866579060000095e+00,0.000000000000000000e+00
2.750194850000000191e+00,3.371325275839999858e+00,-2.482981767370000092e+00,-9.132469466699999927e+00,1.533014655110000124e+00,4.173148632050000195e+00,1.108518600460000059e+00,0.000000000000000000e+00
2.755087617000000044e+00,2.332650336129999946e+00,-2.080410436029999754e+00,-9.634950202040000633e+00,1.503095984460000034e+00,4.218406200410000473e+00,5.912585854530000296e-01,0.000000000000000000e+00
2.760023921999999796e+00,1.127496986370000176e+00,-1.417836753890000079e+00,-1.013720765000000057e+01,1.492247223849999971e+00,4.305397987370000124e+00,6.602399796249999731e-02,0.000000000000000000e+00
2.765017121000000078e+00,-5.126683673529999208e-01,7.705977660660000284e-02,-1.030138231320000131e+01,1.491073846820000215e+00,4.378430366519999062e+00,-4.602338969709999783e-01,0.000000000000000000e+00
2.770068068000000050e+00,-1.967754655449999834e+00,8.145956237510000308e-01,-1.042131217640000074e+01,1.501285791399999958e+00,4.435069561000000604e+00,-9.035937786100000091e-01,0.000000000000000000e+00
2.775091163999999999e+00,-3.393465503709999886e+00,3.337560441940000122e-01,-1.071867833539999992e+01,1.555429458620000149e+00,4.452641487119999297e+00,-1.277085065839999922e+00,0.000000000000000000e+00
2.780230814999999911e+00,-4.748004674430000627e+00,5.705494419030000541e-01,-1.088311720249999937e+01,1.612492799760000040e+00,4.499428272250000305e+00,-1.507046818729999904e+00,0.000000000000000000e+00
2.785136730000000060e+00,-6.041706514609999523e+00,1.086011202829999966e+00,-1.143064703990000019e+01,1.633333683010000037e+00,4.526954650880000486e+00,-1.639095306399999785e+00,0.000000000000000000e+00
2.790138992000000151e+00,-7.605512997399999975e+00,9.464785212420000482e-01,-1.138721121819999915e+01,1.629269361500000013e+00,4.570049285889999702e+00,-1.711461782460000025e+00,0.000000000000000000e+00
2.795068930999999868e+00,-9.440768523150000036e+00,6.088286114149999984e-01,-1.166857550599999982e+01,1.610767483709999892e+00,4.591044425959999842e+00,-1.724542140959999914e+00,0.000000000000000000e+00
2.800016225999999886e+00,-1.118792783229999976e+01,-1.082535635679999914e-01,-1.190052548230000085e+01,1.565095543860000049e+00,4.665897369380000548e+00,-1.662449955939999890e+00,0.000000000000000000e+00
2.805049456999999968e+00,-1.242080841630000165e+01,-9.181767750610000389e-01,-1.223846681280000048e+01,1.449664592739999813e+00,4.743749618530000767e+00,-1.572396755220000220e+00,0.000000000000000000e+00
2.810170108999999972e+00,-1.324259358619999816e+01,-1.007521676549999912e+00,-1.216715514230000039e+01,1.299042344089999856e+00,4.799726009369999602e+00,-1.466319799420000125e+00,0.000000000000000000e+00
2.815147619000000212e+00,-1.380424196529999925e+01,-7.592898430500000240e-01,-1.191699029489999972e+01,1.119709372520000024e+00,4.797877311709999759e+00,-1.395948052409999862e+00,0.000000000000000000e+00
2.820167452000000186e+00,-1.448298761460000073e+01,-6.362172978710000093e-01,-1.143371344170000015e+01,9.722617268559999859e-01,4.733767032619999426e+00,-1.317647814749999924e+00,0.000000000000000000e+00
2.825047951000000168e+00,-1.522322613569999916e+01,-4.729130608739999797e-01,-1.072024719220000044e+01,9.051464796070000096e-01,4.619908332819999686e+00,-1.225664973260000012e+00,0.000000000000000000e+00
2.830237868000000212e+00,-1.598796898339999828e+01,-6.927726037099999875e-04,-1.004714802440000021e+01,9.038412570949999614e-01,4.439785003659999951e+00,-1.109828233720000057e+00,0.000000000000000000e+00
2.835155943999999817e+00,-1.706217993139999933e+01,3.836771361829999782e-01,-9.625256491020000027e+00,9.810804724690000977e-01,4.190421581269999862e+00,-9.782102108000000351e-01,0.000000000000000000e+00
2.840183847000000039e+00,-1.800821575039999800e+01,6.533161705800000219e-01,-9.234575503949999487e+00,1.090247750279999872e+00,3.877755165099999957e+00,-8.589813113209999740e-01,0.000000000000000000e+00
2.845150358000000157e+00,-1.916612672589999988e+01,6.864935599729999893e-01,-8.738914385499999327e+00,1.210357308390000108e+00,3.533484458919999405e+00,-7.189995646479999669e-01,0.000000000000000000e+00
2.850227696000000144e+00,-2.039697083559999768e+01,3.301586407570000214e-01,-8.220210245119998760e+00,1.343437433240000090e+00,3.222550392149999610e+00,-5.803397297860000137e-01,0.000000000000000000e+00
2.855220089999999988e+00,-2.163678151110000059e+01,-6.192628020699999514e-01,-7.921634710299999327e+00,1.433733940119999994e+00,2.915343523029999773e+00,-4.360691607000000136e-01,0.000000000000000000e+00
2.860180252999999784e+00,-2.297712059929999739e+01,-1.776504646100000251e+00,-7.882358930969999733e+00,1.484163522720000072e+00,2.651163578030000245e+00,-2.621262073519999847e-01,0.000000000000000000e+00
2.865179087000000013e+00,-2.451241878050000267e+01,-2.388554740310000035e+00,-7.913792180110000629e+00,1.453300833699999961e+00,2.422610282900000023e+00,-1.043745502830000088e-01,0.000000000000000000e+00
2.870185273000000148e+00,-2.570146489889999941e+01,-2.225262266820000168e+00,-7.404336929580000337e+00,1.394223809239999889e+00,2.231738805770000056e+00,4.816005006429999874e-02,0.000000000000000000e+00
2.875136856000000130e+00,-2.608684953310000054e+01,-1.746668749149999922e+00,-6.431489091519999590e+00,1.330865263940000043e+00,2.085618495939999928e+00,1.763626039029999870e-01,0.000000000000000000e+00
2.880243246000000035e+00,-2.569305947410000002e+01,-1.164782833989999933e+00,-5.007120890040000383e+00,1.256833672520000000e+00,1.971419572829999911e+00,2.986236810680000242e-01,0.000000000000000000e+00
2.885220309000000150e+00,-2.454639586889999947e+01,-4.072526210270000502e-01,-3.321747005940000275e+00,1.218946456909999920e+00,1.810105681420000279e+00,4.087940454479999652e-01,0.000000000000000000e+00
2.890262231999999987e+00,-2.302265017829999749e+01,2.946625991580000270e-01,-1.564842840099999854e+00,1.207832932470000120e+00,1.522983670229999920e+00,5.287801027299999790e-01,0.000000000000000000e+00
2.895128952999999949e+00,-2.180561715179999993e+01,7.869629359379999300e-01,-4.129583583879999908e-01,1.225325465199999853e+00,1.143842816350000069e+00,6.146375536920000160e-01,0.000000000000000000e+00
2.900244798000000124e+00,-2.133428208079999777e+01,1.261189709760000000e+00,1.218965236690000009e-01,1.293090462679999941e+00,6.637737154959999497e-01,6.575284600259999612e-01,0.000000000000000000e+00
2.905049099999999829e+00,-2.147430313050000095e+01,1.920535223629999955e+00,6.257070828380000282e-01,1.325088143349999914e+00,1.530432403089999893e-01,6.560397148129999412e-01,0.000000000000000000e+00
2.910250373999999862e+00,-2.160596785519999941e+01,2.204634343199999957e+00,1.055314962729999806e+00,1.356289982799999905e+00,-2.619774639609999678e-01,5.972287654879999685e-01,0.000000000000000000e+00
2.915302869000000019e+00,-2.151808148190000125e+01,1.730879497740000161e+00,1.465243524969999989e+00,1.344305992130000016e+00,-5.429865121840000697e-01,5.392297506329999379e-01,0.000000000000000000e+00
2.920162442000000080e+00,-2.029705500190000222e+01,1.069502185780000003e+00,1.960858466190000149e+00,1.281747221949999904e+00,-7.179074883460000445e-01,4.741659164429999906e-01,0.000000000000000000e+00
2.925253248999999833e+00,-1.844441637959999980e+01,8.550871355500000437e-01,2.604989605929999730e+00,1.222425818439999867e+00,-8.294699192049999059e-01,4.724462330340000182e-01,0.000000000000000000e+00
2.930169813000000012e+00,-1.622972957509999858e+01,1.365711137589999957e+00,3.239045049590000058e+00,1.148281693459999975e+00,-9.949193000789999797e-01,4.136008918289999503e-01,0.000000000000000000e+00
2.935250343999999956e+00,-1.374980427270000050e+01,2.485494042450000052e+00,4.435537976900000068e+00,1.098513364790000058e+00,-1.256177425379999768e+00,3.270267248150000028e-01,0.000000000000000000e+00
2.940040547000000171e+00,-1.106345974109999908e+01,3.668473408200000119e+00,5.457552873709999197e+00,1.104189038279999924e+00,-1.574117660520000239e+00,2.099795341490000022e-01,0.000000000000000000e+00
2.945160308999999810e+00,-8.610397311179999846e+00,4.806595395090000444e+00,5.920297810990000187e+00,1.201731681820000119e+00,-1.917384386059999724e+00,1.210790872570000065e-01,0.000000000000000000e+00
2.950249653000000194e+00,-8.179362101900000681e+00,3.296444222369999899e+00,-4.722186050299999494e+00,1.209962844849999941e+00,-2.272561073300000345e+00,7.251502946020000132e-03,0.000000000000000000e+00
2.955136841999999930e+00,-1.094042255949999998e+01,-4.259605539030000187e+01,5.768087945590000265e-01,-5.150716900830000222e-01,-1.935932517050000135e+00,8.019081354139999673e-01,0.000000000000000000e+00
2.960026811000000091e+00,5.014971019019999865e+00,-3.439270451010000329e+01,-7.514384865750000309e+00,-2.810291051859999722e+00,-7.662816643709999820e-01,2.007862329479999985e+00,0.000000000000000000e+00
2.965217753000000123e+00,-3.713313251400000325e+01,8.916071864350000098e+00,-3.532822244220000130e+01,-7.173597335820000254e+00,-2.048912525179999999e+00,1.802138328549999891e+00,0.000000000000000000e+00
2.970247087999999813e+00,-2.112182240250000120e+01,8.128287748219999997e+00,-2.092443871269999889e+01,-9.621013641360001145e+00,-2.150824308399999829e+00,9.307969212530000647e-01,0.000000000000000000e+00
2.975174690999999871e+00,-1.568786141670000056e+01,7.922109926599999241e+00,-1.324305769660000109e+01,-9.637401580810001533e+00,-9.128840565679999797e-01,2.982985973360000043e-01,0.000000000000000000e+00
2.980182915999999960e+00,-4.117375113559999633e+00,6.688088355880000613e+00,-2.071493846859999710e+00,-9.471645355219999729e+00,1.674390077590000026e+00,1.244038701060000029e+00,0.000000000000000000e+00
2.985063439000000152e+00,7.697077766900000562e+00,8.873984534730000817e+00,-1.947136873279999847e+01,-6.208532333369999989e+00,3.641924619669999696e+00,1.885383367540000021e+00,0.000000000000000000e+00
2.990316033000000040e+00,5.349849454840000185e+00,1.603682916820000059e+01,-1.818947365029999830e+01,-3.470139265059999811e+00,2.713808536529999760e+00,1.974005103109999881e+00,0.000000000000000000e+00
2.995352345000000138e+00,-1.011025183849999998e+01,2.790139018760000056e+01,-1.686181985620000034e+01,-1.787879943849999931e+00,7.228878140449999101e-01,1.302927494049999968e+00,0.000000000000000000e+00
3.000225410000000092e+00,-3.620619185609999846e+00,1.961693105000000159e+01,-1.730517970949999906e+01,-1.441036939620000235e+00,-5.512263178830000276e-01,9.891476035120000398e-01,0.000000000000000000e+00
3.005294253000000193e+00,6.375855905499999698e-01,9.349812240940000407e+00,-1.608581444060000010e+01,-1.311759829520000142e+00,-1.877056002620000053e+00,3.137184977529999808e-01,0.000000000000000000e+00
3.010118086999999942e+00,-4.240581806509999829e+00,1.605078404379999935e+00,-1.188752454640000167e+01,-6.586388349530000186e-01,-1.535136818890000088e+00,-1.468384116889999980e-01,0.000000000000000000e+00
3.015181430999999801e+00,-2.638066530620000183e+00,1.572827555249999953e+00,-1.451970727970000041e+01,4.645048454400000498e-02,-1.005334973339999882e+00,-9.046749770639998800e-02,0.000000000000000000e+00
3.020197656000000119e+00,4.685657889170000145e-01,6.156858495919999896e+00,-1.091430729050000004e+01,5.717855095859999404e-01,-5.261995196340000236e-01,-3.697904348369999705e-01,0.000000000000000000e+00
3.025181830000000183e+00,-6.643965721039999828e+00,9.958370839769999927e-01,-1.220627134709999950e+01,2.796941995619999788e-01,-3.235936909909999798e-02,1.879921853540000021e-01,0.000000000000000000e+00
3.030356016999999902e+00,-8.948433918770000162e-01,-3.645803895749999857e+00,-9.746981420980000976e+00,-2.019327133890000056e-02,-1.493743807080000208e-01,5.570525526999999810e-01,1.000000000000000000e+00
3.035220071999999991e+00,-3.134612030690000051e+00,-1.788394259729999991e+00,-9.590575053740000300e+00,-1.091347560289999963e-01,-3.738213181499999704e-01,6.457966566089999860e-01,1.000000000000000000e+00
3.040125653000000039e+00,-3.896969444619999390e+00,1.518068375579999962e+00,-9.307505715610000507e+00,-1.456450968980000094e-01,-4.256501197810000359e-01,4.923657476899999108e-01,1.000000000000000000e+00
3.045195822000000163e+00,-3.426403604459999919e+00,2.564697927550000145e+00,-9.116836428760000999e+00,-9.166674315929999872e-02,-6.382607817650000070e-01,1.793175488709999876e-01,1.000000000000000000e+00
3.050175745999999855e+00,-5.008289349300000026e+00,3.562339065269999883e-01,-8.549728030689998093e+00,8.821360766889999039e-02,-6.246908903119999801e-01,-3.716534376140000207e-02,1.000000000000000000e+00
3.055082827000000112e+00,-4.806134791839999920e+00,-1.423939600810000039e+00,-9.047681643989999856e+00,2.031311839820000020e-01,-5.381459593770000494e-01,-2.085042372349999937e-02,1.000000000000000000e+00
3.060280017000000186e+00,-4.263304802709999564e+00,-1.217380817040000007e+00,-9.079206078540000391e+00,2.561517953870000031e-01,-4.429950416089999399e-01,7.616393268109999948e-02,1.000000000000000000e+00
3.065195987000000066e+00,-4.820581250340000068e+00,-8.090477073010000630e-01,-9.274330006719999631e+00,1.002267450090000012e-01,-2.619637846950000348e-01,1.674897372720000055e-01,1.000000000000000000e+00
3.070155059999999825e+00,-3.965862363580000327e+00,-7.561999872759999075e-01,-9.355904128069999715e+00,-4.983294382690000440e-02,-1.745379418130000027e-01,1.576215475799999932e-01,1.000000000000000000e+00
3.075219405999999989e+00,-3.691163378909999793e+00,-7.524155733660000678e-01,-9.268482449730001349e+00,-1.972560882570000007e-01,-1.234710291029999935e-01,8.462680131200001066e-02,1.000000000000000000e+00
3.080190353999999964e+00,-3.781656135259999552e+00,-9.663813454559999627e-01,-9.399848483739999594e+00,-2.583375275140000205e-01,-1.198957189919999944e-01,4.545480385419999048e-02,1.000000000000000000e+00
3.085202563000000175e+00,-3.483820605159999584e+00,-3.192719936269999836e-01,-9.702966922689999052e+00,-2.316194474699999895e-01,-1.974186152219999935e-01,-1.665118895470000041e-02,1.000000000000000000e+00
3.090210211000000040e+00,-3.066425506429999892e+00,4.632360087290000039e-01,-1.047487542429999863e+01,-1.879607141019999927e-01,-2.563482522960000010e-01,-3.473442047830000573e-02,1.000000000000000000e+00
3.095216070000000208e+00,-2.853569814480000133e+00,1.172122310040000004e+00,-1.079123971380000135e+01,-1.668166816230000071e-01,-3.042108714579999651e-01,-3.807205334310000133e-02,1.000000000000000000e+00
3.100119872000000054e+00,-2.517205816270000174e+00,1.345720196710000094e+00,-1.120241812989999985e+01,-9.348633140329999647e-02,-3.677567541600000323e-01,-3.318823874000000063e-02,1.000000000000000000e+00
3.105128706999999988e+00,-2.313344016499999878e+00,1.242432840710000042e+00,-1.151265779910000120e+01,-1.097705774010000052e-02,-4.746199548239999899e-01,-3.440406546000000093e-02,0.000000000000000000e+00
3.110188808000000193e+00,-2.209848862979999939e+00,9.508854509639999009e-01,-1.175487431780000058e+01,8.296164870260000490e-02,-6.272634267809999997e-01,-2.957496419550000380e-02,0.000000000000000000e+00
3.115219435000000203e+00,-2.175883318879999972e+00,5.171465356800000190e-01,-1.186147123669999992e+01,1.508523970840000006e-01,-8.067236542700000346e-01,-6.252657622099999646e-02,0.000000000000000000e+00
3.120170211000000027e+00,-2.126033684690000314e+00,4.252025941400000564e-01,-1.230970483359999967e+01,1.957369893789999982e-01,-9.957460761069999444e-01,-1.135881319639999998e-01,0.000000000000000000e+00
3.125076260999999800e+00,-2.044537450880000051e+00,3.652674366040000176e-01,-1.285159754190000037e+01,1.780745238070000069e-01,-1.177169322969999987e+00,-1.292945295570000208e-01,0.000000000000000000e+00
3.130298606999999844e+00,-1.917517044850000074e+00,2.347381913449999788e-02,-1.339013392539999892e+01,1.678171902890000233e-01,-1.369949698449999920e+00,-1.347268819809999962e-01,0.000000000000000000e+00
3.135150510999999973e+00,-1.827505203890000374e+00,2.168949026099999955e-01,-1.367715755410000078e+01,1.543608009820000015e-01,-1.550566077229999840e+00,-1.328709125520000089e-01,0.000000000000000000e+00
3.140144042000000191e+00,-2.097564692190000191e+00,5.178499712420000511e-01,-1.391541101450000006e+01,1.664102971549999976e-01,-1.767682194709999877e+00,-1.172095835209999992e-01,0.000000000000000000e+00
3.145233778999999785e+00,-1.579291636690000056e+00,5.961924172029999802e-01,-1.413711782910000103e+01,2.034915536639999856e-01,-2.071073532100000225e+00,-1.028622984889999981e-01,0.000000000000000000e+00
3.150235266000000145e+00,-1.199881546839999924e+00,6.878031812670000189e-01,-1.385327399950000071e+01,2.731166481969999893e-01,-2.373898029329999826e+00,-9.891989082100000052e-02,0.000000000000000000e+00
3.155150465000000182e+00,-1.003388303070000154e+00,9.167617206320000101e-01,-1.358170162240000067e+01,3.714816868310000242e-01,-2.707220077509999712e+00,-1.056885719300000026e-01,0.000000000000000000e+00
3.160062745999999922e+00,-8.484694709760000064e-01,9.995439026060000121e-01,-1.385920806569999897e+01,4.592254459860000138e-01,-3.014601945879999967e+00,-1.195829659700000103e-01,0.000000000000000000e+00
3.164991081000000150e+00,-5.933341051630000029e-01,4.695205688920000009e-01,-1.397930510219999967e+01,5.279121398930000097e-01,-3.304982185360000102e+00,-1.338195502760000100e-01,0.000000000000000000e+00
3.170333518000000073e+00,-2.160170055310000059e-01,1.747319870010000109e-01,-1.366811032430000061e+01,5.464829802509999501e-01,-3.578323841090000457e+00,-1.461652219300000055e-01,0.000000000000000000e+00
3.175084345999999780e+00,-2.340220880979999862e-01,2.169703972659999813e-01,-1.361251294030000025e+01,5.275254249570000553e-01,-3.841583490369999243e+00,-1.577856987709999881e-01,0.000000000000000000e+00
3.180335637000000215e+00,-2.020440097579999927e-01,3.950456850790000085e-01,-1.322924544430000005e+01,4.860067665580000140e-01,-4.072214603419999079e+00,-1.627500504259999925e-01,0.000000000000000000e+00
3.185150023999999913e+00,-3.259465760199999756e-02,4.906593646410000176e-01,-1.270783321400000077e+01,4.578760862349999794e-01,-4.302713870999999912e+00,-1.745523512359999918e-01,0.000000000000000000e+00
3.190156577999999854e+00,1.676387773370000001e-01,8.520517864419999698e-01,-1.237836628189999999e+01,4.612883329389999565e-01,-4.527853012080000461e+00,-1.823150366539999789e-01,0.000000000000000000e+00
3.195148046999999991e+00,-3.436715447370000120e-01,1.515707637789999840e+00,-1.191017009349999967e+01,4.725951850410000099e-01,-4.728141784669999126e+00,-1.807068437339999778e-01,0.000000000000000000e+00
3.200131507000000042e+00,-2.015146521220000098e-01,1.326199357549999958e+00,-1.121465451119999912e+01,5.240047574039999878e-01,-4.971335411070000099e+00,-1.763437688349999977e-01,0.000000000000000000e+00
3.205108579000000013e+00,1.427915281240000056e-01,1.045221219549999914e+00,-1.085901970309999953e+01,5.759990811349999795e-01,-5.141784667969999667e+00,-2.033666223290000186e-01,0.000000000000000000e+00
3.210222968000000066e+00,-1.965192184550000054e-01,5.782050346899999527e-01,-1.088703700630000171e+01,5.973697900770000846e-01,-5.394020080569998932e+00,-1.433437317610000150e-01,0.000000000000000000e+00
3.215192077999999842e+00,3.497293104060000268e-01,9.881700564810000365e-02,-1.106277234339999893e+01,5.935946702959999932e-01,-5.617765426640000115e+00,-5.421806499359999726e-02,0.000000000000000000e+00
3.220143095000000066e+00,-2.030892079619999943e-02,1.029073163020000070e-01,-1.063370521929999946e+01,5.592459440229999856e-01,-5.928980350489999829e+00,1.897980086509999664e-02,0.000000000000000000e+00
3.225174534999999842e+00,-1.635741984320000064e+00,7.203018676809999077e-01,-1.090664420849999949e+01,5.356219410899999422e-01,-6.250228881840000028e+00,8.222056180239999124e-02,0.000000000000000000e+00
3.230150452000000172e+00,-2.576429866399999824e+00,1.499929638430000045e+00,-1.132464165710000081e+01,5.355260372160000060e-01,-6.561014652249999912e+00,5.394073948260000306e-02,0.000000000000000000e+00
3.235109712999999942e+00,-5.698859291859999843e+00,3.210677033240000089e+00,-1.157349600640000098e+01,6.567758321759999962e-01,-6.810437679290000546e+00,-7.339486479760000404e-02,0.000000000000000000e+00
3.240147170000000187e+00,-8.794333490389998786e+00,3.093042002940000312e+00,-1.208129355280000006e+01,8.436142802240000904e-01,-7.007156372069999861e+00,-2.749081850050000275e-01,0.000000000000000000e+00
3.245091395000000212e+00,-1.356456811680000030e+01,2.894327941320000264e+00,-1.323745446979999940e+01,1.135220885279999870e+00,-7.009668827060000496e+00,-4.841691851619999709e-01,0.000000000000000000e+00
3.250331145000000088e+00,-1.662792576009999834e+01,3.743837276740000330e+00,-1.333836165259999973e+01,1.374905347819999957e+00,-6.833378314970000034e+00,-6.614714264869999694e-01,0.000000000000000000e+00
3.255194026999999934e+00,-1.690313737049999787e+01,4.556815163100000454e+00,-1.340536773490000044e+01,1.598357796669999997e+00,-6.490036010739999917e+00,-7.204231023790000910e-01,0.000000000000000000e+00
3.260068958000000183e+00,-1.697820868579999853e+01,4.364525873829999902e+00,-1.421863759000000016e+01,1.851604938509999743e+00,-6.040730476380000269e+00,-8.167663812639999188e-01,0.000000000000000000e+00
3.265220090000000130e+00,-1.553161287040000005e+01,1.574818436799999999e+00,-1.439560159210000023e+01,2.071384191509999972e+00,-5.568577289580000311e+00,-6.561366915699999858e-01,0.000000000000000000e+00
3.270184454999999879e+00,-1.348905724099999937e+01,1.613145537109999861e+00,-1.560499725559999895e+01,2.145468711849999988e+00,-5.186953544619999690e+00,-5.447867512699999804e-01,0.000000000000000000e+00
3.275182920000000220e+00,-1.195717032960000026e+01,-1.081846119039999943e+00,-1.345546242990000074e+01,2.070843219759999965e+00,-5.061594963070000119e+00,-4.794698357580000070e-01,0.000000000000000000e+00
3.280180581999999845e+00,-1.302128073929999985e+01,-2.600780463800000053e+00,-1.459901170250000035e+01,1.930319547649999912e+00,-5.010895729059999582e+00,-6.040190458299999898e-01,0.000000000000000000e+00
3.285180435000000010e+00,-1.367020525079999871e+01,-4.476366830899999982e+00,-1.408268364359999936e+01,1.668281197550000039e+00,-4.988546848299999503e+00,-6.311123967170000348e-01,0.000000000000000000e+00
3.290136665999999988e+00,-1.536779125849999872e+01,-5.575099641200000455e+00,-1.508928177559999995e+01,1.313305258750000037e+00,-4.798316955569999820e+00,-7.410608530040000419e-01,0.000000000000000000e+00
3.295133925000000019e+00,-2.016479406479999881e+01,-3.400886009100000162e+00,-2.043603326439999890e+01,1.120917916300000039e+00,-4.381068706509999799e+00,-7.562262415889999811e-01,0.000000000000000000e+00
3.300106947000000179e+00,-1.582761007920000118e+01,-2.529157535349999986e+00,-1.824977643560000118e+01,9.307798147200000427e-01,-3.830078125000000000e+00,-6.217028498650000179e-01,0.000000000000000000e+00
3.305132212000000180e+00,-6.729955905269999761e+00,-6.737813779160000127e-01,-2.026315507029999807e+01,8.770097494130000282e-01,-3.289845705030000289e+00,-4.855811893940000235e-01,0.000000000000000000e+00
3.310067586999999811e+00,-4.646404540869999877e+00,-4.874684961779999770e-01,-1.862435092200000142e+01,8.107726573939999515e-01,-2.955594301219999664e+00,-3.543735146520000101e-01,0.000000000000000000e+00
3.315327329000000045e+00,-1.168307281789999985e+00,5.636757567410000114e-01,-1.494213306609999847e+01,7.063043117520000358e-01,-2.633711338040000349e+00,-2.932344079020000049e-01,0.000000000000000000e+00
3.320129531000000078e+00,3.504856378919999571e+00,5.122776784020000029e-02,-1.204440905260000072e+01,7.635522484779999619e-01,-2.367497444150000074e+00,-2.647384703160000075e-01,0.000000000000000000e+00
3.325104082999999822e+00,1.430191793070000017e+01,-5.341800150029999417e-01,-1.224405834920000125e+01,9.573745131489999061e-01,-1.587661385539999914e+00,-4.877034202219999309e-02,0.000000000000000000e+00
3.330083752999999813e+00,1.126194583920000092e+01,-2.645082254600000127e+00,-1.328999363530000011e+01,1.299293994899999971e+00,-1.080378293989999960e+00,5.351043343540000663e-01,0.000000000000000000e+00
3.335089183000000013e+00,-3.694443569629999868e-01,-2.319259816420000231e+00,-1.906607528309999822e+01,1.319381237029999987e+00,-1.155980825420000135e+00,1.132904767989999950e+00,0.000000000000000000e+00
3.340233083000000214e+00,-6.520906912120000065e+00,1.349143303020000184e+00,-2.371444820139999976e+01,1.174269914629999967e+00,-9.574857950210000634e-01,1.672285556789999905e+00,0.000000000000000000e+00
3.345168730999999784e+00,-4.039499627520000136e-01,9.901643721030000123e-01,-2.300526182119999774e+01,1.161605834960000028e+00,-4.643059074880000470e-01,1.796851634979999890e+00,0.000000000000000000e+00
3.350169772000000101e+00,6.700310708589999997e+00,-1.099240979020000175e+00,-2.046158154720000155e+01,1.429131269450000019e+00,7.940500974659999711e-01,1.712731480600000022e+00,0.000000000000000000e+00
3.355137304999999959e+00,7.357194070130000263e+00,-1.145217425040000014e+00,-1.624107280690000010e+01,1.559756278989999911e+00,1.882164597509999870e+00,1.892860889429999860e+00,0.000000000000000000e+00
3.360005543000000205e+00,9.886320333560000506e+00,-1.206496800260000057e+00,-1.504954130140000146e+01,1.498165965079999884e+00,2.575453996659999856e+00,2.197005748750000098e+00,0.000000000000000000e+00
3.365122739999999890e+00,1.198250818440000032e+01,-2.814318000540000142e+00,-1.458191677539999986e+01,1.368808269499999897e+00,2.667215108869999796e+00,2.476389408109999746e+00,0.000000000000000000e+00
3.370053598999999789e+00,1.262371700699999977e+01,-4.632005428640000311e+00,-1.440391232430000024e+01,1.255186557770000100e+00,2.248288393020000164e+00,2.664402246479999903e+00,0.000000000000000000e+00
3.375327287999999815e+00,1.171782848950000044e+01,-4.850522215099999812e+00,-1.371226510790000042e+01,1.114204883580000027e+00,2.018527507780000008e+00,2.757973670959999346e+00,0.000000000000000000e+00
3.380306575000000091e+00,9.445085217309999948e+00,-5.105248671310000042e+00,-1.322453302890000160e+01,8.373848199840000506e-01,2.049725770949999859e+00,2.773188114169999885e+00,0.000000000000000000e+00
3.385051928000000210e+00,9.236609055610001562e+00,-5.042032044419999970e+00,-1.250836161209999986e+01,4.126579463480000154e-01,2.152729272840000263e+00,2.559738397599999882e+00,0.000000000000000000e+00
3.390198746999999901e+00,8.209721584330001320e+00,-5.766327146460000108e+00,-1.160895778039999904e+01,9.554321877659999532e-03,2.423418760300000141e+00,2.440686464310000137e+00,0.000000000000000000e+00
3.395122950000000195e+00,7.919632138310000791e+00,-6.120253981619999450e+00,-1.117418572269999899e+01,-2.775957286360000165e-01,2.795672655109999738e+00,2.426876544950000270e+00,0.000000000000000000e+00
3.400116242999999816e+00,7.113427983869999416e+00,-5.656366888570000029e+00,-1.071309147520000060e+01,-4.902297556399999312e-01,3.139763832089999873e+00,2.556379556659999608e+00,0.000000000000000000e+00
3.405187166000000154e+00,6.583672288109999826e+00,-4.774226618660000199e+00,-9.937914911720000077e+00,-6.123656034469999732e-01,3.477458715440000514e+00,2.630426168440000101e+00,0.000000000000000000e+00
3.410100497000000175e+00,6.375154040840000036e+00,-3.958921458399999871e+00,-9.494268642669998925e+00,-6.023926138880000281e-01,3.684711694719999375e+00,2.612957954409999672e+00,0.000000000000000000e+00
3.415317347999999864e+00,6.493373593029999391e+00,-3.640550505269999348e+00,-9.259644478760000297e+00,-4.685248434539999729e-01,3.779198408130000075e+00,2.547747611999999773e+00,0.000000000000000000e+00
3.420130272000000193e+00,6.219678232449999733e+00,-3.680584409490000208e+00,-9.197066149770000365e+00,-2.575992643829999595e-01,3.815337419509999606e+00,2.475265264509999952e+00,0.000000000000000000e+00
3.425014909000000163e+00,5.406505992560000529e+00,-3.863223534619999455e+00,-9.363204806480000641e+00,-2.797551266849999940e-02,3.873489856720000013e+00,2.370733737949999753e+00,0.000000000000000000e+00
3.430253025999999927e+00,3.979244992240000389e+00,-4.118438651139999962e+00,-9.471878531689998937e+00,1.681310683489999902e-01,4.009286880490000371e+00,2.285176754000000088e+00,0.000000000000000000e+00
3.435086270999999858e+00,2.372736993449999776e+00,-4.535091407069999470e+00,-9.528899811069999615e+00,3.770356178279999915e-01,4.224504470830000358e+00,2.160857677460000126e+00,0.000000000000000000e+00
3.440153260999999851e+00,8.731065571700000749e-01,-4.916404261800000342e+00,-9.628892217169999768e+00,5.252946615219999948e-01,4.471110343930000397e+00,1.938494920729999738e+00,0.000000000000000000e+00
3.445195717999999907e+00,-4.069515191889999661e-01,-5.049780466590000572e+00,-9.513705164550000148e+00,6.695744395260000426e-01,4.745961666110000365e+00,1.698886275289999803e+00,0.000000000000000000e+00
3.450328804999999832e+00,-1.386060244270000075e+00,-4.973547706259999757e+00,-9.385810021519999324e+00,7.843012213710000013e-01,4.999832630159999347e+00,1.435640096660000031e+00,0.000000000000000000e+00
3.455063492999999930e+00,-2.184291227870000185e+00,-4.846071080909999829e+00,-9.148320531299999558e+00,8.901110887530000459e-01,5.247770309449999893e+00,1.179033875470000048e+00,0.000000000000000000e+00
3.460141940000000194e+00,-2.695737798349999714e+00,-4.709525890690000161e+00,-8.721376390730000594e+00,9.918612241740000224e-01,5.470238685610000040e+00,9.104799032210000309e-01,0.000000000000000000e+00
3.465063084000000071e+00,-3.022612960450000053e+00,-4.631681603509999690e+00,-8.259327034500000053e+00,1.067777872089999969e+00,5.646754264830000203e+00,6.363554596899999583e-01,0.000000000000000000e+00
3.470145875000000046e+00,-3.111440121679999837e+00,-4.479420665510000177e+00,-7.879874128410000900e+00,1.170456171040000104e+00,5.758851528169999234e+00,3.746185004709999822e-01,0.000000000000000000e+00
3.475186789999999970e+00,-3.154296974370000228e+00,-4.453980227039999740e+00,-7.685840333569999849e+00,1.288923740389999795e+00,5.805517673489999808e+00,1.446861922739999806e-01,0.000000000000000000e+00
3.480275423999999784e+00,-3.416937856980000188e+00,-4.331540426810000177e+00,-7.808700989560001027e+00,1.382187008860000121e+00,5.759533882139999506e+00,-9.237094968560001507e-02,0.000000000000000000e+00
3.485221850999999926e+00,-3.815664203329999893e+00,-4.023432509019999159e+00,-7.953136348500000175e+00,1.441185832020000168e+00,5.695778369900000193e+00,-3.112334907050000044e-01,0.000000000000000000e+00
3.490161125000000197e+00,-4.385311179969999529e+00,-3.784786834509999753e+00,-8.406171208150000851e+00,1.507192969320000131e+00,5.619353771209999238e+00,-5.684334039689999951e-01,0.000000000000000000e+00
3.494985447999999995e+00,-5.416012656579999529e+00,-3.581855739709999487e+00,-9.014089170989999289e+00,1.569686412810000098e+00,5.573476791380000073e+00,-8.130660653110000080e-01,0.000000000000000000e+00
3.500095744999999869e+00,-6.691185737369999664e+00,-3.481078905239999965e+00,-9.575541150730000339e+00,1.615077495570000021e+00,5.592326641080000549e+00,-1.048277020450000041e+00,0.000000000000000000e+00
3.505216557999999871e+00,-8.166555811819998567e+00,-3.795634391730000168e+00,-9.803290752700000610e+00,1.668775320049999955e+00,5.598083496090000111e+00,-1.239592790599999939e+00,0.000000000000000000e+00
3.510040677000000109e+00,-9.245462808670000143e+00,-4.468605841509999621e+00,-1.011751393850000014e+01,1.677760839460000097e+00,5.665330886840000524e+00,-1.467804431920000097e+00,0.000000000000000000e+00
3.515193886000000045e+00,-1.004860816010000057e+01,-5.032774971260000285e+00,-1.033027873730000046e+01,1.638304829600000012e+00,5.713747024539999941e+00,-1.661584019659999800e+00,0.000000000000000000e+00
3.520072122000000192e+00,-1.037542370090000077e+01,-5.444876347490001045e+00,-1.057792312629999998e+01,1.482721209529999751e+00,5.706062316889999764e+00,-1.916745543479999814e+00,0.000000000000000000e+00
3.525035604000000156e+00,-1.047488010050000007e+01,-5.578848764600000010e+00,-1.070643961610000083e+01,1.307163357729999920e+00,5.649437904360000040e+00,-2.175810575490000343e+00,0.000000000000000000e+00
3.529994305999999860e+00,-1.035157754589999968e+01,-5.230292516569999606e+00,-1.093606553329999898e+01,1.097698926929999930e+00,5.506035327910000277e+00,-2.456443786619999958e+00,0.000000000000000000e+00
3.535212748000000182e+00,-1.019819432590000119e+01,-4.034373297490000176e+00,-1.091813006369999961e+01,9.310773611070000122e-01,5.320868968959999279e+00,-2.704688310620000369e+00,0.000000000000000000e+00
3.540163837999999785e+00,-1.004337552009999968e+01,-2.352648437410000071e+00,-1.073346089400000025e+01,8.641384243970000600e-01,5.070424079900000436e+00,-2.956381082530000093e+00,0.000000000000000000e+00
3.545068511000000200e+00,-1.000844683010000047e+01,-8.026151900350000368e-01,-1.063460772110000008e+01,9.071725010870000938e-01,4.815635204319999474e+00,-3.133634805680000301e+00,0.000000000000000000e+00
3.550275978999999804e+00,-9.903820918939999274e+00,4.745660157130000001e-01,-1.053967902810000012e+01,1.061225175860000203e+00,4.526720523829999898e+00,-3.212349176409999618e+00,0.000000000000000000e+00
3.555179749000000111e+00,-9.601362989730001019e+00,1.073337014700000092e+00,-1.069433650590000084e+01,1.292068004610000154e+00,4.190034389500000067e+00,-3.206537008289999768e+00,0.000000000000000000e+00
3.560200410000000204e+00,-9.138346834300000054e+00,1.185599119789999989e+00,-1.107122336079999947e+01,1.538738012310000070e+00,3.811877965930000389e+00,-3.134349822999999979e+00,0.000000000000000000e+00
3.565313645999999892e+00,-8.548045776689999542e+00,1.034867875570000040e+00,-1.142720303689999994e+01,1.769112110140000249e+00,3.369805336000000207e+00,-3.021388292310000168e+00,0.000000000000000000e+00
3.570219900000000113e+00,-8.368149228270000961e+00,5.368694732819999649e-01,-1.192749999839999830e+01,1.964139938350000003e+00,2.849364042279999953e+00,-2.848687171939999985e+00,0.000000000000000000e+00
3.575115868000000141e+00,-8.990838643780000083e+00,-4.532707872930000215e-01,-1.251553954089999898e+01,2.069068193440000147e+00,2.306471109389999885e+00,-2.695487737659999716e+00,0.000000000000000000e+00
3.580153575999999838e+00,-1.061313823210000074e+01,-1.519157924379999969e+00,-1.319796300189999982e+01,2.115493774409999972e+00,1.707283973689999845e+00,-2.560078382489999971e+00,0.000000000000000000e+00
3.585177031000000181e+00,-1.243805181200000121e+01,-2.546724756220000163e+00,-1.368786014990000055e+01,2.024322986600000096e+00,1.114776492120000073e+00,-2.472990989689999974e+00,0.000000000000000000e+00
3.590164548000000178e+00,-1.456834066999999955e+01,-3.130995301499999606e+00,-1.338140935170000034e+01,1.857780337329999698e+00,5.672493577000000675e-01,-2.423216581340000175e+00,0.000000000000000000e+00
3.595167682000000031e+00,-1.703285446820000004e+01,-2.799195250209999486e+00,-1.208910744150000127e+01,1.655607581139999951e+00,3.827902674669999422e-02,-2.400543689730000096e+00,0.000000000000000000e+00
3.600145823000000078e+00,-1.909205961910000227e+01,-2.075842543590000311e+00,-1.153978896709999979e+01,1.483238220210000069e+00,-5.032109022139999999e-01,-2.369785308840000049e+00,0.000000000000000000e+00
3.605127836999999946e+00,-2.205754842440000019e+01,-2.335182046559999947e+00,-1.128284483480000056e+01,1.350198507310000018e+00,-1.064760923389999947e+00,-2.201284885409999781e+00,0.000000000000000000e+00
3.610035240000000201e+00,-2.606966926579999821e+01,-4.610506129010000009e+00,-1.094812889609999829e+01,1.217639446259999980e+00,-1.628238916399999958e+00,-1.963158845900000005e+00,0.000000000000000000e+00
3.615152356999999927e+00,-2.970774753570000115e+01,-6.990828024639999860e+00,-9.648215926319998914e+00,1.070751667020000131e+00,-2.101399660109999790e+00,-1.624487519259999901e+00,0.000000000000000000e+00
3.619967649999999981e+00,-3.277433407790000075e+01,-8.153006009889999461e+00,-7.826900663119999102e+00,7.805237174029999725e-01,-2.430892467500000098e+00,-1.356528520579999952e+00,0.000000000000000000e+00
3.625196505999999985e+00,-3.488485791260000468e+01,-8.892412171819998434e+00,-5.843251396189999447e+00,3.578237891200000131e-01,-2.487696886059999724e+00,-1.181634426120000025e+00,0.000000000000000000e+00
3.630185024000000205e+00,-3.676060969939999978e+01,-9.687350835880000233e+00,-3.950280763569999909e+00,-1.093051359060000088e-01,-2.205632448199999818e+00,-1.052232384679999910e+00,0.000000000000000000e+00
3.635134322999999945e+00,-3.895132058509999951e+01,-9.170499045359999712e+00,-3.214104377340000429e+00,-3.477871716020000115e-01,-1.634112954140000129e+00,-1.028410911559999974e+00,0.000000000000000000e+00
3.640144798000000126e+00,-4.163853839240000099e+01,-5.544431531219999876e+00,-1.432239080990000080e+00,-2.932594418530000135e-01,-8.920241594310001076e-01,-1.093507528309999977e+00,0.000000000000000000e+00
3.645162813999999862e+00,-4.175826718009999894e+01,1.252314621650000070e+00,1.721132887490000041e+00,6.056302413340000634e-02,-3.147983551029999438e-02,-1.295030713080000062e+00,0.000000000000000000e+00
3.650217946000000158e+00,-3.890642696590000327e+01,6.939643196319999596e+00,6.776053639580000620e+00,6.997649073599999658e-01,7.279767990109999865e-01,-1.687445282939999958e+00,0.000000000000000000e+00
3.655143746999999887e+00,-3.410815223990000078e+01,1.071174006059999861e+01,1.100854274049999937e+01,1.544712901120000259e+00,1.610506653790000131e+00,-2.033412456509999799e+00,0.000000000000000000e+00
3.660033278999999862e+00,-2.712828049360000193e+01,1.112224627660000031e+01,1.479192496890000186e+01,2.589351654050000118e+00,2.049738883970000369e+00,-2.282485723499999786e+00,0.000000000000000000e+00
3.665211457999999922e+00,-2.077368817920000055e+01,1.016478188560000007e+01,1.679038543599999755e+01,3.597944736480000127e+00,2.042932510380000011e+00,-2.290264129640000146e+00,0.000000000000000000e+00
3.669983277000000044e+00,-1.559891121369999922e+01,8.702807883860000260e+00,1.772722789470000038e+01,4.422860622409999998e+00,1.473914027210000199e+00,-1.926095724109999852e+00,0.000000000000000000e+00
3.674998243000000109e+00,-1.207854045470000059e+01,6.930853156150000416e+00,1.703057600190000187e+01,4.886206626889999960e+00,3.035125732419999833e-01,-1.263866543770000073e+00,0.000000000000000000e+00
3.680125778999999930e+00,-1.075608773640000138e+01,5.892244267409999736e+00,1.642077704760000145e+01,4.943460464480000205e+00,-1.121884822850000019e+00,-5.105812549589999749e-01,0.000000000000000000e+00
3.685258779000000207e+00,-1.035035823329999971e+01,4.847503744059999953e+00,1.460889596770000054e+01,4.534311771389999635e+00,-2.526104688640000262e+00,5.359305441380000923e-02,0.000000000000000000e+00
3.690102748000000155e+00,-1.179538869900000009e+01,2.975043984549999632e+00,1.223791502410000120e+01,3.639551639559999607e+00,-3.733236074449999720e+00,3.562809824939999759e-01,0.000000000000000000e+00
3.695178528000000018e+00,-1.455990134289999993e+01,4.508774624160000188e-01,9.468992747119999720e+00,2.466102600099999709e+00,-4.516861915589999832e+00,4.102997183800000114e-01,0.000000000000000000e+00
3.700105934000000207e+00,-1.745397793980000145e+01,-1.410795895470000172e+00,7.039922602669999918e+00,1.197419047359999933e+00,-4.766337871549999328e+00,3.613457977769999885e-01,0.000000000000000000e+00
3.704986800999999996e+00,-2.438535541210000090e+01,-2.545825936909999854e+01,-9.262091871910001828e+00,-4.782374501230000075e-01,-4.762321949009999500e+00,5.585566759110000001e-01,0.000000000000000000e+00
3.710228475000000081e+00,-3.313715850530000040e+01,-5.714997707430000418e+01,-1.152825284309999887e+01,-2.893778085709999726e+00,-4.864278316500000088e+00,2.285014152530000064e+00,0.000000000000000000e+00
3.715195401999999980e+00,-3.513981934670000129e+01,-2.943325839439999925e+01,-1.004186160839999964e+01,-5.957428932190000026e+00,-3.439344644549999774e+00,3.167896986010000138e+00,0.000000000000000000e+00
3.720108436999999935e+00,-3.128174106599999860e+01,-7.379633280960001152e+00,-1.156875085769999956e+01,-9.029058456419999601e+00,-1.888491988179999970e+00,1.839990735049999993e+00,0.000000000000000000e+00
3.725120999000000044e+00,-2.947562220289999857e+01,4.142800354459999390e+00,-6.158711430310000345e+00,-9.620003700259999846e+00,5.896891355509999988e-01,6.865520477290000256e-01,0.000000000000000000e+00
3.730158175000000131e+00,-2.314276708860000298e+01,1.427392751549999872e+01,-5.819986255930000851e+00,-9.540367126459999625e+00,3.793831110000000173e+00,4.687118530269999694e-01,0.000000000000000000e+00
3.735183602999999852e+00,-2.664925077639999884e+01,2.138886473490000029e+01,-1.933077835890000173e+01,-7.720880985259999996e+00,6.452068328860000257e+00,1.097730994219999978e+00,0.000000000000000000e+00
3.740102682999999928e+00,-3.884937061519999624e+00,1.587830098650000110e+01,-2.367607784650000013e+01,-5.371126174930000552e+00,6.636929512020000033e+00,1.410277128219999954e+00,0.000000000000000000e+00
3.745063222999999830e+00,2.044785463510000056e+01,1.184900806099999926e+01,-1.890575378819999841e+01,-3.490432977680000270e+00,6.158613204959999088e+00,1.413461804390000021e+00,0.000000000000000000e+00
3.750267586000000097e+00,2.863981669090000182e+01,5.302907086399999415e+00,-1.411099086970000016e+01,-2.758646488190000134e+00,4.135537624359999498e+00,1.128162860870000062e+00,0.000000000000000000e+00
3.755178585999999985e+00,1.372396606710000100e+01,-3.344496890139999845e+00,-1.543540875069999885e+01,-2.496140956880000150e+00,1.748420596120000114e+00,1.191983103749999939e+00,0.000000000000000000e+00
3.760146788000000129e+00,-2.822064669140000426e+00,-2.903657787459999806e+00,-1.311921855099999945e+01,-2.844518661499999546e+00,2.292740494009999908e-01,1.443836092949999816e+00,0.000000000000000000e+00
3.765121220999999796e+00,-2.410653613259999606e+00,2.194480175059999816e+00,-7.093377714009999835e+00,-3.331324100490000273e+00,-1.191899418829999835e+00,1.138980507849999935e+00,0.000000000000000000e+00
3.770180987999999900e+00,-8.181066567729999406e+00,5.182439463019999693e+00,-9.703166829169999730e+00,-3.411212205890000071e+00,-1.285177469249999982e+00,7.249012589450000155e-01,0.000000000000000000e+00
3.775152821999999908e+00,-9.816856921239999423e+00,6.573476472790000358e+00,-1.400785548940000069e+01,-3.135946750640000058e+00,-6.922047138210000172e-01,3.124741017819999689e-01,0.000000000000000000e+00
3.780171129999999824e+00,-3.218914700230000037e+00,1.307132165829999870e+01,-9.965221436320000237e+00,-2.275929450990000102e+00,-4.625306129460000082e-01,-4.895001649859999637e-01,0.000000000000000000e+00
3.785059372000000089e+00,-1.006912604739999928e+01,1.887298432200000065e+01,-1.466123171959999993e+01,-1.682030439379999853e+00,9.216192364690000138e-01,-3.023671209809999927e-01,0.000000000000000000e+00
3.790011197000000109e+00,-1.293345281820000192e+00,8.926447712419999903e+00,-1.010565983460000083e+01,-1.267419695849999917e+00,1.685294508929999990e+00,2.178681194779999997e-01,0.000000000000000000e+00
3.795138033999999827e+00,-8.332839576080000032e-01,-4.209132994479999890e-01,-1.227998423359999869e+01,-6.909608840940000274e-01,1.728875160220000096e+00,6.161311864849999820e-01,0.000000000000000000e+00
3.800140805999999927e+00,9.169042343750000157e-02,-5.945148165470000474e-03,-1.156897414510000033e+01,-2.154490649699999649e-01,1.367362260820000230e+00,5.935527086259999585e-01,0.000000000000000000e+00
3.804950378000000022e+00,-7.251675374890000081e-02,7.618142469609999745e-01,-1.272326225380000153e+01,-3.582278266549999979e-02,5.698710083960000228e-01,5.005957484249999867e-01,0.000000000000000000e+00
3.809983579999999925e+00,4.497291691629999866e-01,2.972394273760000094e-01,-1.218098259210000123e+01,-1.336659342050000032e-01,-2.430176436900000347e-01,2.277242094280000073e-01,0.000000000000000000e+00
3.815123638999999844e+00,-2.205113505019999920e+00,-1.229999767860000093e+00,-9.688525140359999455e+00,-4.240301549430000039e-01,-6.858436465260000503e-01,-2.315751090650000274e-02,0.000000000000000000e+00
3.820046351999999867e+00,-3.906941388059999909e+00,-1.819846432759999744e-01,-9.702088970810001101e+00,-5.172352194789999746e-01,-9.581790566439999379e-01,-1.106246486309999943e-01,0.000000000000000000e+00
3.825073807999999964e+00,-3.912973946219999721e+00,8.371300385770000796e-01,-9.668563133300001056e+00,-4.551297724250000232e-01,-8.148785829539999526e-01,-1.189167201519999995e-01,0.000000000000000000e+00
3.830013616000000010e+00,-4.509623496069999682e+00,1.297248426739999960e+00,-1.000654479580000000e+01,-3.660167753699999915e-01,-4.495330154899999653e-01,-4.452581703660000306e-02,1.000000000000000000e+00
3.835065505999999846e+00,-4.099067887980000435e+00,4.567292571840000370e-01,-9.884068755250000393e+00,-2.302088737489999815e-01,-9.217225760220000563e-02,7.751693576569999855e-02,1.000000000000000000e+00
3.840192631999999939e+00,-3.264923294949999999e+00,-6.387384138470000305e-01,-1.008763317950000094e+01,-1.520880907770000012e-01,9.846980124710001669e-02,1.962603628640000042e-01,1.000000000000000000e+00
3.845129775000000194e+00,-2.171158628450000183e+00,-5.174196900659999709e-01,-1.043575921940000129e+01,-1.187128052119999916e-01,7.510884106160001239e-02,1.756956577299999822e-01,1.000000000000000000e+00
3.850102439000000043e+00,-1.949354490880000013e+00,-3.997864498650000042e-01,-1.065395539559999882e+01,-1.601125746969999930e-01,-1.158457696440000073e-01,1.294257491829999829e-01,1.000000000000000000e+00
3.855075455999999789e+00,-2.073368993079999889e+00,-1.528144254309999894e-01,-1.033536641580000115e+01,-1.698004007339999899e-01,-3.485628664490000306e-01,9.404978156089999208e-02,1.000000000000000000e+00
3.860133267000000146e+00,-2.548419869700000007e+00,2.626595507730000167e-01,-1.020483800169999888e+01,-1.104423478250000090e-01,-4.899302721019999640e-01,7.382576912640000100e-02,1.000000000000000000e+00
3.865190179999999920e+00,-3.423586501209999966e+00,7.196084785899999892e-01,-9.843577754900000087e+00,5.263581406329999844e-03,-5.108249783519999143e-01,7.077234238389999710e-02,1.000000000000000000e+00
3.869996981999999974e+00,-3.585914951979999987e+00,3.508777497889999930e-01,-9.629065235649999721e+00,4.246589913959999268e-02,-4.151093363759999488e-01,7.525604218239999310e-02,1.000000000000000000e+00
3.875002491000000049e+00,-3.534846443519999770e+00,4.783697005789999679e-02,-9.683033557199999919e+00,6.799208372830001235e-02,-2.993331551550000302e-01,1.172451525929999877e-01,1.000000000000000000e+00
3.880182682000000050e+00,-3.352354617910000112e+00,3.829831991020000159e-01,-9.807931271980001142e+00,8.115997910500000190e-02,-2.237450778480000180e-01,1.216658130289999945e-01,1.000000000000000000e+00
3.885282220000000120e+00,-2.950041937499999989e+00,6.695687286570000119e-01,-1.008163949200000076e+01,9.445226937529999089e-02,-2.551605403420000306e-01,1.023107469080000026e-01,1.000000000000000000e+00
3.890185597999999967e+00,-2.756225000270000169e+00,7.289052992450000268e-01,-1.017013727520000010e+01,1.276039183140000033e-01,-3.403168022629999845e-01,6.392706930640000562e-02,1.000000000000000000e+00
3.895110940999999993e+00,-2.757576999399999895e+00,5.298122847799999757e-01,-1.020344099440000107e+01,1.854052245620000094e-01,-4.049104154110000353e-01,4.963196814059999545e-02,1.000000000000000000e+00
3.900165223000000125e+00,-2.736552039290000238e+00,3.120804746870000090e-01,-1.034186162309999979e+01,2.550487220289999746e-01,-4.522023200990000213e-01,3.177336230870000250e-02,1.000000000000000000e+00
3.905048080999999893e+00,-2.695200330470000072e+00,1.224548334050000048e-01,-1.063885953329999978e+01,3.118888437750000353e-01,-4.804733395579999788e-01,3.656547144059999616e-02,0.000000000000000000e+00
3.910042488999999843e+00,-2.592069334080000065e+00,3.336374227829999595e-01,-1.093107137829999864e+01,3.443889319900000356e-01,-4.974287748339999982e-01,4.437308758500000533e-02,0.000000000000000000e+00
3.914961737000000053e+00,-2.359135753599999941e+00,5.270213023540000208e-01,-1.116934821949999979e+01,3.952537477020000023e-01,-5.476889014239999520e-01,4.939886182549999699e-02,0.000000000000000000e+00
3.920073454000000179e+00,-2.048473182890000022e+00,4.562687635329999991e-01,-1.141310203079999930e+01,4.368588626380000006e-01,-6.436089873309999154e-01,1.612634770570000112e-02,0.000000000000000000e+00
3.925147192999999923e+00,-2.110303616120000392e+00,2.389203815339999981e-01,-1.164123391010000041e+01,5.088974833489999794e-01,-7.853122949600001013e-01,2.610764279960000114e-02,0.000000000000000000e+00
3.930198029000000037e+00,-1.767472906120000076e+00,-1.483920058790000052e-01,-1.202798048030000011e+01,5.483162403110000138e-01,-9.409948587420000621e-01,-1.986215589569999967e-03,0.000000000000000000e+00
3.935144972999999879e+00,-1.703155186120000275e+00,6.683187194630001160e-02,-1.224864684599999975e+01,5.417020916939999653e-01,-1.088936924929999828e+00,1.475024130200000040e-02,0.000000000000000000e+00
3.940026109000000165e+00,-2.065812294090000112e+00,1.039240318499999871e+00,-1.236528468200000042e+01,5.040921568869999314e-01,-1.274762868879999900e+00,-1.298386137930000045e-02,0.000000000000000000e+00
3.944986206999999911e+00,-1.922037298759999846e+00,5.279627844559999783e-01,-1.200351122500000045e+01,4.944570660589999722e-01,-1.440119504929999961e+00,-3.224766999479999896e-02,0.000000000000000000e+00
3.950310325999999872e+00,-1.921540747409999916e+00,4.376056371819999624e-01,-1.200369710290000036e+01,5.261523723600000091e-01,-1.555384516720000221e+00,-5.679685249919999568e-02,0.000000000000000000e+00
3.954976851000000071e+00,-1.794333002129999910e+00,5.140765536509999123e-01,-1.203738309940000129e+01,5.805825591089999183e-01,-1.676689386369999868e+00,-6.634939461949999895e-02,0.000000000000000000e+00
3.960198303999999947e+00,-1.601721933560000144e+00,5.110023703699999587e-01,-1.190990939670000159e+01,6.479949951169999833e-01,-1.821497082709999882e+00,-8.581627905369998421e-02,0.000000000000000000e+00
3.965213014999999785e+00,-1.346405694750000048e+00,3.269178687370000169e-01,-1.176945580089999943e+01,6.901924014089999559e-01,-1.968718409540000325e+00,-1.006583198900000004e-01,0.000000000000000000e+00
3.970241944000000078e+00,-1.314057814989999962e+00,1.592864709900000120e-01,-1.162046234019999957e+01,6.993089318279999134e-01,-2.113959550859999759e+00,-1.271096616980000038e-01,0.000000000000000000e+00
3.975204774999999913e+00,-1.421542622670000089e+00,3.297878209829999824e-02,-1.126988481549999932e+01,6.868966817859999408e-01,-2.258777141569999980e+00,-1.398044079539999818e-01,0.000000000000000000e+00
3.980193644999999947e+00,-1.513053177760000034e+00,2.207768038109999831e-01,-1.092010808579999903e+01,6.502102017399999934e-01,-2.439170360569999918e+00,-1.503617465499999806e-01,0.000000000000000000e+00
3.985229209999999966e+00,-1.625507590550000048e+00,3.162218122759999916e-01,-1.041098016749999999e+01,6.266874074939999817e-01,-2.537546634669999968e+00,-1.917024105790000044e-01,0.000000000000000000e+00
3.990203612000000177e+00,-1.838968993320000189e+00,5.753029200399999432e-01,-9.682231008649999637e+00,6.444951891900000396e-01,-2.665781497959999857e+00,-2.073886394499999952e-01,0.000000000000000000e+00
3.995115880999999813e+00,-2.312737575039999882e+00,9.053340984929999502e-01,-9.256266526760001057e+00,6.547989845280000054e-01,-2.731778383259999554e+00,-2.104168236259999769e-01,0.000000000000000000e+00
4.000227488000000164e+00,-2.971535099640000066e+00,1.216175386770000033e+00,-8.794464423289999999e+00,6.912812590600000417e-01,-2.806322336200000045e+00,-2.091711759569999940e-01,0.000000000000000000e+00
4.004937847999999967e+00,-3.482375959310000102e+00,1.537218920119999943e+00,-8.478221129830000535e+00,7.439126372339999183e-01,-2.842055320740000113e+00,-2.187419533729999810e-01,0.000000000000000000e+00
4.010088351000000273e+00,-3.810217628359999775e+00,1.642091353350000116e+00,-8.197310431050000901e+00,8.401925563809999886e-01,-2.877921342850000119e+00,-2.512607276440000370e-01,0.000000000000000000e+00
4.015285192000000336e+00,-4.316632196019999590e+00,1.633259665990000054e+00,-8.331335455130000511e+00,9.522651433939999244e-01,-2.903370857240000547e+00,-2.890568077560000115e-01,0.000000000000000000e+00
4.020129300999999877e+00,-4.542734030769999265e+00,2.252331913919999984e+00,-8.767427947799999899e+00,1.084327578539999948e+00,-2.893644332890000559e+00,-3.213886022570000001e-01,0.000000000000000000e+00
4.025058201000000224e+00,-4.452029969759999872e+00,2.791444489949999941e+00,-8.984241145209999502e+00,1.254934549329999927e+00,-2.948434591290000295e+00,-3.700390160079999879e-01,0.000000000000000000e+00
4.030303306999999613e+00,-5.290617513669999994e+00,2.858029131970000414e+00,-8.131161842360000946e+00,1.447591185570000105e+00,-3.028475284580000260e+00,-4.603730142119999980e-01,0.000000000000000000e+00
4.035117819999999966e+00,-7.196822890910000936e+00,2.833269369249999947e+00,-7.936682641830000939e+00,1.707899689670000054e+00,-3.032877206800000280e+00,-5.587636232379999957e-01,0.000000000000000000e+00
4.040156615999999978e+00,-8.363301788230000255e+00,2.708368147340000309e+00,-8.283426287490000206e+00,1.948151230809999745e+00,-2.963017702099999706e+00,-6.625354290010000424e-01,0.000000000000000000e+00
4.045105265000000117e+00,-8.914578995450000320e+00,2.088281023270000425e+00,-8.150190952470000028e+00,2.168028116229999913e+00,-2.814937114720000189e+00,-7.807213068009999368e-01,0.000000000000000000e+00
4.050231694999999910e+00,-9.652668814080000104e+00,1.477035815699999866e+00,-7.865859047060000719e+00,2.371528625490000319e+00,-2.564049482350000186e+00,-8.752938508990000255e-01,0.000000000000000000e+00
4.055086187999999758e+00,-9.592228081639998294e+00,5.978025192809999222e-01,-7.252609075539998784e+00,2.485253572460000004e+00,-2.254619836809999889e+00,-8.960177302359999540e-01,0.000000000000000000e+00
4.060119628999999897e+00,-9.277125190389998721e+00,4.935417425430000359e-03,-7.030626951060000351e+00,2.520601987840000113e+00,-1.970401406290000157e+00,-9.029207229610000107e-01,0.000000000000000000e+00
4.065201551000000357e+00,-1.039836501609999964e+01,-9.970028398209999088e-01,-7.622168948639999719e+00,2.452314853670000350e+00,-1.704092144970000167e+00,-8.416250348090000832e-01,0.000000000000000000e+00
4.070202790999999820e+00,-1.217628420509999998e+01,-2.060192116120000083e+00,-7.806862668219999968e+00,2.320125341420000264e+00,-1.488973259930000070e+00,-8.065534234050000251e-01,0.000000000000000000e+00
4.075188150999999870e+00,-1.477162803079999875e+01,-3.190111507329999707e+00,-8.078657163609999969e+00,2.097723484040000308e+00,-1.251631379129999777e+00,-8.088456392290001018e-01,0.000000000000000000e+00
4.080149707000000348e+00,-1.569346113640000162e+01,-3.976156963100000219e+00,-6.953800901010001034e+00,1.801883459090000139e+00,-8.665586709980001023e-01,-8.428875803950000023e-01,0.000000000000000000e+00
4.085129919999999970e+00,-1.653455072630000089e+01,-4.657300613409999457e+00,-7.108561839139999172e+00,1.383804082870000007e+00,-3.350067436699999956e-01,-8.656358122830000168e-01,0.000000000000000000e+00
4.090102135999999611e+00,-1.488285903930000131e+01,-4.329601275439999952e+00,-6.500178596869998771e+00,8.493400812150000423e-01,3.509067296980000195e-01,-8.919712901119999371e-01,0.000000000000000000e+00
4.095052432000000131e+00,-1.349312785140000059e+01,-2.804290819779999833e+00,-6.570403641219999535e+00,2.804083526130000115e-01,9.619218707080000597e-01,-9.215342402459999471e-01,0.000000000000000000e+00
4.100120690999999873e+00,-1.354220547829999965e+01,-2.660733997239999926e+00,-7.690599510790000259e+00,-2.225591987370000024e-01,1.458987712860000174e+00,-1.064754486080000007e+00,0.000000000000000000e+00
4.105026450999999632e+00,-9.992940633370000825e+00,-1.493250599050000016e+00,-6.838810247740000570e+00,-4.762022793289999445e-01,1.866682052609999865e+00,-1.035734534259999950e+00,0.000000000000000000e+00
4.109969613999999716e+00,-5.448553574700000013e+00,1.074935024480000001e+00,-4.580522494160000235e+00,-5.366626977920000430e-01,2.146539449690000101e+00,-8.934847712519999874e-01,0.000000000000000000e+00
4.115146968000000349e+00,-7.981869106510000478e+00,3.312025822390000318e+00,-2.776600848830000245e+00,-4.339844286439999976e-01,2.181061983109999769e+00,-4.117974638939999599e-01,0.000000000000000000e+00
4.120065520999999897e+00,-1.620189347370000021e+01,-5.792490912499999312e-02,-3.584119300730000290e+00,-3.587283194070000070e-01,1.882843494420000097e+00,2.395705580710000282e-01,0.000000000000000000e+00
4.125206300000000326e+00,-1.826731676840000063e+01,1.291350747010000077e+00,-7.399633866460000320e+00,-2.711968421939999763e-01,1.776895999910000024e+00,9.088312983509999610e-01,0.000000000000000000e+00
4.130140791999999728e+00,-1.177630405930000101e+01,3.642149464900000133e+00,-7.005473805110000285e+00,-1.749784648419999977e-01,1.907213211059999747e+00,1.242357730870000232e+00,0.000000000000000000e+00
4.135226260999999681e+00,-7.341254158200000823e+00,4.281095895470000023e+00,-4.844767012569999309e+00,-1.138630658390000078e-01,2.242920160290000187e+00,1.279877901079999880e+00,0.000000000000000000e+00
4.140001365999999905e+00,-8.815814085310000436e+00,3.046591217410000052e+00,-2.436470337700000321e+00,-1.331968158479999997e-01,2.424003124240000417e+00,1.465573430060000071e+00,0.000000000000000000e+00
4.145101201000000124e+00,-7.904353905149999804e+00,7.076713725589999227e-01,-1.810956950800000076e+00,-1.778756529089999816e-01,2.390571594240000319e+00,1.854140281679999891e+00,0.000000000000000000e+00
4.149970663000000393e+00,-6.731705963810000526e+00,4.419282130889999882e-01,-7.849430474830000337e-01,-1.872539520259999812e-01,1.822609066959999691e+00,2.300032377239999981e+00,0.000000000000000000e+00
4.155084937999999894e+00,-6.249084359670000310e+00,2.238462670779999719e+00,-6.989794589939999359e-01,-2.544364035130000090e-01,9.995771050449999695e-01,2.537990093229999911e+00,0.000000000000000000e+00
4.160100384999999790e+00,-8.132793827469999570e+00,3.305078779730000083e+00,-5.215035618459999966e-01,-3.773317933079999853e-01,2.443611770870000033e-01,2.647473335269999950e+00,0.000000000000000000e+00
4.165258806999999841e+00,-1.074906061420000114e+01,2.642402806259999792e+00,-7.556146616680000649e-01,-5.417749881740000495e-01,-3.754048645499999948e-01,2.639106750490000319e+00,0.000000000000000000e+00
4.170315369999999966e+00,-1.284589728440000123e+01,1.523052447599999804e+00,-1.474947026729999777e+00,-6.317610144619999479e-01,-8.414522409440000628e-01,2.657477140429999718e+00,0.000000000000000000e+00
4.175158571999999957e+00,-1.512954364339999991e+01,5.824893609460000121e-01,-2.310946746099999949e+00,-6.842011213299999950e-01,-1.065171480179999852e+00,2.772361278530000028e+00,0.000000000000000000e+00
4.180171060000000161e+00,-1.646138027619999988e+01,3.008123174260000088e-01,-3.224835906970000110e+00,-7.397801280019999925e-01,-1.179718971250000026e+00,2.921685457229999727e+00,0.000000000000000000e+00
4.185125529999999650e+00,-1.759407147019999940e+01,7.349911950300000996e-01,-3.865116508759999903e+00,-8.513150811199999834e-01,-1.235096931459999992e+00,3.030072927470000010e+00,0.000000000000000000e+00
4.190019182000000342e+00,-1.822157442339999989e+01,7.403740571119999947e-01,-4.262807374589999476e+00,-9.680082201960000798e-01,-1.150712370870000223e+00,3.048406124110000004e+00,0.000000000000000000e+00
4.195045902999999576e+00,-1.802049187909999972e+01,3.959095353659999872e-01,-4.589316625990000453e+00,-1.000359535220000096e+00,-1.045370578770000058e+00,2.998168706890000035e+00,0.000000000000000000e+00
4.200215441000000105e+00,-1.695917782209999913e+01,4.110509903969999934e-01,-4.368027452209999772e+00,-9.870014786720000544e-01,-9.754115343089999612e-01,2.890376091000000258e+00,0.000000000000000000e+00
4.205003259999999798e+00,-1.562744523420000142e+01,4.311532096399999237e-01,-3.689187694930000205e+00,-9.649264216419999318e-01,-1.060535311700000038e+00,2.786167860030000387e+00,0.000000000000000000e+00
4.210160615000000384e+00,-1.424722772460000009e+01,-2.833391315129999977e-01,-3.095367815540000400e+00,-9.810676574709999986e-01,-1.246653795239999862e+00,2.656046867370000175e+00,0.000000000000000000e+00
4.215257785999999562e+00,-1.340914842249999950e+01,-1.020243210959999924e+00,-2.934833554709999515e+00,-1.038930654529999886e+00,-1.455364584920000093e+00,2.556241512299999741e+00,0.000000000000000000e+00
4.220083530000000138e+00,-1.279234221980000008e+01,-1.191847804920000087e+00,-3.040036681200000146e+00,-1.111931324010000166e+00,-1.707977771759999985e+00,2.398622274400000087e+00,0.000000000000000000e+00
4.225077406999999674e+00,-1.234008594330000008e+01,-1.150042945500000080e+00,-2.977849689620000184e+00,-1.175980687140000036e+00,-1.928297162059999792e+00,2.233699560170000264e+00,0.000000000000000000e+00
4.230174134000000308e+00,-1.169832533209999959e+01,-9.893370544339999961e-01,-3.471192009730000638e+00,-1.279466748239999951e+00,-2.100969314579999914e+00,1.961671233179999918e+00,0.000000000000000000e+00
4.235196046000000436e+00,-1.153343989030000039e+01,-7.795340280470000049e-01,-4.002476814750000500e+00,-1.384885668749999965e+00,-2.208310842509999983e+00,1.732131838799999990e+00,0.000000000000000000e+00
4.240020401999999855e+00,-1.107513965749999940e+01,-4.675413777729999776e-01,-4.495129399030000528e+00,-1.448397636409999967e+00,-2.260528802870000131e+00,1.455911040310000182e+00,0.000000000000000000e+00
4.245092160999999642e+00,-1.054984853989999927e+01,-4.475939380999999911e-02,-4.754207912980000117e+00,-1.455179691310000134e+00,-2.253319501880000075e+00,1.191958904270000064e+00,0.000000000000000000e+00
4.250187077999999730e+00,-9.892247385530000159e+00,3.904147738750000096e-01,-5.038696178000000359e+00,-1.418103933330000066e+00,-2.180186033250000044e+00,9.383636116979999775e-01,0.000000000000000000e+00
4.255089568999999905e+00,-9.154188546549999472e+00,6.085901995489999550e-01,-5.051242355839999476e+00,-1.353302121160000038e+00,-2.121783018109999919e+00,7.252067327500000271e-01,0.000000000000000000e+00
4.260135588999999889e+00,-8.246963812010001504e+00,5.402047551849999962e-01,-4.993119837219999191e+00,-1.265412569049999991e+00,-2.029086112979999967e+00,5.385243296620000342e-01,0.000000000000000000e+00
4.265290025999999735e+00,-7.527843482260000663e+00,4.048844671239999471e-01,-4.875591189899999733e+00,-1.184536337850000010e+00,-1.939897298809999837e+00,4.253021180630000009e-01,0.000000000000000000e+00
4.270178807999999826e+00,-6.707391606759999902e+00,7.068525487229999904e-02,-4.781934124300000200e+00,-1.122934460640000021e+00,-1.863161802290000058e+00,3.391538858409999802e-01,0.000000000000000000e+00
4.275138977000000118e+00,-5.791454573450000254e+00,-2.618043769819999866e-01,-4.592954397969999825e+00,-1.067890882489999971e+00,-1.775769829749999973e+00,2.749080955980000018e-01,0.000000000000000000e+00
4.280130864000000201e+00,-4.966657362230000317e+00,-5.633640969759999839e-01,-4.572557798890000136e+00,-1.033079266549999931e+00,-1.678741097450000108e+00,2.401985973119999951e-01,0.000000000000000000e+00
4.284999637000000305e+00,-4.326085960799999519e+00,-9.519174243610000197e-01,-4.545986310570000022e+00,-9.991195201870000098e-01,-1.601330876349999821e+00,1.909049749370000104e-01,0.000000000000000000e+00
4.290107023000000019e+00,-3.558059269059999696e+00,-1.578366484670000069e+00,-4.581488416580000944e+00,-9.604783058169999999e-01,-1.509612798689999869e+00,1.549739241599999984e-01,0.000000000000000000e+00
4.295125132999999984e+00,-2.855793628009999807e+00,-2.058683319000000012e+00,-4.815545594259999618e+00,-8.934922218320000553e-01,-1.411926507949999854e+00,1.148187741640000065e-01,0.000000000000000000e+00
4.300222611999999778e+00,-2.201527609359999804e+00,-2.243108450759999872e+00,-4.991228908900000150e+00,-8.161140680310000617e-01,-1.298208951949999967e+00,3.806858882309999831e-02,0.000000000000000000e+00
4.305101999999999762e+00,-1.423624543510000118e+00,-2.688900938059999746e+00,-5.227518375679999885e+00,-7.364647984500000133e-01,-1.177453517910000080e+00,-8.851248025890000315e-02,0.000000000000000000e+00
4.310145686000000254e+00,-4.886680081600000558e-01,-3.422474448309999584e+00,-5.532800714659999564e+00,-6.573383808139999784e-01,-1.019792914389999972e+00,-2.705648839469999567e-01,0.000000000000000000e+00
4.315139354000000260e+00,4.699812452059999868e-01,-4.335311762039999905e+00,-5.755121277309999783e+00,-6.066887974739999523e-01,-8.190962672229998853e-01,-4.668316841130000228e-01,0.000000000000000000e+00
4.320013807999999678e+00,1.575622885050000033e+00,-5.070287832570000042e+00,-5.856838022989999892e+00,-5.642551779750000218e-01,-6.302804350849999793e-01,-6.920624375339999856e-01,0.000000000000000000e+00
4.325119245999999862e+00,2.564148184710000056e+00,-5.527892484349999691e+00,-5.964273146310000051e+00,-5.233597159389999920e-01,-4.460813999180000544e-01,-9.247050881389999866e-01,0.000000000000000000e+00
4.330257998999999636e+00,3.455979243030000259e+00,-5.858427922529999776e+00,-6.159924897749999850e+00,-5.459882020949999859e-01,-2.526188492770000127e-01,-1.193648934360000080e+00,0.000000000000000000e+00
4.335095212999999781e+00,4.307824912440000098e+00,-6.299345643400000583e+00,-6.190182088850000319e+00,-5.213319063189999492e-01,-8.926423639059999360e-02,-1.476615667339999938e+00,0.000000000000000000e+00
4.340159145000000329e+00,5.073411517550000305e+00,-6.565653231819998936e+00,-6.145306589809999664e+00,-5.377841591840000213e-01,7.625323534010000626e-02,-1.770721197130000091e+00,0.000000000000000000e+00
4.345085731000000173e+00,5.789827264509999516e+00,-6.770525231549999745e+00,-6.276884220750000409e+00,-5.354048609729999963e-01,2.325098365549999879e-01,-2.039049386979999934e+00,0.000000000000000000e+00
4.350279382000000084e+00,5.812986021779999568e+00,-6.434240436059999624e+00,-6.683275987160000042e+00,-5.061767101290000070e-01,3.700824379919999685e-01,-2.259687423709999976e+00,0.000000000000000000e+00
4.355192576000000315e+00,5.712387466480000064e+00,-5.624475374269999328e+00,-6.912615488670000197e+00,-4.766477048399999639e-01,5.287672281270000552e-01,-2.498968839649999829e+00,0.000000000000000000e+00
4.360056788999999711e+00,5.306925089870000001e+00,-5.107117972320000199e+00,-7.169653728960000194e+00,-3.724200427530000579e-01,6.309205293659999603e-01,-2.665402412409999755e+00,0.000000000000000000e+00
4.365125324000000084e+00,4.791048281860000202e+00,-4.952542912159999311e+00,-7.503327465159999932e+00,-2.389644831420000004e-01,7.631940245630000064e-01,-2.798066377640000102e+00,0.000000000000000000e+00
4.370172029999999985e+00,4.615140510819999875e+00,-4.712256484700000136e+00,-7.836073565130000418e+00,-1.182995885610000075e-01,9.461930990219999948e-01,-2.909470319750000034e+00,0.000000000000000000e+00
4.375239104000000268e+00,4.229098581730000639e+00,-4.435393307740000068e+00,-8.015036632100001057e+00,-4.308317229150000066e-02,1.045660018920000045e+00,-3.000411033629999835e+00,0.000000000000000000e+00
4.380231629999999932e+00,3.589184182909999965e+00,-4.091038603040000332e+00,-8.061687908630000621e+00,-4.723250120880000125e-02,1.164446115489999878e+00,-3.073612689969999590e+00,0.000000000000000000e+00
4.385090472999999989e+00,3.103795744409999724e+00,-3.698380762950000289e+00,-7.155131867130000600e+00,-9.380529820919999984e-02,1.259018898009999887e+00,-3.152039527890000414e+00,0.000000000000000000e+00
4.389989678000000062e+00,2.838722081700000288e+00,-3.044131257040000094e+00,-5.731331820920000375e+00,-1.826050132510000090e-01,1.271938920019999975e+00,-3.207360267639999929e+00,0.000000000000000000e+00
4.395231150999999947e+00,3.192482035859999456e+00,-2.396647884260000083e+00,-4.892897421749999864e+00,-2.603712379929999932e-01,1.200403213500000010e+00,-3.148697376249999902e+00,0.000000000000000000e+00
4.400078556999999613e+00,3.085282182589999866e+00,-1.221150471769999912e+00,-4.845011342719999448e+00,-2.771790325640000052e-01,1.008393406870000009e+00,-3.025303602220000165e+00,0.000000000000000000e+00
4.405074640999999680e+00,2.112466200979999709e+00,2.865301826389999862e-01,-4.679345564220000142e+00,-2.570416927340000157e-01,7.064731717110001030e-01,-2.971646785739999963e+00,0.000000000000000000e+00
4.410040241999999999e+00,5.179704192840000054e-01,1.511661431139999845e+00,-4.371410080390000452e+00,-1.659282445910000015e-01,4.003109037879999943e-01,-2.910613536829999681e+00,0.000000000000000000e+00
4.415065482000000152e+00,-1.021666594829999886e+00,1.704964427499999990e+00,-4.136565843979999713e+00,-7.010133564470000245e-02,2.004943788050000120e-01,-2.878937721249999804e+00,0.000000000000000000e+00
4.420088649000000203e+00,-1.968098062059999709e+00,1.091065928939999985e+00,-4.539062648789999876e+00,-1.039425097410000103e-02,1.442555487159999927e-01,-2.842962741850000086e+00,0.000000000000000000e+00
4.425055928999999999e+00,-2.154451093140000051e+00,-2.738290334330000242e-01,-4.647919913870000030e+00,-1.169811040159999954e-01,1.837369799609999965e-01,-2.766412973399999586e+00,0.000000000000000000e+00
4.430303641000000070e+00,-1.422278681859999949e+00,-1.492443812720000151e+00,-3.787921917659999860e+00,-3.702745139599999957e-01,2.423588335509999914e-01,-2.599615812299999718e+00,0.000000000000000000e+00
4.435262681000000207e+00,1.812277604940000231e-01,-1.741335425299999962e+00,-2.844361841150000014e+00,-7.291660308840001159e-01,2.615574002270000253e-01,-2.389910936359999738e+00,0.000000000000000000e+00
4.440021198000000169e+00,1.291005002310000149e+00,-1.374833916859999894e+00,-2.450274552770000280e+00,-1.110073089599999951e+00,2.150122672320000095e-01,-2.118153810499999956e+00,0.000000000000000000e+00
4.445008606000000029e+00,1.592984354220000176e+00,-1.199568827630000056e+00,-1.701147791820000199e+00,-1.386528968810000206e+00,2.738577313720000003e-02,-1.818149566649999826e+00,0.000000000000000000e+00
4.450188759999999633e+00,5.520373194759999436e+00,-5.769166169280000034e+00,6.696213794670000219e+00,-1.589672088620000201e+00,-4.261334538459999877e-01,-1.180144667630000033e+00,0.000000000000000000e+00
4.455137279999999755e+00,-8.058655993589999511e+00,3.429790324290000303e+00,-1.063813121899999992e+01,-1.621112823490000077e+00,-2.187776565549999774e-01,-5.474499464040000207e-01,0.000000000000000000e+00
4.460086012999999738e+00,-2.670565070900000060e-01,4.063309761380000218e+00,-6.848877468250000433e+00,-1.847128868099999988e+00,2.639260888099999591e-01,1.672350466249999945e-01,0.000000000000000000e+00
4.465016765999999748e+00,-9.477165532180000795e+00,-4.115122658459999805e+00,-1.048768814409999983e+01,-1.925712227820000066e+00,2.187354266640000044e-01,2.722470648590000208e-02,0.000000000000000000e+00
4.470271515000000306e+00,-3.399217608269999857e+01,-6.115997931609999938e-01,-2.222749933280000079e+01,-1.597649335859999908e+00,1.605988979339999956e+00,-9.698916673659999654e-01,0.000000000000000000e+00
4.475160247999999896e+00,-4.940979432520000358e+01,1.969459998060000050e+00,-2.449851884989999817e+01,-1.183683872220000044e+00,1.894840955729999887e+00,-1.118010759349999939e+00,0.000000000000000000e+00
4.480104078000000101e+00,-5.956755493390000566e+01,4.108232898949999878e+00,-2.621098561590000031e+01,-5.639772415160000385e-01,2.842633008959999596e+00,-1.401298403739999809e+00,0.000000000000000000e+00
4.485094082999999898e+00,-2.074966199150000179e+01,5.606588419919999566e+00,-1.050078260349999937e+01,3.413534536959999394e-02,4.981745243069999773e+00,-6.185376644129999546e-01,0.000000000000000000e+00
4.490026992999999855e+00,1.640580218129999990e+00,9.040835869750000198e-01,-1.317249772119999918e+01,6.397990584370000233e-01,7.170067310330000332e+00,-4.306519627570000175e-01,0.000000000000000000e+00
4.495112533000000354e+00,-1.094299138709999980e-01,-8.296443589969999977e+00,-2.079094092729999943e+01,5.199041366579999490e-01,8.630014419560000150e+00,6.542664952580000241e-03,0.000000000000000000e+00
4.500183190000000444e+00,4.057344130969999796e+00,-1.191235737440000086e+01,-1.588016678039999974e+01,-2.518539130689999572e-01,7.857678890229999880e+00,7.139242291449999778e-01,0.000000000000000000e+00
4.504983511999999912e+00,1.037372624940000065e+01,-1.361699739220000005e+01,-8.848167371900000688e+00,-4.497802555560000415e-01,6.156074523930000097e+00,1.181863307950000053e+00,0.000000000000000000e+00
4.510291310999999581e+00,4.418502086430000197e+00,-9.830104525350000344e+00,-1.140781327680000068e+01,-9.413866400720000138e-01,4.865269660950000130e+00,9.936958551410000062e-01,0.000000000000000000e+00
4.515256012000000041e+00,-8.023908797600001197e-01,-5.097917013250000018e+00,-1.412010590410000077e+01,-1.469323515889999765e+00,3.550417900090000245e+00,1.012553811070000087e+00,0.000000000000000000e+00
4.520131589000000005e+00,4.369076669000000024e+00,-7.649596323139999932e-01,-1.519702318839999933e+01,-1.839376807209999853e+00,2.390957832340000255e+00,2.878898084159999815e-01,0.000000000000000000e+00
4.525048838000000018e+00,1.567827262740000005e-01,1.193107595720000136e+00,-1.621766971950000169e+01,-1.950745224950000134e+00,2.309572219850000163e+00,-2.559656798839999858e-01,0.000000000000000000e+00
4.530065998999999621e+00,-1.981046244829999914e+00,1.937859867919999868e+00,-1.581052099720000115e+01,-1.763863682750000050e+00,2.338929891590000310e+00,-4.107308387759999735e-01,0.000000000000000000e+00
4.535113617999999569e+00,-3.858936066560000322e-01,3.823535667359999835e+00,-1.731723488889999985e+01,-1.543213963510000175e+00,2.464069843290000339e+00,-2.370305061340000075e-01,0.000000000000000000e+00
4.540182738999999579e+00,-3.157665574020000143e+00,2.077595086350000120e+00,-1.687383879529999930e+01,-1.328085541729999930e+00,2.953367233280000281e+00,5.276080965999999650e-01,0.000000000000000000e+00
4.545071091999999702e+00,1.505296133899999944e+00,2.825263172920000065e-01,-1.607823436079999979e+01,-1.153492927549999880e+00,2.891344308849999933e+00,9.385702013969999813e-01,0.000000000000000000e+00
4.550235898000000390e+00,9.707181325509999237e-01,1.641949460660000248e+00,-1.628302277390000086e+01,-1.058670163149999954e+00,2.501739025120000015e+00,8.737434148790000910e-01,0.000000000000000000e+00
4.555079620999999968e+00,2.345221283080000108e-01,1.389594263620000270e+00,-1.564855699579999992e+01,-1.062911152839999929e+00,1.870626807209999853e+00,4.560364484790000450e-01,0.000000000000000000e+00
4.560127931000000245e+00,6.279927826229999566e-01,1.485637932089999946e+00,-1.563396265329999935e+01,-1.107658624649999979e+00,1.218299269679999908e+00,2.298097759490000114e-01,0.000000000000000000e+00
4.565131209999999662e+00,9.125717946610000242e-01,1.993928084359999797e+00,-1.500776318380000163e+01,-9.779515862459999820e-01,6.471084356310000674e-01,6.530166417360000475e-02,0.000000000000000000e+00
4.570148203999999659e+00,-9.380777726440000519e-01,1.560119026450000002e+00,-1.372768011920000042e+01,-6.619435548780000511e-01,3.125488758089999819e-01,3.067522542550000196e-03,0.000000000000000000e+00
4.575222174000000308e+00,-1.657922105820000214e+00,1.170769872509999976e+00,-1.262903732520000055e+01,-3.576674461359999890e-01,1.564196944239999998e-01,2.536207251250000363e-02,0.000000000000000000e+00
4.580044423999999559e+00,-2.878961737630000073e+00,1.091844731289999926e+00,-1.125243449900000137e+01,-1.727669984099999834e-01,1.237541213629999998e-01,5.672855675219999616e-02,1.000000000000000000e+00
4.585137311000000437e+00,-3.948123585530000312e+00,5.001045442579999944e-01,-9.840125568619999541e+00,-8.902580291030000315e-02,1.554436683650000095e-01,8.567903935910001212e-02,1.000000000000000000e+00
4.590081559999999783e+00,-3.967802976249999780e+00,1.058356230120000019e+00,-9.463840771180000999e+00,-5.139209702610000180e-02,1.624774038790000041e-01,2.486541122200000217e-02,1.000000000000000000e+00
4.595127362999999576e+00,-4.301117523759999450e+00,2.001124863999999892e+00,-8.983943039050000579e+00,-2.525581791999999964e-02,1.363802403209999903e-01,-5.278893187639999846e-02,1.000000000000000000e+00
4.600074433999999712e+00,-4.199781009569999668e+00,2.179118647540000175e+00,-8.582351366390000180e+00,6.512627750640000157e-02,1.035371944309999986e-01,-1.342396140099999802e-01,1.000000000000000000e+00
4.605072284000000238e+00,-4.444411019190000367e+00,1.512454335089999935e+00,-8.443688745639999382e+00,2.034744173290000124e-01,1.294720619920000093e-01,-1.784108132119999746e-01,1.000000000000000000e+00
4.610111053999999875e+00,-4.406699420430000735e+00,6.704483610360000290e-01,-7.980797677889999164e+00,3.036896884440000166e-01,2.361785620450000123e-01,-1.982074528929999857e-01,1.000000000000000000e+00
4.615168646999999957e+00,-4.703882624110000243e+00,7.987824982709999452e-03,-7.943328655710001129e+00,3.391044437890000096e-01,3.433357477189999951e-01,-1.994502693409999916e-01,1.000000000000000000e+00
4.620128335999999614e+00,-4.565382208169999956e+00,-7.375548349730000064e-01,-8.288929561079999786e+00,2.750547230240000252e-01,4.450407028199999671e-01,-2.249816358089999913e-01,1.000000000000000000e+00
4.625142410999999676e+00,-4.534257586590000777e+00,-1.222728169420000066e+00,-8.361707797039999335e+00,1.827031075949999972e-01,5.354552268980000695e-01,-2.049234658480000026e-01,1.000000000000000000e+00
4.630096046000000243e+00,-4.294712625149999852e+00,-1.171653815740000049e+00,-8.681723594770000219e+00,8.314484357830000116e-02,5.600796341899999531e-01,-1.833559572700000084e-01,1.000000000000000000e+00
4.635139611999999687e+00,-3.859721663979999828e+00,-9.487610792219999256e-01,-9.012334436279999750e+00,4.774497076869999718e-02,5.548748970029999672e-01,-1.798070967200000314e-01,1.000000000000000000e+00
4.640121929000000200e+00,-3.358771499209999956e+00,-9.407457497439999372e-01,-9.506873857220000446e+00,3.774068132040000328e-02,5.504269003870000398e-01,-1.505656838420000032e-01,1.000000000000000000e+00
4.645079137999999830e+00,-2.938540008009999926e+00,-1.032837684920000054e+00,-9.949688351629999872e+00,4.146084934469999872e-02,5.537596940990000549e-01,-1.325973123310000001e-01,1.000000000000000000e+00
4.650224109999999911e+00,-2.582570853370000030e+00,-6.936019306739998891e-01,-1.071557335520000009e+01,7.692551612850000164e-02,5.149135589600000174e-01,-8.900056034330000587e-02,1.000000000000000000e+00
4.655071337999999947e+00,-2.332351499310000076e+00,-2.727904658989999676e-01,-1.122350884880000166e+01,8.852699398989999358e-02,4.425477683540000040e-01,-8.518303185699999114e-02,1.000000000000000000e+00
4.660083771000000041e+00,-2.189518461000000027e+00,-4.290734533570000203e-02,-1.138358952059999929e+01,1.127404719590000132e-01,3.085738122460000010e-01,-7.558544725179999757e-02,1.000000000000000000e+00
4.665127241000000424e+00,-1.844432227159999993e+00,4.207962489389999727e-01,-1.128340013059999869e+01,1.812783777710000044e-01,1.640707552429999938e-01,-9.192238748070000187e-02,1.000000000000000000e+00
4.670098486999999743e+00,-2.211295262390000183e+00,1.105737866759999966e+00,-1.117510459109999843e+01,2.545509636400000164e-01,3.552418202160000094e-02,-9.927245974539998519e-02,1.000000000000000000e+00
4.675207900000000194e+00,-2.657957810530000131e+00,1.493252498749999990e+00,-1.071871340669999917e+01,3.477414250370000071e-01,-7.675579190249999517e-02,-1.271290481089999980e-01,1.000000000000000000e+00
4.680114506999999868e+00,-2.989759323120000367e+00,1.664492570249999970e+00,-1.045121982340000066e+01,4.340031743050000168e-01,-1.788175851110000159e-01,-1.579720228910000135e-01,0.000000000000000000e+00
4.685095281999999806e+00,-3.134274469300000199e+00,1.883089290070000033e+00,-1.081937509039999945e+01,5.407765507699999752e-01,-2.037908583879999846e-01,-1.926043182609999960e-01,0.000000000000000000e+00
4.690106922000000012e+00,-2.876519897429999695e+00,2.220056953259999855e+00,-1.150843170579999963e+01,6.329261660580000060e-01,-2.580788731579999884e-01,-2.428101748229999912e-01,0.000000000000000000e+00
4.694979458999999800e+00,-2.527729548379999969e+00,2.313239679350000078e+00,-1.173038051250000002e+01,7.208869457240000278e-01,-3.243790864939999907e-01,-2.941179275510000246e-01,0.000000000000000000e+00
4.700064303000000443e+00,-2.433366380329999856e+00,2.176382792830000135e+00,-1.194983224180000114e+01,8.331625461579998948e-01,-3.949165642260000220e-01,-3.158255517480000329e-01,0.000000000000000000e+00
4.705042745000000082e+00,-2.601430744399999995e+00,3.018059534929999899e+00,-1.221657529900000050e+01,9.469366669650000068e-01,-5.382859706879999928e-01,-3.454819023610000150e-01,0.000000000000000000e+00
4.710120077000000016e+00,-2.071472073420000282e+00,2.067068870029999950e+00,-1.192494680680000130e+01,1.093338012699999862e+00,-7.124032378200000348e-01,-3.686542809009999977e-01,0.000000000000000000e+00
4.715127450999999859e+00,-1.919845780059999729e+00,1.205436331420000062e+00,-1.190371112660000108e+01,1.214789867399999945e+00,-8.732784986499999569e-01,-3.774732351300000288e-01,0.000000000000000000e+00
4.720067880000000216e+00,-2.150230552840000087e+00,1.065186733730000057e+00,-1.169997719099999856e+01,1.337848782539999837e+00,-1.026293277739999787e+00,-3.717040121559999633e-01,0.000000000000000000e+00
4.725019325999999964e+00,-2.087823634890000335e+00,1.169483485960000069e+00,-1.156410975390000040e+01,1.404304504390000208e+00,-1.225791811939999976e+00,-3.456631898879999887e-01,0.000000000000000000e+00
4.730297499999999822e+00,-1.377941089090000126e+00,1.201816460420000121e+00,-1.125288925699999965e+01,1.437338590620000023e+00,-1.405618667599999982e+00,-3.280543386939999695e-01,0.000000000000000000e+00
4.735099746999999581e+00,-1.716501720559999944e+00,1.029784580959999918e+00,-1.081657055440000015e+01,1.453444361689999909e+00,-1.549409389499999845e+00,-3.389427959920000011e-01,0.000000000000000000e+00
4.740056261000000326e+00,-2.446356502550000034e+00,6.633640287979999384e-01,-1.082212468140000183e+01,1.493923425670000027e+00,-1.654364228249999957e+00,-3.133172392849999932e-01,0.000000000000000000e+00
4.745045368999999624e+00,-2.068521260790000316e+00,8.264237164500000121e-01,-1.013767643659999962e+01,1.501807332040000054e+00,-1.758134841920000024e+00,-3.275965452190000016e-01,0.000000000000000000e+00
4.750134519000000388e+00,-2.305038252710000179e+00,7.092647792300000864e-01,-1.086738304230000018e+01,1.517671585079999774e+00,-1.856224775309999853e+00,-3.583296239379999970e-01,0.000000000000000000e+00
4.755144830999999961e+00,-1.893443218569999864e+00,1.590737744339999926e+00,-1.181654956050000038e+01,1.457181096079999794e+00,-1.986086845400000023e+00,-4.234952330589999980e-01,0.000000000000000000e+00
4.760088084000000386e+00,-2.959978809619999929e+00,1.939424194629999931e+00,-1.016403369760000075e+01,1.499187231060000070e+00,-2.201457023620000175e+00,-4.695662558079999882e-01,0.000000000000000000e+00
4.765239476999999724e+00,-6.222058990099999853e+00,3.603459668759999790e+00,-9.350797160319999080e+00,1.657474040990000175e+00,-2.390950918199999720e+00,-5.540126562120000209e-01,0.000000000000000000e+00
4.770196619000000027e+00,-8.783502299769999411e+00,6.085325876099999753e+00,-8.965465717600000772e+00,1.811853408809999788e+00,-2.419977426530000031e+00,-8.112728595730001047e-01,0.000000000000000000e+00
4.775138585999999741e+00,-1.070987192860000015e+01,6.828582868239999826e+00,-7.682378210410000463e+00,1.927783131600000033e+00,-2.310324907300000064e+00,-1.190298795699999967e+00,0.000000000000000000e+00
4.780053059000000104e+00,-1.379742176390000097e+01,4.805360884849999792e+00,-5.932325517909999846e+00,1.985326170920000077e+00,-2.034107208250000021e+00,-1.735925197599999859e+00,0.000000000000000000e+00
4.785170731000000011e+00,-1.692385750240000064e+01,2.997932400440000311e+00,-3.385806513389999939e+00,1.835699200629999917e+00,-1.522802233700000007e+00,-2.358609676359999963e+00,0.000000000000000000e+00
4.790133915000000187e+00,-2.087192760419999971e+01,1.644140540960000063e+00,-3.009599457359999897e-01,1.390015006069999837e+00,-9.564055204389999565e-01,-3.046835899349999988e+00,0.000000000000000000e+00
4.795062612999999807e+00,-2.589962951000000047e+01,7.591374381000000338e-02,2.037036573730000022e+00,5.937482714649999771e-01,-4.009690880780000244e-01,-3.777229070659999799e+00,0.000000000000000000e+00
4.800042525000000282e+00,-3.212194685869999944e+01,-2.423901948019999975e-01,3.562331831819999906e+00,-4.854629635809999955e-01,1.893427371979999885e-01,-4.406332492830000724e+00,0.000000000000000000e+00
4.805070200000000291e+00,-3.483995260300000041e+01,5.772390392019999261e-01,4.386146461750000114e+00,-1.492443203929999962e+00,8.787645101549999005e-01,-4.830609798430000268e+00,0.000000000000000000e+00
4.810136639999999630e+00,-3.838846809089999823e+01,6.038186523790000315e+00,7.474632116560000483e+00,-2.015856266020000120e+00,1.502300500870000111e+00,-4.740251064299999761e+00,0.000000000000000000e+00
4.815070419000000435e+00,-4.260338763290000230e+01,6.411375693300000123e+00,2.422289690519999983e+00,-2.018198013309999705e+00,2.164766311649999775e+00,-3.809943675990000500e+00,0.000000000000000000e+00
4.820131399000000094e+00,-3.979226755159999840e+01,2.081772372029999651e+00,6.594034692170000156e+00,-1.674656033520000031e+00,3.205332040790000114e+00,-2.248842954640000169e+00,0.000000000000000000e+00
4.824945432999999895e+00,-3.493933769090000396e+01,1.529838629829999874e+01,6.361905852209999601e+00,-1.339954972270000155e+00,4.099184036249999608e+00,-1.132795453070000180e+00,0.000000000000000000e+00
4.830102640999999863e+00,-2.976913636260000118e+01,1.778864594779999919e+01,8.042267168849999592e+00,-1.091297626500000062e+00,4.658955097200000672e+00,-8.286816477779999079e-01,0.000000000000000000e+00
4.835130024999999776e+00,-2.760081266539999945e+01,1.315930038599999818e+01,6.886323694069999668e+00,-7.275787591930000797e-01,4.792106151580000528e+00,-8.464795947069999604e-01,0.000000000000000000e+00
4.840030936999999867e+00,-2.673581846829999975e+01,8.642600960170000235e+00,5.378971504430000827e+00,-2.814286053180000136e-01,4.602663040159999497e+00,-5.800507664679999120e-01,0.000000000000000000e+00
4.845119633999999564e+00,-2.474679101550000127e+01,5.593648858849999961e+00,3.621075112689999820e+00,-6.544499099249999341e-02,3.915731191640000386e+00,-8.347144722940000316e-02,0.000000000000000000e+00
4.850178719999999721e+00,-2.200883437010000065e+01,3.456368534609999710e+00,1.959233787599999888e+00,5.898620560769999438e-02,2.885143518450000499e+00,2.957849502559999899e-01,0.000000000000000000e+00
4.855160901999999723e+00,-2.101324395430000180e+01,1.239120793549999933e+00,-6.268299493880000184e-02,-1.698423922060000035e-01,1.947220087050000048e+00,7.119310498240000173e-01,0.000000000000000000e+00
4.860130037000000236e+00,-2.158832230840000221e+01,-1.752777441290000127e+00,-1.837838381849999925e+00,-5.842554569240000495e-01,1.218487024310000111e+00,1.142504572870000068e+00,0.000000000000000000e+00
4.865112090000000222e+00,-2.301513322679999973e+01,-3.882699219459999629e+00,-3.344667278270000210e+00,-1.083265066149999845e+00,7.660616636279999891e-01,1.570917248730000049e+00,0.000000000000000000e+00
4.870214654999999837e+00,-2.505119598710000162e+01,-6.659056322660000582e+00,-3.881769537400000303e+00,-1.618915796279999819e+00,4.222198724750000354e-01,2.065568923949999913e+00,0.000000000000000000e+00
4.875099753999999841e+00,-2.447706222040000057e+01,-1.003854386220000094e+01,-4.801350480169999990e+00,-2.083029747009999877e+00,1.845413595439999999e-01,2.705241918560000070e+00,0.000000000000000000e+00
4.879943797000000139e+00,-2.230594450849999788e+01,-1.000628059190000130e+01,-5.856699491299999671e+00,-2.505673170090000124e+00,-4.135362058880000247e-02,3.481907844539999797e+00,0.000000000000000000e+00
4.885236893000000080e+00,-2.001203277609999986e+01,-7.270736852909999826e+00,-6.176575588300000419e+00,-2.883955955509999836e+00,-3.475612998009999788e-01,4.109963417049999457e+00,0.000000000000000000e+00
4.890087624999999605e+00,-1.852011196429999984e+01,-5.403367694539999988e+00,-6.676649262499999793e+00,-3.125125885009999660e+00,-6.296314001080000056e-01,4.585627555849999482e+00,0.000000000000000000e+00
4.894976116999999682e+00,-1.702295851259999893e+01,-4.424231277729999690e+00,-7.852273589299999301e+00,-3.148483514790000104e+00,-9.533451795580000221e-01,4.872233867649999439e+00,0.000000000000000000e+00
4.900099675999999960e+00,-1.614498792959999918e+01,-4.105836943719999965e+00,-9.393580655519999212e+00,-2.994184970859999684e+00,-1.382648587229999837e+00,5.088140487669999601e+00,0.000000000000000000e+00
4.904996311999999747e+00,-1.588789299069999927e+01,-3.973428122659999673e+00,-1.061527290599999951e+01,-2.766257047649999912e+00,-1.851669788359999957e+00,5.152740001680000681e+00,0.000000000000000000e+00
4.910154680999999854e+00,-1.623781935809999766e+01,-3.759102065890000066e+00,-1.096840362240000033e+01,-2.478080272670000195e+00,-2.279835462569999915e+00,5.107233047490000288e+00,0.000000000000000000e+00
4.915251697000000419e+00,-1.610253059760000127e+01,-3.999510366159999997e+00,-1.142512564609999970e+01,-2.271740674970000207e+00,-2.606645345690000060e+00,4.959057807919999838e+00,0.000000000000000000e+00
4.920094534000000408e+00,-1.570597341200000052e+01,-5.054509248680000510e+00,-1.210264146130000107e+01,-2.103965759279999848e+00,-2.771353244779999780e+00,4.776540756230000184e+00,0.000000000000000000e+00
4.924928025999999903e+00,-1.473685248550000004e+01,-5.993160802619999394e+00,-1.262549512260000029e+01,-2.025389432909999954e+00,-2.804486274719999894e+00,4.481175899510000171e+00,0.000000000000000000e+00
4.930197877000000339e+00,-1.331392396150000046e+01,-6.342810106599999997e+00,-1.274044369029999935e+01,-2.025649547580000043e+00,-2.855312347409999951e+00,4.145056247709999475e+00,0.000000000000000000e+00
4.935150851999999588e+00,-1.154002745200000035e+01,-6.459341559570000335e+00,-1.245787762550000011e+01,-2.105551958079999952e+00,-2.987522840500000054e+00,3.746201992030000039e+00,0.000000000000000000e+00
4.939983641000000425e+00,-1.002260745739999948e+01,-6.471134873209999583e+00,-1.194123976999999925e+01,-2.233703374859999702e+00,-3.204510927200000303e+00,3.362949609760000236e+00,0.000000000000000000e+00
4.944979899999999873e+00,-8.772702088810000021e+00,-6.232288707690000429e+00,-1.175882919290000039e+01,-2.301614046100000088e+00,-3.431561231609999929e+00,2.937241077419999957e+00,0.000000000000000000e+00
4.950107849000000115e+00,-8.113592867919999563e+00,-5.343095304400000245e+00,-1.148020397470000020e+01,-2.318741798400000054e+00,-3.692765235899999610e+00,2.596942663190000111e+00,0.000000000000000000e+00
4.955091745999999908e+00,-7.426610720710001168e+00,-4.801627251280000230e+00,-1.155358835990000088e+01,-2.267507076259999810e+00,-3.910588979719999525e+00,2.288780450820000034e+00,0.000000000000000000e+00
4.960108269000000014e+00,-7.010502446919999464e+00,-4.548336673090000559e+00,-1.163184648859999903e+01,-2.176123142240000252e+00,-4.052640438080000074e+00,2.019547700880000018e+00,0.000000000000000000e+00
4.965067101999999899e+00,-6.831606599969999749e+00,-4.296337011480000356e+00,-1.162492458030000009e+01,-2.021030187609999640e+00,-4.135208129880000527e+00,1.858617067340000206e+00,0.000000000000000000e+00
4.969946552999999767e+00,-6.273820741519999800e+00,-4.051654687159999213e+00,-1.156806462900000021e+01,-1.841603279109999880e+00,-4.133414745330000528e+00,1.695406079289999868e+00,0.000000000000000000e+00
4.975096828999999943e+00,-5.844860000429999758e+00,-4.196678951900000065e+00,-1.158785303300000002e+01,-1.644224047660000076e+00,-4.069439887999999783e+00,1.606145739560000063e+00,0.000000000000000000e+00
4.980238446000000430e+00,-5.272337760610000146e+00,-4.450733500209999249e+00,-1.141316983539999974e+01,-1.444511771199999961e+00,-4.030209541319999644e+00,1.532661318780000004e+00,0.000000000000000000e+00
4.985141490000000175e+00,-4.566167805590000128e+00,-4.878260409110000140e+00,-1.129730473730000107e+01,-1.311644434929999825e+00,-3.980753421780000245e+00,1.477959156040000055e+00,0.000000000000000000e+00
4.990053428999999596e+00,-3.832226923329999924e+00,-5.329745993490000444e+00,-1.108993975180000113e+01,-1.202440381049999951e+00,-3.990540266040000450e+00,1.398413896560000147e+00,0.000000000000000000e+00
4.995049151999999992e+00,-3.181403007960000195e+00,-5.658464737630000130e+00,-1.103428976070000012e+01,-1.157187104229999930e+00,-3.950152873990000035e+00,1.281466841699999915e+00,0.000000000000000000e+00
5.000184936000000135e+00,-2.843047251420000254e+00,-5.496802934079999758e+00,-1.119245787690000071e+01,-1.112421274189999920e+00,-3.904782295229999978e+00,1.145939111709999958e+00,0.000000000000000000e+00
5.005019607000000370e+00,-2.607734520719999782e+00,-4.823542730489999819e+00,-1.126826919700000040e+01,-1.053228020669999987e+00,-3.851907253269999831e+00,9.575036764139999157e-01,0.000000000000000000e+00
5.010128689000000080e+00,-2.734280002709999824e+00,-3.803890178899999697e+00,-1.131755842079999930e+01,-9.269071221349999279e-01,-3.749893665309999680e+00,7.239641547199999749e-01,0.000000000000000000e+00
5.015140528999999958e+00,-2.915487049210000237e+00,-3.388102515369999956e+00,-1.149484391000000016e+01,-7.433352470399999801e-01,-3.639004945759999554e+00,4.293132126330000409e-01,0.000000000000000000e+00
5.020104627000000264e+00,-2.868998562020000254e+00,-3.764654731580000302e+00,-1.156324232339999902e+01,-5.958584547040000068e-01,-3.478332519529999889e+00,1.138872131709999930e-01,0.000000000000000000e+00
5.025233849000000141e+00,-2.296450018719999875e+00,-4.437912012560000008e+00,-1.146986612059999899e+01,-5.012810230259999722e-01,-3.301578760149999958e+00,-2.139633446930000182e-01,0.000000000000000000e+00
5.030064884999999819e+00,-1.497677913980000053e+00,-4.911617027530000179e+00,-1.131308332119999882e+01,-4.828811585899999703e-01,-3.121092319490000211e+00,-5.492818355560000754e-01,0.000000000000000000e+00
5.035118763999999913e+00,-5.354601179410000134e-01,-4.908070148700000246e+00,-1.106602579219999960e+01,-5.049994587899999665e-01,-2.952812671660000277e+00,-9.010182023049999600e-01,0.000000000000000000e+00
5.040077164000000387e+00,3.088318116220000187e-01,-4.461848768459999448e+00,-1.057170147529999937e+01,-4.981971979140000228e-01,-2.843104839320000021e+00,-1.267273664470000227e+00,0.000000000000000000e+00
5.045114855999999648e+00,6.362491543139999761e-01,-4.047371018490000694e+00,-1.010316275709999978e+01,-4.259541034699999562e-01,-2.747563123699999998e+00,-1.637531876560000210e+00,0.000000000000000000e+00
5.050219371999999929e+00,7.131404516189999709e-01,-3.733945705060000009e+00,-9.729381466880001383e+00,-3.045389056210000001e-01,-2.661489725109999593e+00,-2.007122039790000034e+00,0.000000000000000000e+00
5.055002610999999924e+00,8.710629955779999323e-01,-3.428485086909999868e+00,-9.242472979209999551e+00,-1.065092533830000049e-01,-2.600283861159999876e+00,-2.329316854480000032e+00,0.000000000000000000e+00
5.060049461000000193e+00,1.153420532179999958e+00,-3.034223611010000266e+00,-8.793819695650000767e+00,1.194202005859999888e-01,-2.550972223279999618e+00,-2.655275106429999976e+00,0.000000000000000000e+00
5.065173223999999585e+00,1.308496235340000036e+00,-3.136886697620000053e+00,-8.494789987320000790e+00,3.516666591170000133e-01,-2.499984741210000028e+00,-2.972980260850000001e+00,0.000000000000000000e+00
5.069968378000000442e+00,1.579551748930000166e+00,-3.650659811349999728e+00,-7.934286686599999250e+00,5.877545475959999877e-01,-2.475013017649999814e+00,-3.251464605329999813e+00,0.000000000000000000e+00
5.075203874999999698e+00,2.091267053350000182e+00,-3.889442556240000126e+00,-7.676333085030000447e+00,8.356712460519999386e-01,-2.442633390429999718e+00,-3.510467290880000757e+00,0.000000000000000000e+00
5.080085788999999963e+00,2.938823208870000148e+00,-3.602433540580000315e+00,-7.310113170010000161e+00,1.074437379839999984e+00,-2.478935003279999716e+00,-3.791711330410000080e+00,0.000000000000000000e+00
5.085097092999999902e+00,3.816041804469999743e+00,-3.404717842350000190e+00,-6.771067083340000181e+00,1.301918148989999802e+00,-2.524864435200000035e+00,-4.054401397709999522e+00,0.000000000000000000e+00
5.090039818000000160e+00,4.994375974760000503e+00,-3.621374387890000435e+00,-6.391088107549999897e+00,1.509113430979999837e+00,-2.568430900570000119e+00,-4.249147891999999871e+00,0.000000000000000000e+00
5.095066143000000380e+00,6.174537944990000859e+00,-4.009422980630000133e+00,-6.712399205789999712e+00,1.703881263730000040e+00,-2.623605489730000073e+00,-4.381366729740000743e+00,0.000000000000000000e+00
5.100109256999999729e+00,6.688095954659999620e+00,-3.780261466040000240e+00,-7.495809344620000481e+00,1.872263193130000003e+00,-2.736664295199999763e+00,-4.493561744690000026e+00,0.000000000000000000e+00
5.104988232000000181e+00,6.401127855529999522e+00,-2.141908714689999993e+00,-8.077769859389999141e+00,2.037358760830000115e+00,-2.837327718729999670e+00,-4.562491893769999862e+00,0.000000000000000000e+00
5.110062797000000323e+00,6.279588219009999861e+00,2.511288518519999569e-01,-8.455331837160001029e+00,2.272171497340000457e+00,-2.864473819729999704e+00,-4.670780658720000034e+00,0.000000000000000000e+00
5.115238222000000334e+00,5.589624425640000283e+00,3.011028321119999962e+00,-9.239632202819999307e+00,2.624031543730000138e+00,-2.856275558470000142e+00,-4.766265392300000237e+00,0.000000000000000000e+00
5.120082256999999970e+00,3.225492617320000033e+00,3.393342754119999860e+00,-1.117847845140000018e+01,2.944554090500000054e+00,-2.749564170839999822e+00,-4.768472671509999650e+00,0.000000000000000000e+00
5.124984727000000184e+00,2.130499176200000289e-01,1.781221956940000073e-01,-1.257307870660000049e+01,3.019386529919999784e+00,-2.472232341770000286e+00,-4.612402439119999364e+00,0.000000000000000000e+00
5.129956201999999799e+00,-4.865912018860000243e-01,-2.333533548700000182e+00,-1.226562720690000141e+01,2.740958452220000119e+00,-2.009076118469999894e+00,-4.312541961670000035e+00,0.000000000000000000e+00
5.135095301999999862e+00,1.696560464030000048e+00,-2.172062737680000133e+00,-1.200334522079999999e+01,2.146905660629999879e+00,-1.426511406900000001e+00,-3.927389144900000240e+00,0.000000000000000000e+00
5.140128714000000265e+00,5.485615185110000347e+00,3.701946638729999850e-01,-1.185200899640000038e+01,1.330133438110000066e+00,-8.033053874969999786e-01,-3.491404533389999898e+00,0.000000000000000000e+00
5.145019320000000285e+00,8.087206380770000536e+00,3.391679497080000161e+00,-1.102176696380000109e+01,4.907533824440000192e-01,-2.040185779329999893e-01,-2.902599811549999576e+00,0.000000000000000000e+00
5.150141842000000025e+00,9.524034250860001549e+00,6.333026963730000070e+00,-1.044591820990000031e+01,-1.988953799010000079e-01,1.861764937640000006e-01,-2.157774925230000029e+00,0.000000000000000000e+00
5.155106088000000142e+00,1.118561897079999845e+01,9.400684934570000095e+00,-9.580296820830000115e+00,-6.786779165270000469e-01,2.893233895300000302e-01,-1.381060719489999977e+00,0.000000000000000000e+00
5.160024400000000178e+00,1.194393090880000052e+01,1.241032676980000105e+01,-8.650401989310001483e+00,-8.886865377429999935e-01,2.005612701179999846e-01,-7.406007051469999380e-01,0.000000000000000000e+00
5.165181746000000018e+00,1.154633210509999941e+01,1.425066705140000067e+01,-7.878843616319999299e+00,-9.006493091580000110e-01,1.322242468599999776e-01,-1.678725928069999818e-01,0.000000000000000000e+00
5.170133251000000207e+00,8.680548121250000193e+00,1.394602476390000056e+01,-7.644675379480000643e+00,-8.396918177600001254e-01,1.810489147900000151e-01,4.824212789539999990e-01,0.000000000000000000e+00
5.175139038000000191e+00,8.863978689019999635e+00,7.805393764710000681e+00,-4.917331898040000482e+00,-8.582879304889999839e-01,3.597529530529999797e-01,9.362757802009999963e-01,0.000000000000000000e+00
5.179999182999999618e+00,1.628358742200000098e+00,1.157259116650000053e+01,-1.932765701199999953e+01,-1.130317807199999969e+00,9.814211726189999707e-01,1.007777571679999928e+00,0.000000000000000000e+00
5.185084497000000070e+00,2.094305690390000052e+01,-5.593523186640000588e+00,-2.828688471199999999e+00,-1.258729815479999958e+00,1.973559379579999939e+00,8.765538930890000024e-01,0.000000000000000000e+00
5.190077233000000234e+00,1.662358977670000115e+01,-1.387240072480000030e+01,-8.949930879330000977e+00,-1.614918828009999974e+00,2.914942741389999981e+00,5.206481218339999995e-01,0.000000000000000000e+00
5.194925483999999649e+00,1.526152050279999983e+01,-2.756048065499999922e+01,-8.791680345530000551e+00,-3.118040561679999989e+00,3.427271366119999829e+00,3.241792619230000061e-01,0.000000000000000000e+00
5.200027637999999897e+00,7.001311424730000788e+00,-2.440765141510000191e+01,-1.528493761869999901e+01,-5.203468322750000041e+00,3.147873401640000512e+00,4.235775470729999936e-01,0.000000000000000000e+00
5.205034953000000186e+00,-2.110680018989999951e+01,-1.309706984750000025e+01,-4.358838651199999958e+01,-6.909088611599999652e+00,3.083408117290000305e+00,-1.256049752239999817e+00,0.000000000000000000e+00
5.210148005999999832e+00,-1.227796880210000019e+01,1.855709115720000080e+00,-1.916572691289999852e+01,-7.193499565119999772e+00,2.018126726150000216e+00,-1.536984324460000106e+00,0.000000000000000000e+00
5.215190167000000265e+00,-1.719065316660000065e+01,1.287492814859999868e+01,-1.267051850569999871e+01,-5.012072563169999384e+00,2.869840383529999706e+00,-2.279665708540000058e+00,0.000000000000000000e+00
5.220127527999999906e+00,-4.352285459390000000e+01,2.192348482179999891e+01,-3.671821783389999894e+01,-1.879445672040000348e+00,4.152004718779999770e+00,-3.262329816819999895e+00,0.000000000000000000e+00
5.225009474000000154e+00,-6.491967584079999654e+01,7.867423227639999794e+00,-4.509854791380000449e+01,4.810539633040000068e-02,5.240708827969999817e+00,-1.892644405359999782e+00,0.000000000000000000e+00
5.230129935999999979e+00,-2.456665539760000172e+01,-3.789406018740000270e+00,-8.753717986880001689e+00,1.526294231410000091e+00,6.194912433619999881e+00,-4.125749468800000153e-01,0.000000000000000000e+00
5.235070966000000325e+00,2.183390567320000031e+01,-1.162864433149999988e+00,-1.462803555250000009e+01,2.350964069370000242e+00,9.124123573300000345e+00,2.218068540099999986e-01,0.000000000000000000e+00
5.239941157999999710e+00,1.979184104220000151e+01,4.100557322820000405e-01,-2.618225051980000018e+01,1.025073885920000150e+00,9.462523460389999030e+00,9.244947880510000215e-02,0.000000000000000000e+00
5.245077574999999825e+00,1.905966892309999716e+00,-8.163448493449999788e+00,-1.615781818509999823e+01,-8.432602286339999642e-01,9.452448844910000147e+00,1.016098141670000121e+00,0.000000000000000000e+00
5.250262205000000293e+00,7.413292389450000464e+00,-1.141948734789999875e+01,-4.852833122389999865e+00,-1.255508303639999879e+00,8.121226310730000009e+00,1.328068733220000075e+00,0.000000000000000000e+00
5.254965174999999711e+00,3.989754695819999419e+00,-1.089877654390000039e+01,-1.337279349910000015e+01,-1.313273549079999825e+00,6.461407661440000894e+00,1.962937116620000033e+00,0.000000000000000000e+00
5.260105789999999892e+00,6.721499042569999638e+00,-4.635410560909999589e+00,-1.592781115960000093e+01,-1.268691182139999984e+00,3.842368841169999882e+00,1.536624312400000081e+00,0.000000000000000000e+00
5.265089505999999808e+00,4.711985266540000161e+00,4.143968302260000458e-01,-1.307535252119999925e+01,-9.260897040369999722e-01,2.440566062929999891e+00,6.242304444309999534e-01,0.000000000000000000e+00
5.270240688000000340e+00,7.932260149209999778e-01,1.401219088829999793e+00,-1.412425951660000045e+01,-7.660887837409999790e-01,2.055252075200000306e+00,-3.745471239090000237e-01,0.000000000000000000e+00
5.275148828999999928e+00,-1.318663555220000116e+00,-2.209029217159999892e+00,-1.458989199200000009e+01,-7.390409708020000412e-01,2.436378479000000041e+00,-6.602500081059999859e-01,0.000000000000000000e+00
5.280046887000000133e+00,-2.303894781769999955e+00,-2.191023312609999607e+00,-1.283075816740000086e+01,-9.297187924390000191e-01,2.828844785689999863e+00,-4.943142831329999654e-01,0.000000000000000000e+00
5.285106915000000072e+00,-5.642832284219998940e+00,1.268130761070000112e+00,-1.028819316120000060e+01,-8.300849795339999559e-01,3.952954292300000283e+00,1.123677939179999891e-01,0.000000000000000000e+00
5.290041863999999983e+00,-7.434403566539999453e+00,5.626564601629999718e-01,-8.345141862169999314e+00,-8.502771258349999250e-01,4.610116004940000067e+00,1.027639508250000056e+00,0.000000000000000000e+00
5.295098954000000191e+00,-4.494424465639999866e+00,-5.284959780169999899e-01,-7.425944950279999901e+00,-7.029984593389999592e-01,4.881051540369999664e+00,1.487730860710000158e+00,0.000000000000000000e+00
5.300075149000000430e+00,-6.782288150050000297e+00,-2.188212492969999756e-01,-7.629765395119999738e+00,-4.571165144439999772e-01,4.880986213679999963e+00,1.283506035799999889e+00,0.000000000000000000e+00
5.305049241999999943e+00,-3.468366138659999987e+00,-2.042725359950000041e-01,-9.706017542430000589e+00,-5.428122282030000134e-01,4.550727367400000389e+00,8.330389261249999677e-01,0.000000000000000000e+00
5.310003022000000072e+00,-6.373126918929999940e-01,2.718854470040000137e+00,-1.448106219950000018e+01,-9.249521493910000114e-01,4.087983608250000067e+00,5.561551451680000202e-01,0.000000000000000000e+00
5.315100508999999640e+00,-1.023608376539999920e+00,4.110466064830000654e+00,-1.432123521009999934e+01,-1.381982564929999935e+00,3.564456939700000326e+00,3.164935708050000129e-01,0.000000000000000000e+00
5.320118092999999604e+00,-2.810209980699999832e+00,4.276184158030000404e+00,-1.640018317239999845e+01,-1.493202447890000117e+00,3.276200056079999978e+00,5.359369516369999475e-02,0.000000000000000000e+00
5.325119857999999873e+00,-4.548809259029999996e-01,4.017827236359999610e+00,-1.898041360010000034e+01,-1.359950065609999870e+00,2.963789939879999835e+00,9.735801257190000724e-03,0.000000000000000000e+00
5.330093867999999624e+00,4.731390808759999622e+00,2.384850478970000243e+00,-2.100288155029999970e+01,-8.959488272669999809e-01,2.592304468150000041e+00,5.301200971009999846e-02,0.000000000000000000e+00
5.335100309999999624e+00,7.707291702400000055e+00,-2.003206200320000185e+00,-2.156337491409999885e+01,-2.501022815699999735e-01,2.127717971800000107e+00,1.048836559060000034e-01,0.000000000000000000e+00
5.340099433999999867e+00,1.109529280319999955e+01,-3.124953390990000468e+00,-2.068272488279999877e+01,2.711510062220000017e-01,1.193205475809999916e+00,2.013431042430000040e-01,0.000000000000000000e+00
5.344951567999999931e+00,8.842890892810000736e+00,-2.790572091030000035e+00,-1.731538078550000037e+01,3.581319749360000193e-01,2.560262382030000228e-01,3.205236196519999914e-01,0.000000000000000000e+00
5.350087902000000284e+00,2.106381181979999795e+00,-1.814750790119999957e+00,-1.387741475359999832e+01,1.901328563690000140e-01,-5.036881566049999925e-01,4.280863106250000216e-01,0.000000000000000000e+00
5.355102591999999717e+00,-2.292075749159999898e+00,1.751040717159999816e-01,-1.172792785869999932e+01,3.092796169219999905e-02,-1.042654514310000113e+00,3.696398437019999816e-01,0.000000000000000000e+00
5.360085776000000024e+00,-6.777271198680000275e+00,8.723463133869999719e-01,-8.136103974930000149e+00,-2.957330830399999833e-02,-1.037899017330000007e+00,2.221557497980000129e-01,0.000000000000000000e+00
5.365094541999999578e+00,-1.017350412130000059e+01,7.414987502930000529e-01,-5.678703223539999456e+00,1.861691102389999991e-02,-6.779144406320000149e-01,9.216258674860000610e-02,0.000000000000000000e+00
5.370217540999999706e+00,-9.313001390420000192e+00,2.374342236690000441e+00,-5.749184288480000404e+00,1.286719739440000121e-01,-1.296794116499999927e-01,-1.588523387909999973e-02,0.000000000000000000e+00
5.375145732000000010e+00,-7.293616793239999119e+00,2.229020888700000036e+00,-7.474085588589999496e+00,1.275771111250000034e-01,2.916029989719999826e-01,-3.283948078749999999e-02,0.000000000000000000e+00
5.380055903999999778e+00,-5.465538611769999555e+00,1.066675949379999988e+00,-8.165907577040000476e+00,2.763814106579999888e-02,5.097494721410000817e-01,-1.070210784669999998e-01,1.000000000000000000e+00
5.385104394999999933e+00,-4.125716533190000312e+00,-3.686316158079999683e-01,-8.920320169450000947e+00,3.840209450570000391e-03,5.335073471069999851e-01,-1.547829657789999980e-01,1.000000000000000000e+00
5.390126120999999770e+00,-3.030791590730000262e+00,-2.819725741340000091e-01,-9.599732173660001422e+00,4.915166646240000381e-02,5.086777806279999536e-01,-2.192261070010000090e-01,1.000000000000000000e+00
5.395032343999999647e+00,-3.506903959100000190e+00,-2.771571366760000044e-01,-1.009548330850000042e+01,5.554026737810000003e-02,4.026882350439999758e-01,-3.218146264550000302e-01,1.000000000000000000e+00
5.400100227000000253e+00,-3.565074408520000127e+00,1.314989031419999954e-01,-1.030625488759999975e+01,1.602106690410000089e-01,3.109772205349999874e-01,-4.110675156120000007e-01,1.000000000000000000e+00
5.405059699999999800e+00,-3.194877114300000098e+00,-4.574168741219999251e-02,-9.999673156500000104e+00,1.831902414559999914e-01,3.134258389469999906e-01,-4.786744713780000104e-01,1.000000000000000000e+00
5.410039976000000195e+00,-3.953658715569999593e+00,-2.480983615819999932e-01,-9.575288637279999904e+00,1.110514551400000050e-01,3.933439254760000003e-01,-4.617011845110000068e-01,1.000000000000000000e+00
5.415184889999999918e+00,-4.760318504819999852e+00,-1.269178498289999790e-01,-8.947744767470000582e+00,4.077343270180000534e-02,5.571769475940000493e-01,-4.239177405830000245e-01,1.000000000000000000e+00
5.420130729000000258e+00,-4.439760855290000308e+00,-1.449122283389999988e-01,-9.282388810009999602e+00,-1.964670838789999655e-03,6.477341651919999999e-01,-4.319939017300000184e-01,1.000000000000000000e+00
5.425048438000000139e+00,-2.956420532620000152e+00,-1.209947159909999931e-01,-9.365850352549999869e+00,-2.948672045020000153e-03,6.838265657420000698e-01,-4.705327749250000080e-01,1.000000000000000000e+00
5.430076341000000362e+00,-2.268291845729999867e+00,-1.260494420970000029e-01,-9.536760461440000114e+00,8.212116360660000336e-02,6.546053886410000411e-01,-5.200814604760000126e-01,1.000000000000000000e+00
5.435116801999999581e+00,-1.918291828620000139e+00,1.051110551579999969e-02,-9.811731833310000539e+00,1.785701215269999975e-01,5.518254041669999888e-01,-5.468967556949999587e-01,1.000000000000000000e+00
5.440089342000000272e+00,-1.995485250679999822e+00,-9.641697703529999997e-02,-9.922757090079999287e+00,2.270769774910000038e-01,4.224001467230000251e-01,-5.203180313109999622e-01,1.000000000000000000e+00
5.445098916000000067e+00,-1.730366141390000223e+00,-2.735007878590000052e-01,-9.807903214930000502e+00,2.610458731649999975e-01,2.937543690199999613e-01,-5.088182091709999577e-01,1.000000000000000000e+00
5.450048608000000350e+00,-2.065147692710000094e+00,-5.017222451210000544e-01,-1.017987307179999945e+01,3.000633716580000110e-01,1.810920685530000296e-01,-4.693049192429999961e-01,1.000000000000000000e+00
5.455096554999999903e+00,-1.806233867800000059e+00,-4.820946211190000330e-01,-1.013437739499999957e+01,3.399677574629999532e-01,1.111566275359999884e-01,-4.216628074650000113e-01,1.000000000000000000e+00
5.460125997999999647e+00,-2.082537218920000210e+00,-6.004493074629999594e-01,-9.912615635289999005e+00,3.692395687099999657e-01,5.446968227619999880e-02,-3.829476237300000196e-01,1.000000000000000000e+00
5.465198824999999871e+00,-2.422914690549999861e+00,-5.980897021919999723e-01,-1.004315340179999971e+01,3.703920841219999760e-01,-2.728668041529999991e-02,-3.292087614539999652e-01,1.000000000000000000e+00
5.470118432999999669e+00,-2.346742282110000133e+00,-2.318098508420000318e-03,-1.034054644879999962e+01,3.799409866330000218e-01,-6.191749870780000747e-02,-3.208847045900000139e-01,1.000000000000000000e+00
5.475126612999999587e+00,-1.926919225580000061e+00,4.098884494230000120e-01,-1.077810901400000176e+01,4.144749045369999774e-01,-1.294645369050000105e-01,-3.122668564319999729e-01,1.000000000000000000e+00
5.480112191999999993e+00,-1.533207346390000003e+00,5.249863259279999861e-01,-1.106670734470000106e+01,4.362994730470000082e-01,-1.747219413520000042e-01,-3.123382031920000079e-01,0.000000000000000000e+00
5.485148700999999960e+00,-1.834901890009999814e+00,4.547327861370000224e-01,-1.106220652619999889e+01,4.986676573749999619e-01,-2.418622672559999909e-01,-3.117555975910000221e-01,0.000000000000000000e+00
5.490066294000000013e+00,-2.148264513460000025e+00,1.017796694589999884e+00,-1.115842935059999874e+01,5.550825595859999462e-01,-3.103294968609999760e-01,-3.335787653919999873e-01,0.000000000000000000e+00
5.495023733000000021e+00,-1.811273907790000193e+00,1.481272284229999681e+00,-1.212861644500000047e+01,5.855928063390000160e-01,-4.379952847959999729e-01,-3.094549477099999835e-01,0.000000000000000000e+00
5.500156136000000195e+00,-1.378612412479999882e+00,1.408673204229999865e+00,-1.292505908390000080e+01,6.644834876059999562e-01,-6.141600608830000141e-01,-2.964495122430000351e-01,0.000000000000000000e+00
5.505011799000000039e+00,-1.026080173479999802e+00,1.571343892560000066e+00,-1.353857092119999805e+01,8.083046674730000047e-01,-7.669587135309999804e-01,-3.320603668690000343e-01,0.000000000000000000e+00
5.510118667000000414e+00,-1.218002309939999916e+00,2.911379321629999684e+00,-1.432315477999999942e+01,1.005869507789999950e+00,-1.005448102949999978e+00,-3.201800882820000083e-01,0.000000000000000000e+00
5.515208309000000142e+00,-1.126462821010000059e+00,2.356786852390000409e+00,-1.379185010130000144e+01,1.199808359150000170e+00,-1.279406189920000214e+00,-3.338338136669999900e-01,0.000000000000000000e+00
5.520225391000000315e+00,-7.396732884319999757e-01,1.059310827440000047e+00,-1.321262865609999970e+01,1.453229308129999842e+00,-1.500909447670000230e+00,-3.715640008450000198e-01,0.000000000000000000e+00
5.525175048000000366e+00,-5.282619135330000049e-01,1.035314212840000025e-01,-1.317985568279999953e+01,1.689627289769999985e+00,-1.747440576550000069e+00,-3.856175243850000212e-01,0.000000000000000000e+00
5.529930129000000250e+00,-7.348416304920000197e-01,-4.822169688570000501e-01,-1.330364806660000099e+01,1.723681807519999998e+00,-2.026812791820000292e+00,-3.688291609290000328e-01,0.000000000000000000e+00
5.535071513000000110e+00,-1.030779418949999970e-01,-1.536337168849999824e+00,-1.268518182180000053e+01,1.596589088439999804e+00,-2.306163549419999903e+00,-3.785054385659999965e-01,0.000000000000000000e+00
5.540128368000000414e+00,1.421245247160000114e-01,-1.718725534090000062e+00,-1.220519115069999927e+01,1.369226694110000198e+00,-2.581762552259999843e+00,-3.650842905039999864e-01,0.000000000000000000e+00
5.545108197000000239e+00,-1.477967799319999942e-01,-1.666771621100000100e+00,-1.224285774119999815e+01,1.081994891170000139e+00,-2.844485521320000210e+00,-3.557627499099999535e-01,0.000000000000000000e+00
5.550135097000000073e+00,-1.186097497770000064e+00,-1.539196065410000092e+00,-1.165317569229999961e+01,8.302691578869999534e-01,-3.046951055529999675e+00,-3.099151253699999886e-01,0.000000000000000000e+00
5.555094269999999668e+00,-2.801751656690000480e+00,-7.910364689879999522e-01,-1.180039454450000136e+01,7.353828549390000191e-01,-3.155365228650000020e+00,-2.926118671890000078e-01,0.000000000000000000e+00
5.560069594999999865e+00,-5.454367229409999851e+00,2.212858127800000074e-01,-1.221926059259999953e+01,8.445461988449999291e-01,-3.212005376819999647e+00,-2.982212007050000224e-01,0.000000000000000000e+00
5.565091445000000192e+00,-9.033951224800000901e+00,9.236968536570000499e-01,-1.088479127319999940e+01,1.125000000000000000e+00,-3.226237535479999696e+00,-3.132200241090000170e-01,0.000000000000000000e+00
5.570117923999999832e+00,-1.199340717960000013e+01,1.660543101969999880e+00,-1.036990698329999994e+01,1.516792774199999805e+00,-3.057048797609999813e+00,-4.760537743569999702e-01,0.000000000000000000e+00
5.575046105000000196e+00,-1.738351265700000070e+01,3.247504542639999769e+00,-7.523314022140000112e+00,1.916150689129999973e+00,-2.763657093049999958e+00,-6.873576641079999217e-01,0.000000000000000000e+00
5.579987897999999724e+00,-2.437049686570000162e+01,3.677107381030000344e+00,-3.601876491219999643e+00,2.200208663940000253e+00,-2.295069217680000051e+00,-1.005154609679999922e+00,0.000000000000000000e+00
5.585067512000000178e+00,-3.465984971830000205e+01,1.220185864520000107e+00,-1.944014006640000014e+00,2.086889028549999914e+00,-1.500249147420000151e+00,-1.387737154959999941e+00,0.000000000000000000e+00
5.590012270999999977e+00,-4.796785364210000324e+01,-7.058329781500000122e-01,-2.845880429020000157e+00,1.647495508190000013e+00,-6.868830323219999867e-01,-1.306402206420000045e+00,0.000000000000000000e+00
5.595102404999999557e+00,-4.792973813869999589e+01,-6.923084275710000846e+00,1.312001759239999954e+00,1.104096412660000137e+00,4.427292943000000203e-01,-3.654423654079999584e-01,0.000000000000000000e+00
5.600093970999999726e+00,-4.368388336020000651e+01,-1.330045190089999885e+01,7.260178634009999854e+00,6.306843161580000245e-01,2.341170549390000133e+00,7.888657450680000016e-01,0.000000000000000000e+00
5.605120577000000104e+00,-4.408641319050000362e+01,6.030225554839999669e-01,1.010491982990000004e+01,-3.839112818240000141e-02,4.387049674990000092e+00,1.518476724620000162e+00,0.000000000000000000e+00
5.610137205000000016e+00,-3.683449092820000459e+01,7.725756164369999013e+00,1.055139869200000113e+01,-8.173687458040000964e-01,6.336053848270000621e+00,1.520616173739999910e+00,0.000000000000000000e+00
5.615126713999999630e+00,-3.121306909629999993e+01,3.807421275640000324e+00,1.080482867869999808e+01,-1.131217360499999991e+00,7.426259040830000657e+00,1.258684158329999914e+00,0.000000000000000000e+00
5.620117304999999952e+00,-2.952008327590000292e+01,4.393756059969999406e+00,1.229506957450000115e+01,-8.926128745079999760e-01,7.853817462919999492e+00,1.516045212750000148e+00,0.000000000000000000e+00
5.625091762000000273e+00,-2.816960857810000007e+01,7.730870146380000030e+00,1.041043539310000021e+01,-3.448187112810000010e-01,7.420787811280000312e+00,2.225455045699999967e+00,0.000000000000000000e+00
5.630152080000000225e+00,-2.658085236300000176e+01,1.039345853929999919e+01,9.028257397069999968e+00,2.061132937669999943e-01,5.949549198150000606e+00,3.164948225020000283e+00,0.000000000000000000e+00
5.635185202999999809e+00,-2.505653150290000042e+01,9.054031889800000954e+00,9.251386938019999562e+00,7.601969242100000690e-01,4.596179008480000938e+00,3.920147180559999889e+00,0.000000000000000000e+00
5.640044194999999760e+00,-2.743662748079999858e+01,4.544390565809999671e+00,9.645914663639999276e+00,1.129299998280000050e+00,3.572323799130000310e+00,4.554071903230000551e+00,0.000000000000000000e+00
5.645066615000000176e+00,-3.071879504829999874e+01,-1.845013205390000355e-02,8.163124083810000542e+00,1.131894111629999866e+00,2.888655185699999794e+00,4.859963417049999457e+00,0.000000000000000000e+00
5.649982310999999591e+00,-3.085542353289999795e+01,-5.895705221519999206e+00,6.142032682710000024e+00,6.582715511319999768e-01,2.661388635640000278e+00,4.772704601290000070e+00,0.000000000000000000e+00
5.655157971000000394e+00,-2.987725420749999827e+01,-1.202643617349999872e+01,4.684330951419999778e+00,-1.933174729349999843e-01,2.638099193570000001e+00,4.602950572970000209e+00,0.000000000000000000e+00
5.660094609999999804e+00,-2.970334024059999933e+01,-1.702738217430000134e+01,2.219290498929999966e+00,-1.481961727139999851e+00,2.490980386729999996e+00,4.562615394589999873e+00,0.000000000000000000e+00
5.665169553000000136e+00,-2.825464716070000293e+01,-2.060274592160000040e+01,4.568133552709999767e-01,-2.915076971050000409e+00,2.166036129000000088e+00,4.794191360470000163e+00,0.000000000000000000e+00
5.670107623999999902e+00,-2.587398068939999973e+01,-2.104658508289999830e+01,-2.811164504950000032e-01,-4.151732921599999848e+00,1.647377371789999989e+00,5.309902668000000325e+00,0.000000000000000000e+00
5.675200220999999878e+00,-2.267146007469999702e+01,-1.794989566339999953e+01,-1.642392089859999960e+00,-4.906919956210000322e+00,1.205335855479999996e+00,5.677599906919999384e+00,0.000000000000000000e+00
5.680068076000000410e+00,-2.009217774140000046e+01,-1.244087154560000030e+01,-3.528552604069999266e+00,-5.143912792209999196e+00,5.906582474710000419e-01,5.716075897219999646e+00,0.000000000000000000e+00
5.685148831000000236e+00,-1.920342156050000071e+01,-6.536434736119999478e+00,-4.822729368280000095e+00,-5.081701278689999768e+00,-1.385740190740000211e-01,5.409134864809999499e+00,0.000000000000000000e+00
5.690141027000000129e+00,-1.867085197640000160e+01,-1.609849710429999803e+00,-5.415003771790000364e+00,-4.772255897520000012e+00,-9.377683997149999229e-01,4.795686721800000107e+00,0.000000000000000000e+00
5.695117903999999953e+00,-1.847660716909999934e+01,1.286921532389999845e+00,-6.175384332690000200e+00,-4.235834121699999955e+00,-1.688042283059999926e+00,4.093681812290000721e+00,0.000000000000000000e+00
5.700136709999999773e+00,-1.789582037430000128e+01,1.424429430149999787e+00,-6.994471349580000386e+00,-3.476203918459999542e+00,-2.333756446840000276e+00,3.502633333209999922e+00,0.000000000000000000e+00
5.705095732000000197e+00,-1.740678831860000031e+01,5.098955051060000132e-01,-8.131902431589999480e+00,-2.598057508470000165e+00,-2.832079648970000196e+00,3.094682693479999802e+00,0.000000000000000000e+00
5.710087206999999943e+00,-1.699752713430000028e+01,-4.021397349930000420e-01,-9.172465376999999975e+00,-1.792023420329999839e+00,-3.250290870670000221e+00,2.845573186870000271e+00,0.000000000000000000e+00
5.715179437999999834e+00,-1.596092432460000055e+01,-1.875915891309999806e+00,-1.000199721549999943e+01,-1.204688787460000077e+00,-3.688589572910000225e+00,2.574111938479999750e+00,0.000000000000000000e+00
5.720092563999999768e+00,-1.551943961749999978e+01,-4.354712043560000190e+00,-1.129692245999999933e+01,-8.678041100499999105e-01,-4.109589576719999471e+00,2.342885971069999851e+00,0.000000000000000000e+00
5.725211346000000034e+00,-1.553428062829999945e+01,-6.617822395000000135e+00,-1.259573945130000183e+01,-8.059688210490000282e-01,-4.424328327180000464e+00,2.157422304149999803e+00,0.000000000000000000e+00
5.730027205999999929e+00,-1.544211906199999973e+01,-8.041874954660000796e+00,-1.367574885640000026e+01,-8.981871008869999340e-01,-4.705363750460000105e+00,1.998350977899999936e+00,0.000000000000000000e+00
5.735110248999999882e+00,-1.527679756690000090e+01,-8.471260643169999938e+00,-1.455518892739999970e+01,-1.126464843750000000e+00,-4.851645946499999695e+00,1.865131020550000018e+00,0.000000000000000000e+00
5.739969898000000015e+00,-1.471566590509999983e+01,-8.153020622939999740e+00,-1.535914033450000105e+01,-1.412645697590000138e+00,-4.882881641390000027e+00,1.722440004350000109e+00,0.000000000000000000e+00
5.744975896999999776e+00,-1.381212365849999912e+01,-7.111911734089999548e+00,-1.567303443449999989e+01,-1.775558114050000080e+00,-4.767612934109999756e+00,1.531422138210000172e+00,0.000000000000000000e+00
5.750051411000000279e+00,-1.288409228269999929e+01,-5.614421597769999828e+00,-1.536602834049999977e+01,-2.024024963380000042e+00,-4.601499080660000018e+00,1.416478872299999914e+00,0.000000000000000000e+00
5.755027816000000129e+00,-1.142440902230000077e+01,-4.113010780869999827e+00,-1.513576880150000115e+01,-2.120490550990000056e+00,-4.479000091549999674e+00,1.299466013910000051e+00,0.000000000000000000e+00
5.760151804000000375e+00,-9.417863448380000335e+00,-2.743942734070000000e+00,-1.471421044559999913e+01,-2.053306579590000069e+00,-4.434254646300000324e+00,1.182510375979999973e+00,0.000000000000000000e+00
5.765033199000000330e+00,-7.758088408180000783e+00,-1.911743283759999912e+00,-1.418497731240000093e+01,-1.897563934329999924e+00,-4.553007602690000155e+00,1.103808283810000068e+00,0.000000000000000000e+00
5.770037160000000220e+00,-6.670935561030000294e+00,-1.713666643260000066e+00,-1.352841309979999984e+01,-1.667831420900000028e+00,-4.712001323700000022e+00,1.024410128590000024e+00,0.000000000000000000e+00
5.775008266999999584e+00,-5.817582117399999753e+00,-2.145885655500000322e+00,-1.294580142769999931e+01,-1.435602664949999996e+00,-4.879867076870000098e+00,9.556192159649999907e-01,0.000000000000000000e+00
5.780079252000000167e+00,-5.616285053550000406e+00,-2.196274657259999596e+00,-1.277922905570000012e+01,-1.233692407609999986e+00,-4.957598686219999884e+00,8.803068399429999635e-01,0.000000000000000000e+00
5.785070564999999831e+00,-5.052700737950000409e+00,-2.411951836379999659e+00,-1.273515376719999992e+01,-1.085083365440000058e+00,-4.999257087709999325e+00,7.938342094419998940e-01,0.000000000000000000e+00
5.790106574000000172e+00,-4.573787340690000036e+00,-2.684499780490000376e+00,-1.270570555439999971e+01,-9.905632138249998997e-01,-4.967878341669999642e+00,6.867027282709999847e-01,0.000000000000000000e+00
5.794931905000000327e+00,-3.935889250119999794e+00,-2.998393003690000391e+00,-1.271517948520000019e+01,-9.339729547499999729e-01,-4.919138908389999898e+00,5.586278438570000393e-01,0.000000000000000000e+00
5.800063251000000086e+00,-3.016440993820000305e+00,-2.869214542850000438e+00,-1.258049979660000162e+01,-9.286658763890000001e-01,-4.885436534880000181e+00,3.615756332869999867e-01,0.000000000000000000e+00
5.804999098999999774e+00,-2.191008115040000259e+00,-2.623237794800000078e+00,-1.239358956999999961e+01,-9.153240323069999906e-01,-4.864717483519999774e+00,1.759342104199999868e-01,0.000000000000000000e+00
5.810041625000000209e+00,-1.143883180760000062e+00,-2.492652389779999922e+00,-1.213023206349999938e+01,-9.260867238040000338e-01,-4.849137783049999761e+00,-1.396453473720000137e-02,0.000000000000000000e+00
5.815075254999999999e+00,-1.215169132340000041e-01,-2.305458816209999817e+00,-1.219773498940000067e+01,-8.566842675210000202e-01,-4.803156852719999925e+00,-1.986781060699999990e-01,0.000000000000000000e+00
5.820080886000000397e+00,3.015768720579999895e-01,-1.796976502370000173e+00,-1.222042028400000113e+01,-7.511516809460000443e-01,-4.777882099150000172e+00,-3.744107782839999898e-01,0.000000000000000000e+00
5.824896294000000196e+00,5.082988470320000118e-01,-1.345761843890000087e+00,-1.221269524270000062e+01,-6.111914515499999867e-01,-4.735683441159999951e+00,-5.394173264500000675e-01,0.000000000000000000e+00
5.830030164000000070e+00,7.950702545479999550e-01,-1.294837420079999912e+00,-1.229287878650000110e+01,-3.952145874499999878e-01,-4.659911155699999696e+00,-7.558757662770000385e-01,0.000000000000000000e+00
5.835018872000000023e+00,1.130588522640000093e+00,-1.644269574169999970e+00,-1.239126317290000046e+01,-2.069123983379999865e-01,-4.532236576080000745e+00,-9.731313586239999092e-01,0.000000000000000000e+00
5.840016856000000089e+00,1.858622080550000000e+00,-2.367714196859999731e+00,-1.239971652839999905e+01,-3.910261765119999594e-02,-4.383879184719999600e+00,-1.205770611760000000e+00,0.000000000000000000e+00
5.845100592999999733e+00,2.777790643129999459e+00,-3.283904474269999874e+00,-1.231144086359999967e+01,5.747564509510000308e-02,-4.153665542599999760e+00,-1.425657868389999861e+00,0.000000000000000000e+00
5.850118467999999794e+00,4.038609327619999689e+00,-3.952941799469999573e+00,-1.211979834779999976e+01,1.082906425000000061e-01,-3.895299911499999546e+00,-1.642152309420000122e+00,0.000000000000000000e+00
5.855075461000000203e+00,5.111863705540000247e+00,-4.060646387380000277e+00,-1.188905950089999841e+01,1.915417909619999970e-01,-3.647564411159999853e+00,-1.866004347799999907e+00,0.000000000000000000e+00
5.860030945000000102e+00,6.153277130299999342e+00,-3.707908762009999748e+00,-1.154559911469999989e+01,2.957535684109999785e-01,-3.386451721190000264e+00,-2.126962423320000184e+00,0.000000000000000000e+00
5.865077745999999870e+00,6.953858768679999969e+00,-3.097326256129999678e+00,-1.117123154900000159e+01,4.552136957649999816e-01,-3.168615102770000025e+00,-2.393079996109999552e+00,0.000000000000000000e+00
5.870188108999999876e+00,7.521011005890000156e+00,-2.965659485609999813e+00,-1.084602227430000099e+01,6.758612394329999162e-01,-2.923159360889999725e+00,-2.668159961699999805e+00,0.000000000000000000e+00
5.875099170000000370e+00,8.156714801279999705e+00,-3.047752662409999758e+00,-1.070647234930000025e+01,9.188713431360000516e-01,-2.678809642790000112e+00,-2.925242900849999828e+00,0.000000000000000000e+00
5.880001348999999600e+00,9.010484424500001310e+00,-2.350895602390000061e+00,-1.077527875910000077e+01,1.169941067699999948e+00,-2.409585714340000351e+00,-3.171445846559999726e+00,0.000000000000000000e+00
5.885216173999999967e+00,1.006013025559999896e+01,-1.898372491659999772e+00,-1.097337088939999994e+01,1.361814618109999930e+00,-2.163313388819999794e+00,-3.423305988309999659e+00,0.000000000000000000e+00
5.890158450000000379e+00,1.097345856769999983e+01,-2.287436398920000169e+00,-1.130992105780000045e+01,1.500397682189999804e+00,-1.933557271959999824e+00,-3.688731431959999973e+00,0.000000000000000000e+00
5.895037047999999835e+00,1.152906182140000091e+01,-2.913821161819999617e+00,-1.195504150079999839e+01,1.597334027290000069e+00,-1.762367606159999989e+00,-3.907877445219999579e+00,0.000000000000000000e+00
5.900122031999999628e+00,1.182013969390000163e+01,-2.970279546620000044e+00,-1.231253859569999953e+01,1.605752706529999907e+00,-1.594491362569999904e+00,-4.122315883639999790e+00,0.000000000000000000e+00
5.905043344000000083e+00,1.181121638279999964e+01,-2.579614049389999941e+00,-1.219419629390000104e+01,1.586980938910000027e+00,-1.416811466219999982e+00,-4.256011486050000237e+00,0.000000000000000000e+00
5.910109595999999854e+00,1.197314297470000000e+01,-2.152379109169999971e+00,-1.222007775420000009e+01,1.544862389559999993e+00,-1.176155209539999857e+00,-4.362078189850000065e+00,0.000000000000000000e+00
5.915050477000000306e+00,1.205124094439999993e+01,-2.318536908970000088e+00,-1.257665247349999937e+01,1.461652278899999935e+00,-9.163159131999999429e-01,-4.324506282809999824e+00,0.000000000000000000e+00
5.920123192000000145e+00,1.199917056540000004e+01,-2.453425710279999894e+00,-1.354204181220000081e+01,1.378103017810000219e+00,-6.526758074759999584e-01,-4.202053546910000215e+00,0.000000000000000000e+00
5.924921914999999650e+00,1.152310086720000015e+01,-1.672492921349999939e+00,-1.486302504260000035e+01,1.247338533400000005e+00,-3.808408975599999469e-01,-4.039006233219999409e+00,0.000000000000000000e+00
5.930174469999999864e+00,1.043422426489999921e+01,-1.374996706200000141e+00,-1.634944901049999899e+01,1.033507823939999959e+00,-1.614993363620000066e-01,-3.824490785600000109e+00,0.000000000000000000e+00
5.935106809999999733e+00,8.829274455389999332e+00,-1.822319910200000059e+00,-1.753551289820000036e+01,7.420150041580000355e-01,7.389814406630000609e-02,-3.572763681409999670e+00,0.000000000000000000e+00
5.940002883000000011e+00,7.233115855039999431e+00,-2.104423618170000232e+00,-1.835654052780000001e+01,3.850909471509999515e-01,4.274006783959999889e-01,-3.328433752059999584e+00,0.000000000000000000e+00
5.945003134000000244e+00,5.795768929520000334e+00,-1.577899159420000030e+00,-1.908876291569999850e+01,2.444402314720000094e-02,8.957375884060000404e-01,-3.033313989639999875e+00,0.000000000000000000e+00
5.950104193999999680e+00,4.984022923050000387e+00,-3.504557249849999945e-01,-1.957028971029999909e+01,-3.276595473289999894e-01,1.442235589030000042e+00,-2.740942478180000030e+00,0.000000000000000000e+00
5.955112692000000152e+00,4.391544229139999977e+00,1.289405604289999951e+00,-2.024345200650000010e+01,-5.420280098920000622e-01,2.072062492370000175e+00,-2.410360574719999871e+00,0.000000000000000000e+00
5.960034376000000300e+00,4.088138205419999949e+00,3.072217241579999758e+00,-2.010623900000000219e+01,-6.440451145169999725e-01,2.668028593059999842e+00,-2.062984466550000118e+00,0.000000000000000000e+00
5.965058028999999706e+00,3.757871939569999764e+00,4.847736968289999560e+00,-1.850550008609999963e+01,-6.112677454950000699e-01,3.185309171679999718e+00,-1.717459797860000137e+00,0.000000000000000000e+00
5.970219215000000190e+00,4.140112722809999646e+00,6.722028619400000515e+00,-1.578099445849999860e+01,-5.370109081270000306e-01,3.595914840699999893e+00,-1.372917175289999792e+00,0.000000000000000000e+00
5.975151674000000135e+00,5.431190936480000175e+00,7.121823471769999081e+00,-1.345634856510000077e+01,-4.130542874340000226e-01,3.796903371810000039e+00,-1.036148548129999902e+00,0.000000000000000000e+00
5.980025887000000040e+00,6.727138509759999607e+00,5.921787757280000619e+00,-1.287002050279999921e+01,-3.255804181099999917e-01,3.827232122419999882e+00,-6.570752263069999932e-01,0.000000000000000000e+00
5.985141172999999704e+00,7.048160269670000311e+00,3.990192502719999368e+00,-1.255526832470000009e+01,-3.460013568399999961e-01,3.650224924090000211e+00,-2.454568296669999983e-01,0.000000000000000000e+00
5.990117406000000422e+00,6.289545549400000546e+00,2.137237215749999919e+00,-1.184136719089999978e+01,-5.924494266509999774e-01,3.187788963320000057e+00,1.957210004330000030e-01,0.000000000000000000e+00
5.994901233000000218e+00,-1.650044504310000093e+01,5.741656815580000739e+00,-2.172431717120000272e+00,-1.033354282379999933e+00,1.950070500370000071e+00,7.321729660029999698e-01,0.000000000000000000e+00
6.000079143999999864e+00,-1.083504729130000044e+01,-8.694829744579999797e+00,-2.485313425190000203e+01,-1.463164091110000120e+00,1.974449634550000221e+00,1.745049595830000078e+00,0.000000000000000000e+00
6.005051692000000330e+00,-5.277945079100000214e+00,-3.494255782190000215e+00,-1.489024038169999997e+01,-2.286460638049999883e+00,1.865742444990000193e+00,2.010122299190000295e+00,0.000000000000000000e+00
6.010053973999999855e+00,-4.792166472240000807e+00,-4.797904723629999868e-01,-4.597537049589999647e+00,-2.334854364399999938e+00,2.026810169220000013e+00,1.965515732770000135e+00,0.000000000000000000e+00
6.015026070000000225e+00,-1.645657550620000009e+01,-1.535028424339999864e+00,-1.069918219230000034e+01,-2.516052961349999784e+00,2.258748292920000011e+00,1.379013419149999864e+00,0.000000000000000000e+00
6.020244903000000036e+00,-3.360676105339999964e+01,7.898624567720000655e-01,-2.336368596770000039e+01,-2.460803270340000015e+00,2.154128074650000002e+00,1.260102033619999951e+00,0.000000000000000000e+00
6.025047366999999987e+00,-4.182786737050000170e+01,3.332612975600000027e+00,-2.547125212170000097e+01,-1.646803617480000037e+00,2.405222892759999898e+00,1.098903775220000156e+00,0.000000000000000000e+00
6.030038733999999678e+00,-1.941842040199999886e+01,6.108148533280000514e+00,-1.310067400950000049e+01,-3.018784224989999876e-01,3.014517545699999967e+00,1.680279493330000040e+00,0.000000000000000000e+00
6.035225331000000359e+00,2.494767737960000009e-01,1.472396494690000068e+01,-6.584793401099999777e+00,1.588917613030000009e+00,4.822231292719999729e+00,1.832356095309999988e+00,0.000000000000000000e+00
6.040042301999999808e+00,2.092483589529999577e+00,1.399006147400000089e+01,-9.328124140750000848e+00,2.587192773820000014e+00,5.907411098480000788e+00,2.168935775759999629e+00,0.000000000000000000e+00
6.044995402999999712e+00,-3.397433530559999859e+00,2.868972943520000166e-02,-1.785415097779999982e+01,3.169641494750000454e+00,6.477913379670000360e+00,2.225054740910000106e+00,0.000000000000000000e+00
6.050095075999999850e+00,2.322128357590000025e+00,-7.916759797739999271e+00,-1.835540772439999913e+01,3.162479877469999590e+00,5.484723091130000228e+00,2.551192760470000209e+00,0.000000000000000000e+00
6.055041715999999852e+00,7.046148345319999784e+00,-8.813347987460000255e+00,-1.405814190759999960e+01,2.620150804520000154e+00,4.524148464200000497e+00,2.780204534530000160e+00,0.000000000000000000e+00
6.060087485999999579e+00,5.435746115569998871e+00,-3.588919979009999484e+00,-1.355108670390000114e+01,1.726984620090000089e+00,3.758077144619999643e+00,2.308808803559999845e+00,0.000000000000000000e+00
6.065097534000000401e+00,-2.591228791599999859e+00,5.138082434900000273e+00,-1.844553398549999912e+01,5.006557703019999250e-01,2.790901899340000103e+00,1.185996532439999918e+00,0.000000000000000000e+00
6.070009908000000287e+00,-1.138356146359999954e+01,7.326282214519999947e+00,-1.637605995400000225e+01,-4.711155295369999774e-01,2.090588331220000207e+00,1.777486801150000018e-01,0.000000000000000000e+00
6.075056430000000063e+00,-1.522271526349999959e+01,8.138863502769998703e+00,-1.550665495480000011e+01,-8.504010438919999970e-01,1.932672619819999937e+00,-3.724370002750000408e-01,0.000000000000000000e+00
6.080053638999999954e+00,-1.277128072710000062e+01,1.094894956479999948e+01,-1.454210148229999966e+01,-5.262082815169999428e-01,2.466734170909999690e+00,-5.433630943299999627e-01,0.000000000000000000e+00
6.085158733000000097e+00,-9.053464903569999223e+00,1.588356869779999947e+01,-1.367925949490000015e+01,3.341773450369999732e-01,3.493067264559999607e+00,-4.228276908399999923e-01,0.000000000000000000e+00
6.090111259000000388e+00,-6.829405875060000852e+00,1.467039000859999831e+01,-1.331228145500000082e+01,9.640188813209999985e-01,4.505008220669999730e+00,-2.612933516500000053e-01,0.000000000000000000e+00
6.095040148999999907e+00,-2.918326072030000162e+00,7.590186248930000268e+00,-1.251271513109999844e+01,1.343651056290000145e+00,4.863014221190000264e+00,-1.591208279130000014e-01,0.000000000000000000e+00
6.100185476000000051e+00,-1.658862601539999870e+00,2.037066676599999848e+00,-1.165335572500000083e+01,1.437609076500000027e+00,4.760116577149999806e+00,-2.191882729530000018e-01,0.000000000000000000e+00
6.105100982999999815e+00,-2.191619671059999774e+00,-1.385757023540000077e+00,-1.328643974220000068e+01,1.299650669100000044e+00,4.293351173399999610e+00,-4.181481599809999672e-01,0.000000000000000000e+00
6.110102987000000319e+00,-1.148330515560000098e+00,-2.098672215040000122e+00,-1.336345985349999843e+01,1.137830734250000031e+00,3.568014383319999538e+00,-5.414755940440000304e-01,0.000000000000000000e+00
6.115047196999999990e+00,5.006273990890000025e-01,-2.163041957489999945e+00,-1.243556525589999850e+01,9.645414948459999360e-01,2.941781282420000032e+00,-7.060840129850000091e-01,0.000000000000000000e+00
6.120100974999999721e+00,7.180699439110000970e-01,-3.702214349760000189e+00,-1.152516189130000157e+01,7.975687384610000707e-01,2.502299070359999877e+00,-8.887156248090000155e-01,0.000000000000000000e+00
6.124990090999999914e+00,-1.839017216370000041e+00,-5.797730000459999644e+00,-1.178444411119999913e+01,6.947823762890000809e-01,2.252625703809999713e+00,-8.181665539740000659e-01,0.000000000000000000e+00
6.130056414000000231e+00,-1.538374958279999705e+00,-7.690996401150000494e+00,-1.219313129500000059e+01,5.831222534179999473e-01,2.225256204609999955e+00,-6.124067306520000198e-01,0.000000000000000000e+00
6.135182463999999669e+00,-1.571280764199999957e+00,-8.840401998600000866e+00,-1.235116263309999951e+01,5.045870542529999891e-01,2.313359022140000221e+00,-3.603779375550000275e-01,0.000000000000000000e+00
6.139967572999999845e+00,-1.332714000139999966e+00,-9.487397003330000800e+00,-1.209761924920000098e+01,3.171977102760000222e-01,2.274971723559999770e+00,-1.007848754529999946e-01,0.000000000000000000e+00
6.145103160999999758e+00,-1.376775552439999828e+00,-9.894836817499999881e+00,-1.188443476369999807e+01,-3.690335527059999954e-02,2.174041986470000243e+00,1.910100877289999943e-01,0.000000000000000000e+00
6.150073965999999892e+00,-9.404793538930000807e-01,-9.113745477010001039e+00,-1.202439853019999916e+01,-4.849841296670000523e-01,1.953106045720000017e+00,4.733591675759999950e-01,0.000000000000000000e+00
6.155059686000000418e+00,-5.757937357650000365e-01,-5.746901730499999417e+00,-1.283636840849999849e+01,-9.354580044750000489e-01,1.647734999659999922e+00,6.516869664190000355e-01,0.000000000000000000e+00
6.159949714999999770e+00,-5.747296501969999527e-01,-2.868360556370000314e+00,-1.243697512269999983e+01,-1.303362846369999994e+00,1.270529866220000192e+00,6.321591138840000346e-01,0.000000000000000000e+00
6.164990541999999962e+00,-1.566053969460000195e+00,-1.571810633289999926e+00,-1.302390524259999971e+01,-1.470686554909999888e+00,9.698551893229999665e-01,5.560501217840000399e-01,0.000000000000000000e+00
6.170215098999999981e+00,-3.067119626179999781e+00,1.153668734779999872e+00,-1.305296182569999885e+01,-1.498832941060000090e+00,8.198488950730000724e-01,4.713658094409999832e-01,0.000000000000000000e+00
6.175020890999999956e+00,-3.080267277039999918e+00,3.475633499309999763e+00,-1.167101179319999993e+01,-1.310710668560000070e+00,4.709409475330000316e-01,3.849780559539999758e-01,0.000000000000000000e+00
6.179984439000000052e+00,-2.924295209559999886e+00,5.428577539119999074e+00,-1.272165131150000050e+01,-1.016506552699999899e+00,4.447439908979999856e-01,3.005658090109999958e-01,0.000000000000000000e+00
6.185168574999999613e+00,-2.648549638450000021e+00,6.093087742269999829e+00,-1.210680559519999910e+01,-6.832459568979999398e-01,4.085840582850000513e-01,2.135462909939999931e-01,0.000000000000000000e+00
6.190084619000000288e+00,-2.449998950699999956e+00,5.273780945159999511e+00,-1.197694938130000075e+01,-3.135627806190000033e-01,2.649732530119999763e-01,1.527191847559999927e-01,0.000000000000000000e+00
6.195054140999999959e+00,-3.206291365500000268e+00,4.048813033990000143e+00,-1.134679737479999950e+01,-1.400263793770000105e-02,1.860072016719999943e-01,4.383023083209999782e-02,0.000000000000000000e+00
6.200165465999999626e+00,-3.114160778809999641e+00,3.480907055799999927e+00,-1.057172485619999946e+01,1.769765466450000102e-01,8.233001828189999427e-02,-9.671977907419999909e-02,0.000000000000000000e+00
6.205083152000000268e+00,-3.179473501199999941e+00,2.920384465859999779e+00,-1.018861050499999976e+01,2.666223049159999747e-01,1.826150715350000064e-02,-1.988240033390000217e-01,1.000000000000000000e+00
6.209989279000000195e+00,-3.547039277880000618e+00,1.635193118270000134e+00,-9.317359001099999816e+00,3.334148526190000017e-01,6.628773175179999977e-03,-3.123175799849999823e-01,1.000000000000000000e+00
6.215086200000000005e+00,-4.160860911809999507e+00,5.123443595629999514e-01,-8.574448630450000053e+00,4.315083026889999784e-01,4.951757937669999665e-02,-3.823960721490000103e-01,1.000000000000000000e+00
6.220078572000000250e+00,-4.806790917659999884e+00,-2.400176569850000219e-02,-8.349009643510001411e+00,5.193031430240000468e-01,1.053348109129999960e-01,-3.674367070199999752e-01,1.000000000000000000e+00
6.225030422999999757e+00,-4.964194771499999881e+00,2.028359090549999855e-01,-8.578433316169999046e+00,5.673439502720000194e-01,2.094938158989999855e-01,-3.355779647830000045e-01,1.000000000000000000e+00
6.230132481000000055e+00,-4.923185300250000118e+00,4.603221305769999994e-01,-8.930662699760000933e+00,5.849713087080000706e-01,2.755250930790000274e-01,-3.305796682830000055e-01,0.000000000000000000e+00
6.235167365999999767e+00,-4.493729761370000020e+00,9.664289474570000871e-02,-9.154819830190000118e+00,5.942798852920000430e-01,3.713925778869999750e-01,-3.543870449070000150e-01,0.000000000000000000e+00
6.240045274999999947e+00,-3.880772050790000094e+00,-8.100913711349999602e-01,-9.220858528770000007e+00,6.081026792529999891e-01,4.403951764109999556e-01,-3.810434639450000494e-01,0.000000000000000000e+00
6.244956069999999748e+00,-3.758774149110000184e+00,-1.757568474960000016e+00,-9.606641806919999027e+00,5.740872621540000775e-01,4.688048660760000264e-01,-3.428149819369999962e-01,0.000000000000000000e+00
6.249991254000000218e+00,-2.961233485859999792e+00,-1.975104872079999963e+00,-1.048573584100000033e+01,5.533826947209999902e-01,3.951080739500000272e-01,-2.910073399540000216e-01,0.000000000000000000e+00
6.255167488999999748e+00,-2.381305645969999940e+00,-1.666192213770000041e+00,-1.096809382579999870e+01,5.017920732500000813e-01,2.809291779989999682e-01,-2.344149351119999836e-01,1.000000000000000000e+00
6.260089748999999593e+00,-2.002503458870000141e+00,-1.580224533630000039e+00,-1.120507536650000091e+01,4.507046043869999963e-01,1.188343241809999978e-01,-2.024392783639999971e-01,1.000000000000000000e+00
6.265077411000000041e+00,-2.067928847859999753e+00,-8.916972758710000058e-01,-1.126338727019999908e+01,4.429531395440000074e-01,-1.384148281070000062e-02,-1.850017905240000093e-01,1.000000000000000000e+00
6.270210332000000442e+00,-2.303034219409999750e+00,1.100287679629999987e-02,-1.136272442719999987e+01,4.765677452090000266e-01,-1.974763572219999930e-01,-1.560036689039999980e-01,1.000000000000000000e+00
6.275094382999999887e+00,-2.605920164779999659e+00,1.168994898730000065e+00,-1.143246256479999978e+01,5.657930970189999353e-01,-3.441593945029999824e-01,-1.505465656520000028e-01,1.000000000000000000e+00
6.279944816000000429e+00,-2.864214250350000324e+00,1.912315822949999911e+00,-1.130194467210000120e+01,6.773143410680000365e-01,-4.482690095899999894e-01,-1.779960542920000222e-01,0.000000000000000000e+00
6.285234513999999884e+00,-2.944716358560000025e+00,2.045043354570000194e+00,-1.111017940670000037e+01,8.079910278319999417e-01,-5.469495058059999915e-01,-1.967573314909999704e-01,0.000000000000000000e+00
6.289988368999999580e+00,-2.933060115299999548e+00,1.741357783259999792e+00,-1.088671201210000028e+01,9.360671043399999558e-01,-5.949539542199999698e-01,-2.318020313980000136e-01,0.000000000000000000e+00
6.294996319000000007e+00,-3.224784761310000025e+00,1.846143122730000030e+00,-1.097459370920000055e+01,1.034750103950000000e+00,-6.946650743479999557e-01,-2.425720691680000041e-01,0.000000000000000000e+00
6.300116305999999611e+00,-3.234827139630000126e+00,1.968374102520000113e+00,-1.126869589799999893e+01,1.150817155839999995e+00,-7.925473451610000053e-01,-2.320350557570000083e-01,0.000000000000000000e+00
6.305059059000000410e+00,-2.621826758960000170e+00,1.628717930899999944e+00,-1.136754205660000139e+01,1.218383193019999977e+00,-9.107375144959999336e-01,-2.234172523019999912e-01,0.000000000000000000e+00
6.310081134999999897e+00,-2.160730319540000277e+00,1.090087366229999910e+00,-1.116519109979999946e+01,1.278601169589999920e+00,-1.039609551429999890e+00,-2.281580567359999812e-01,0.000000000000000000e+00
6.315080015000000380e+00,-1.835356209650000014e+00,2.152486332409999856e-02,-1.091260399369999945e+01,1.358282446859999881e+00,-1.149332404139999930e+00,-1.961829215289999928e-01,0.000000000000000000e+00
6.320076925999999595e+00,-1.764494913220000072e+00,-6.852053467940000253e-01,-1.064045644710000005e+01,1.410358071329999907e+00,-1.284160017970000123e+00,-1.761361509560000205e-01,0.000000000000000000e+00
6.325016108999999886e+00,-2.525933604870000071e+00,-1.166734844839999896e+00,-1.049261800170000036e+01,1.441296219829999892e+00,-1.403126716610000102e+00,-1.219319030639999940e-01,0.000000000000000000e+00
6.329964319000000117e+00,-2.771550287440000204e+00,-3.883965293880000114e-01,-1.087373679519999925e+01,1.430937528610000120e+00,-1.567288160319999957e+00,-1.335499733689999857e-01,0.000000000000000000e+00
6.335242610999999968e+00,-2.514573714199999976e+00,4.057280418079999840e-01,-1.082668395209999979e+01,1.403103113170000027e+00,-1.703082323070000070e+00,-1.546090096240000100e-01,0.000000000000000000e+00
6.340055399999999786e+00,-2.603943311740000155e+00,4.946209982810000350e-01,-1.040679849789999878e+01,1.385785102840000116e+00,-1.798846244809999773e+00,-2.433543205260000064e-01,0.000000000000000000e+00
6.344966490000000015e+00,-3.040964901959999800e+00,7.999003050529999992e-02,-1.024175406620000039e+01,1.412086725230000006e+00,-1.808063030240000257e+00,-3.143230676650000111e-01,0.000000000000000000e+00
6.350066609999999834e+00,-3.800494398989999745e+00,2.013007536430000133e-01,-1.041526120580000025e+01,1.513743638989999862e+00,-1.846423387530000015e+00,-3.794572651389999662e-01,0.000000000000000000e+00
6.355126632000000164e+00,-4.380321993380000833e+00,4.876137498669999570e-01,-1.017746016539999943e+01,1.610095620160000074e+00,-1.871129512790000060e+00,-4.838044345379999833e-01,0.000000000000000000e+00
6.360093184000000122e+00,-4.869220778089999868e+00,3.504690593900000040e-01,-9.989393754550000892e+00,1.749782800670000027e+00,-1.930990338330000000e+00,-5.645128488539999934e-01,0.000000000000000000e+00
6.365081090000000330e+00,-5.570472565930000286e+00,1.201181888850000101e+00,-1.053731171450000126e+01,1.931139826770000179e+00,-1.913915514950000007e+00,-6.610051393509999151e-01,0.000000000000000000e+00
6.370240353999999883e+00,-6.981508407629999802e+00,2.995992080030000171e+00,-1.127451890500000076e+01,2.187803983690000287e+00,-1.903407096859999870e+00,-7.667186856270000739e-01,0.000000000000000000e+00
6.375036015000000056e+00,-7.349727972040000168e+00,4.055053389680000286e+00,-1.174325051549999976e+01,2.508066177370000371e+00,-1.889137744900000193e+00,-9.877434968950000727e-01,0.000000000000000000e+00
6.379962455000000254e+00,-9.783151050989999931e+00,5.107202727989999858e+00,-1.080392500780000020e+01,2.879070997240000374e+00,-1.813458085059999725e+00,-1.275721430779999999e+00,0.000000000000000000e+00
6.385236500000000426e+00,-1.187287058259999917e+01,6.239658359680000821e+00,-9.524919801519999396e+00,3.268581867219999992e+00,-1.653750300410000040e+00,-1.641498684879999947e+00,0.000000000000000000e+00
6.390100185999999738e+00,-1.413939045030000052e+01,5.186079280830000471e+00,-8.489634504249998770e+00,3.635403871540000331e+00,-1.314123511310000048e+00,-1.981964111329999945e+00,0.000000000000000000e+00
6.394937933999999657e+00,-1.681418366020000121e+01,3.291438084649999762e+00,-6.147569858569999823e+00,3.915183782580000216e+00,-9.694788455959999496e-01,-2.320637226100000117e+00,0.000000000000000000e+00
6.400178604999999799e+00,-2.008378400710000022e+01,2.118319457050000132e+00,-3.131071581610000099e+00,3.954452991489999736e+00,-4.694461226459999970e-01,-2.633967399599999926e+00,0.000000000000000000e+00
6.405123428999999646e+00,-2.263038455239999891e+01,-9.640249915880000353e-01,7.346429661139999290e-01,3.604292154309999940e+00,1.316483467820000197e-01,-2.897188663479999704e+00,0.000000000000000000e+00
6.410175613999999911e+00,-2.259003617539999809e+01,-4.311061702409999974e+00,3.166367059129999717e+00,2.883630037310000116e+00,7.389068007469999921e-01,-3.225596427919999787e+00,0.000000000000000000e+00
6.415071496999999567e+00,-2.182771441730000106e+01,-5.439598114819999886e+00,5.457992434169999463e+00,1.810743689540000201e+00,1.421053171160000073e+00,-3.670053720469999892e+00,0.000000000000000000e+00
6.420080353000000351e+00,-2.506200964199999959e+01,-2.749401547459999762e-01,5.155911521580000212e+00,5.906917452809999913e-01,1.876773476599999935e+00,-4.174404621119999881e+00,0.000000000000000000e+00
6.425046743000000227e+00,-2.599856100879999943e+01,5.359742487819999290e+00,6.709408207280000092e+00,-2.350814938549999900e-01,2.004495620729999761e+00,-4.668831348419999472e+00,0.000000000000000000e+00
6.429950188000000288e+00,-2.287655243909999925e+01,8.349417639789999512e+00,8.902837119730000026e+00,-2.259236276150000111e-01,1.942620635029999931e+00,-4.963981628419999126e+00,0.000000000000000000e+00
6.435038172999999695e+00,-2.607445299289999951e+01,6.189210028949999831e+00,8.356184649710000301e+00,5.451177358630000525e-01,1.454614758489999993e+00,-4.799951076509999304e+00,0.000000000000000000e+00
6.440111915000000131e+00,-2.965769609530000039e+01,-9.543998011479999377e+00,5.293644168010000151e+00,8.662360310550000220e-01,1.114993572239999953e+00,-3.890505790709999800e+00,0.000000000000000000e+00
6.445021140999999787e+00,-2.938232783309999974e+01,-5.279519781070000306e+00,3.835529472009999719e+00,5.214014053340000343e-01,1.118211388590000022e+00,-2.957514762879999815e+00,0.000000000000000000e+00
6.450063056000000294e+00,-2.373152559289999886e+01,1.812920359829999883e+00,1.143093637820000064e+00,-4.617061316969999774e-01,9.623212218279999508e-01,-2.607963085170000195e+00,0.000000000000000000e+00
6.455189767000000245e+00,-2.191923184059999841e+01,-1.837789610810000029e-01,-1.384825587909999989e+00,-1.642469525340000125e+00,1.126404881479999842e+00,-3.129958391190000189e+00,0.000000000000000000e+00
6.460002305999999805e+00,-2.371976033630000202e+01,-2.877183622039999999e+00,-3.424503616049999977e+00,-2.429584503170000076e+00,1.507894754410000093e+00,-3.153921842579999968e+00,0.000000000000000000e+00
6.465006278999999800e+00,-2.468256608829999976e+01,-3.226308902139999990e+00,-4.475416398300000154e+00,-2.900470495220000000e+00,1.795287251470000234e+00,-2.560574293140000179e+00,0.000000000000000000e+00
6.470123548000000113e+00,-2.254395013150000082e+01,-1.344169094810000187e-01,-4.599552481059999920e+00,-2.990089654919999784e+00,1.805887818340000228e+00,-1.939247608179999860e+00,0.000000000000000000e+00
6.475075870000000400e+00,-1.906161187390000222e+01,2.419669132759999730e+00,-5.679970467000000411e+00,-2.912432193759999954e+00,1.472766637799999945e+00,-1.430409312249999898e+00,0.000000000000000000e+00
6.480056750000000143e+00,-1.603675902559999855e+01,2.800335067900000308e+00,-6.300291984340000262e+00,-2.802087783809999788e+00,1.082253932950000053e+00,-1.036405682559999875e+00,0.000000000000000000e+00
6.485222394000000001e+00,-1.527316300980000108e+01,2.174132383559999937e+00,-6.785805802790000563e+00,-2.656331300739999790e+00,7.226332426070000148e-01,-5.383181571959999578e-01,0.000000000000000000e+00
6.490140338999999869e+00,-1.450682792440000135e+01,1.839280543490000142e+00,-7.115420034470000488e+00,-2.432942152020000304e+00,4.469705522060000158e-01,9.772222489119998523e-02,0.000000000000000000e+00
6.495042036000000074e+00,-1.352165719579999958e+01,1.362184278640000024e+00,-7.052272381160000769e+00,-2.134757757190000049e+00,1.708645075560000226e-01,8.408857584000000163e-01,0.000000000000000000e+00
6.500216531999999603e+00,-1.295146661380000097e+01,5.661432428329999933e-01,-6.825147633090000276e+00,-1.934336304659999950e+00,-8.577258139849999741e-02,1.626957058909999976e+00,0.000000000000000000e+00
6.505104850999999577e+00,-1.283083181719999999e+01,-1.308811438760000057e+00,-6.800802296390000556e+00,-1.833715081209999820e+00,-3.000757396220000150e-01,2.452310562130000093e+00,0.000000000000000000e+00
6.510037722999999943e+00,-1.242468964160000056e+01,-3.222722275820000259e+00,-6.718224550939999595e+00,-1.826359629629999981e+00,-4.113365709780000268e-01,3.204540491099999944e+00,0.000000000000000000e+00
6.514952329999999847e+00,-1.190853460119999951e+01,-3.584564998669999891e+00,-7.614569579560001245e+00,-1.873859047890000129e+00,-5.250570774080000058e-01,3.832741737369999679e+00,0.000000000000000000e+00
6.520099321000000003e+00,-1.115739708499999949e+01,-3.552197975809999519e+00,-8.379401859159999688e+00,-1.999289035800000169e+00,-6.124436259269999683e-01,4.305516719819999949e+00,0.000000000000000000e+00
6.525064425000000057e+00,-1.093966735720000116e+01,-4.162036385330000421e+00,-8.625825181939998032e+00,-2.166141271589999917e+00,-7.334114313130000173e-01,4.670566558840000049e+00,0.000000000000000000e+00
6.530038953000000035e+00,-1.056890746070000020e+01,-4.691000930699999572e+00,-8.738031172930000423e+00,-2.292772054669999893e+00,-8.239668607709998982e-01,5.016603469849999719e+00,0.000000000000000000e+00
6.535055963999999662e+00,-9.538261513649999301e+00,-4.713621927830000224e+00,-8.787490492619999927e+00,-2.340307950970000217e+00,-8.733765482899999988e-01,5.303094863890000177e+00,0.000000000000000000e+00
6.540170647000000059e+00,-8.468105978529999689e+00,-4.401035987840000274e+00,-8.868750725730000894e+00,-2.339205741879999856e+00,-1.009998798370000062e+00,5.499760627749999742e+00,0.000000000000000000e+00
6.545049456000000099e+00,-7.634949519760001024e+00,-4.091848458119999421e+00,-8.876123300319999743e+00,-2.283155202870000178e+00,-1.136051654820000145e+00,5.620759010310000470e+00,0.000000000000000000e+00
6.550086118000000290e+00,-6.876169379800000314e+00,-3.904456000980000674e+00,-8.734420581220000201e+00,-2.240592241289999897e+00,-1.310208320620000144e+00,5.609975337979999921e+00,0.000000000000000000e+00
6.555046232999999667e+00,-7.029662489939999759e+00,-3.963864175499999920e+00,-8.838271416310000461e+00,-2.142520427700000063e+00,-1.460650682450000071e+00,5.539272785190000548e+00,0.000000000000000000e+00
6.560069025999999859e+00,-6.449951799930000007e+00,-4.072684323440000753e+00,-8.568798641860000842e+00,-2.105430841450000035e+00,-1.617999196049999977e+00,5.415344238280000333e+00,0.000000000000000000e+00
6.564997993999999615e+00,-6.066622344680000722e+00,-4.255698711619999131e+00,-8.312119882530000226e+00,-2.040873765949999807e+00,-1.720502614970000010e+00,5.211270809170000184e+00,0.000000000000000000e+00
6.570218524000000393e+00,-5.813428504850000067e+00,-4.480287219210000060e+00,-8.193041667679999307e+00,-1.978427886959999826e+00,-1.846542716029999864e+00,4.984963417049999457e+00,0.000000000000000000e+00
6.575022798000000002e+00,-5.594646053189999968e+00,-4.645601992310000483e+00,-8.111542949649999557e+00,-1.982118606570000052e+00,-1.957152724270000199e+00,4.735802650450000151e+00,0.000000000000000000e+00
6.579984977999999707e+00,-5.143723071140000158e+00,-4.919609195319999628e+00,-7.989289027380000796e+00,-2.033897638320000034e+00,-2.092111349109999630e+00,4.460728168490000201e+00,0.000000000000000000e+00
6.584956565999999789e+00,-4.587245080409999787e+00,-5.292229040519999650e+00,-7.816480391389998950e+00,-2.091907024379999758e+00,-2.175692081450000259e+00,4.150082111359999715e+00,0.000000000000000000e+00
6.590200145999999926e+00,-3.898251301119999734e+00,-5.578662302119999694e+00,-7.920216660199999481e+00,-2.187530517579999945e+00,-2.302936315540000223e+00,3.828235387799999501e+00,0.000000000000000000e+00
6.595062808999999859e+00,-3.424842638749999946e+00,-5.766126655449999916e+00,-8.214582468360001499e+00,-2.281530141829999803e+00,-2.441424846649999925e+00,3.506706714630000388e+00,0.000000000000000000e+00
6.600056013999999749e+00,-3.218307089729999682e+00,-5.717459947439999191e+00,-8.567114634299999310e+00,-2.392796754840000428e+00,-2.543223142620000043e+00,3.161202430729999957e+00,0.000000000000000000e+00
6.605014867999999595e+00,-3.309113442070000133e+00,-5.250766564800000147e+00,-8.802435548300000079e+00,-2.465270757679999925e+00,-2.622428894040000014e+00,2.844679355620000294e+00,0.000000000000000000e+00
6.610167492000000422e+00,-3.367801777880000014e+00,-4.384630796489999760e+00,-8.924938476900001305e+00,-2.492072820659999799e+00,-2.673791646959999824e+00,2.540892839430000105e+00,0.000000000000000000e+00
6.615051290000000250e+00,-3.333710999969999644e+00,-3.741845518399999904e+00,-8.967015869649999971e+00,-2.448869466780000170e+00,-2.657480239870000371e+00,2.261561870570000021e+00,0.000000000000000000e+00
6.620178145999999764e+00,-3.264351340280000180e+00,-3.381155472720000166e+00,-9.001969694130000477e+00,-2.322888851170000102e+00,-2.624747037890000190e+00,2.024754285809999832e+00,0.000000000000000000e+00
6.624948607000000322e+00,-2.977552460240000087e+00,-3.391310371499999921e+00,-9.195369282730000648e+00,-2.149152994159999608e+00,-2.588685274119999935e+00,1.825470566750000190e+00,0.000000000000000000e+00
6.629985568999999579e+00,-2.917276855229999910e+00,-3.495860294780000377e+00,-9.389020215730001340e+00,-1.985851287840000090e+00,-2.594042301180000010e+00,1.673311114309999903e+00,0.000000000000000000e+00
6.635165479000000310e+00,-2.889370611179999493e+00,-3.591051730340000248e+00,-9.524732754520000455e+00,-1.833116769789999934e+00,-2.561282396320000210e+00,1.508123993869999957e+00,0.000000000000000000e+00
6.639915965000000142e+00,-2.846559935709999767e+00,-3.453078845409999875e+00,-9.473323469800000396e+00,-1.625172019000000079e+00,-2.520151138309999705e+00,1.379249691960000135e+00,0.000000000000000000e+00
6.645090478000000189e+00,-2.653229612959999706e+00,-3.226707838329999856e+00,-9.466573411010001493e+00,-1.450331807139999762e+00,-2.431514024729999779e+00,1.269807696340000014e+00,0.000000000000000000e+00
6.650182390000000332e+00,-2.343935992510000066e+00,-3.088529493949999871e+00,-9.451629524380001257e+00,-1.274862408640000000e+00,-2.327302694320000143e+00,1.155164360999999973e+00,0.000000000000000000e+00
6.655058026999999932e+00,-1.889874420170000180e+00,-3.084493954829999662e+00,-9.329007937839998377e+00,-1.100908637050000083e+00,-2.251902103419999968e+00,1.057756781579999972e+00,0.000000000000000000e+00
6.660038250000000382e+00,-1.293088384449999850e+00,-3.015412235290000353e+00,-9.213014245010000991e+00,-9.233471751209999523e-01,-2.170123338699999849e+00,9.498500823970000839e-01,0.000000000000000000e+00
6.665057297999999797e+00,-7.921721219539999970e-01,-2.830520070539999988e+00,-9.074446901319999981e+00,-7.589309215549999710e-01,-2.127165794370000196e+00,8.480181694030000106e-01,0.000000000000000000e+00
6.670045002000000167e+00,-5.098402312549999982e-01,-2.427440059020000263e+00,-8.954595364010000225e+00,-5.946950316429999717e-01,-2.086384296420000339e+00,7.676699757580000005e-01,0.000000000000000000e+00
6.675058392999999590e+00,-3.665559420449999717e-01,-2.123972514380000121e+00,-8.866313269449999979e+00,-4.108181297779999741e-01,-2.048129558559999897e+00,6.977771520609999945e-01,0.000000000000000000e+00
6.680010732000000395e+00,-4.014082789130000162e-01,-1.824875878300000087e+00,-8.809598864059999812e+00,-2.137546837330000227e-01,-1.966289758680000110e+00,6.342672705649999854e-01,0.000000000000000000e+00
6.684993417000000271e+00,-3.591617401399999632e-01,-1.696509610620000164e+00,-8.930565084610000426e+00,-5.549509450790000159e-02,-1.862712144850000140e+00,5.791473388669999833e-01,0.000000000000000000e+00
6.689984093999999715e+00,-3.892325783529999583e-01,-1.757014055950000042e+00,-9.024926791349999533e+00,9.866268932819999282e-02,-1.761593341830000048e+00,5.665549039839999912e-01,0.000000000000000000e+00
6.695092329999999592e+00,-1.939284895750000015e-01,-1.735070373559999712e+00,-9.153900377260001164e+00,1.740614175800000163e-01,-1.636013627050000085e+00,5.553444027899999691e-01,0.000000000000000000e+00
6.699931978999999593e+00,1.290742880769999990e-01,-1.550240168119999984e+00,-9.240389743189998839e+00,2.523264884950000009e-01,-1.528006076809999891e+00,5.518717765810000619e-01,0.000000000000000000e+00
6.705016614999999902e+00,4.460691122860000468e-01,-1.306488110379999901e+00,-9.272923062529999427e+00,2.668401598930000285e-01,-1.430538773539999919e+00,5.268815159800001036e-01,0.000000000000000000e+00
6.710053030000000085e+00,7.020362162159999864e-01,-1.070921551060000088e+00,-9.282814926469999506e+00,2.697611153130000106e-01,-1.323087930679999857e+00,5.195487141610000137e-01,0.000000000000000000e+00
6.714951818000000294e+00,1.116040284259999904e+00,-7.404149736449999741e-01,-9.268597600539999704e+00,2.592248320580000098e-01,-1.207542657849999923e+00,5.099983811380000009e-01,0.000000000000000000e+00
6.720033671999999569e+00,1.279896017660000052e+00,-2.988479402840000243e-01,-9.256232039969999548e+00,2.537985742089999830e-01,-1.151027798649999934e+00,5.618047118190000466e-01,0.000000000000000000e+00
6.724932130000000008e+00,1.134240761540000086e+00,-5.635609803880000518e-02,-9.588078560750000534e+00,2.774640321730000303e-01,-1.131930470469999950e+00,6.401340961460000312e-01,0.000000000000000000e+00
6.730060409000000021e+00,-5.708818887280000393e-02,-1.680749402639999945e-01,-1.045512209149999983e+01,3.970528542999999799e-01,-1.108385324479999934e+00,7.520087957379999466e-01,0.000000000000000000e+00
6.735142452999999918e+00,-2.013263045560000020e+00,-2.379079530880000015e-01,-1.147749179309999867e+01,5.622236132619999882e-01,-1.052682995799999910e+00,8.902714848520000279e-01,0.000000000000000000e+00
6.740048941000000404e+00,-3.427204107180000126e+00,7.576236177369999325e-02,-1.184410509140000123e+01,7.444196343420000916e-01,-9.247161746030000407e-01,1.007853388789999860e+00,0.000000000000000000e+00
6.745095252999999680e+00,-4.334107646949999726e+00,3.490913047640000211e-01,-1.173360824240000078e+01,9.263486862180000392e-01,-7.009354233740000550e-01,1.081222057339999987e+00,0.000000000000000000e+00
6.750112965999999659e+00,-4.752564821950000074e+00,3.372802271320000239e-02,-1.158292668260000013e+01,1.139739155770000067e+00,-4.090241193770000061e-01,1.067016482349999906e+00,0.000000000000000000e+00
6.755073495000000428e+00,-4.722436517930000299e+00,-1.190033010579999884e+00,-1.116715158630000104e+01,1.306771516800000033e+00,-1.528451144700000153e-01,1.014005661010000114e+00,0.000000000000000000e+00
6.759990250000000422e+00,-4.151984654649999662e+00,-2.398854892790000193e+00,-1.016444870820000013e+01,1.445776343350000159e+00,-2.141888812179999768e-02,9.367228150370000561e-01,0.000000000000000000e+00
6.765060018999999869e+00,-3.333661900130000078e+00,-3.611158406569999535e+00,-8.923568357589999778e+00,1.484578967089999813e+00,3.702903538940000017e-02,8.201647400859999326e-01,0.000000000000000000e+00
6.770001709999999839e+00,-2.536638538759999673e+00,-4.604344391509999745e+00,-7.945477942700000185e+00,1.484293937680000175e+00,-4.319925606250000355e-02,6.521949172020000685e-01,0.000000000000000000e+00
6.775170828000000256e+00,-1.933084031820000215e+00,-5.243935841989999957e+00,-7.269570147219999612e+00,1.457100272179999934e+00,-2.054069936279999953e-01,4.513251781459999834e-01,0.000000000000000000e+00
6.779942422000000413e+00,-1.885878628529999768e+00,-5.630130039029999978e+00,-6.981851521980000363e+00,1.407873630520000141e+00,-4.215981364249999919e-01,1.862938553090000282e-01,0.000000000000000000e+00
6.785036169999999700e+00,-2.241434233940000187e+00,-5.911116725669999461e+00,-6.755412418090000592e+00,1.334992527960000119e+00,-6.582886576649999988e-01,-8.763992041349999429e-02,0.000000000000000000e+00
6.790160234000000017e+00,-2.371746667240000050e+00,-5.842186981819999403e+00,-6.706041945720000008e+00,1.281859040260000082e+00,-8.596168160439999761e-01,-3.940187394620000005e-01,0.000000000000000000e+00
6.795036602999999786e+00,-2.844487221090000073e+00,-5.781123149049999910e+00,-7.370329446039999510e+00,1.241133928300000022e+00,-9.664437770839999775e-01,-6.562137603759999882e-01,0.000000000000000000e+00
6.799951921999999982e+00,-3.642227790830000256e+00,-6.032672144279999316e+00,-8.148989175469999680e+00,1.219927072529999990e+00,-1.040809154510000001e+00,-8.799849152570000665e-01,0.000000000000000000e+00
6.805007986999999758e+00,-4.258870327400000377e+00,-6.286862593919999576e+00,-8.592821322480000745e+00,1.176771402359999996e+00,-1.058536171909999934e+00,-1.046389460560000151e+00,0.000000000000000000e+00
6.809984046000000291e+00,-4.434946733010000308e+00,-6.247105753080000490e+00,-8.701934023630000681e+00,1.109533309939999990e+00,-9.869876503939999379e-01,-1.158800959589999957e+00,0.000000000000000000e+00
6.814977523999999676e+00,-3.760852416690000144e+00,-5.682743438840000216e+00,-8.480999362380000406e+00,9.928249716760000343e-01,-8.710285425189999708e-01,-1.251275777820000101e+00,0.000000000000000000e+00
6.820005625000000293e+00,-2.721241072910000280e+00,-4.985366154350000301e+00,-8.237027524410001078e+00,8.899047374730000293e-01,-7.503792047499999729e-01,-1.284096240999999861e+00,0.000000000000000000e+00
6.824998704000000416e+00,-1.726115205950000009e+00,-4.390098414240000579e+00,-8.124828547679999957e+00,8.217912912369998990e-01,-6.661497950550000491e-01,-1.254698753360000030e+00,0.000000000000000000e+00
6.830108659999999610e+00,-8.583683491779999786e-01,-3.551585396869999744e+00,-7.842451867989999492e+00,7.984973192209999793e-01,-6.745186448100000121e-01,-1.143128514289999842e+00,0.000000000000000000e+00
6.834864593999999904e+00,-2.807641481920000182e-01,-2.600299110019999915e+00,-7.610322443510000312e+00,7.908233404159999980e-01,-7.564669251440000464e-01,-1.000693321229999988e+00,0.000000000000000000e+00
6.840147106999999949e+00,6.493327269669999513e-01,-1.370397541839999844e+00,-7.381422502460000423e+00,8.445112705230000127e-01,-8.561046123500000160e-01,-8.813033103940000057e-01,0.000000000000000000e+00
6.845001078000000128e+00,5.775378760179999960e-01,-5.743863897169999566e-01,-7.890154114889999626e+00,9.683438539509999776e-01,-8.871275782590000158e-01,-7.138953208920000293e-01,0.000000000000000000e+00
6.849988856999999598e+00,-8.793466206029999510e-01,4.312438561980000418e-02,-9.017868105010000690e+00,1.195846319199999952e+00,-8.602540493009999123e-01,-5.441482067109999488e-01,0.000000000000000000e+00
6.855125192000000034e+00,-2.176053414750000137e+00,1.142923030489999991e+00,-9.603732056950001095e+00,1.532597541809999964e+00,-7.620327472689999437e-01,-3.728632628920000025e-01,0.000000000000000000e+00
6.860070956999999581e+00,-2.704564663399999791e+00,2.446577159559999881e+00,-9.273174406939999059e+00,1.965384244920000079e+00,-6.095266938209999985e-01,-2.038150578740000052e-01,0.000000000000000000e+00
6.865071136000000074e+00,-2.762234762079999850e+00,3.348351812009999762e+00,-8.390030220679999928e+00,2.429439783099999861e+00,-4.046096205709999727e-01,-1.248818412419999968e-01,0.000000000000000000e+00
6.870081489000000374e+00,-3.464908107159999417e+00,3.914874811399999821e+00,-5.398150836669999286e+00,2.791759014129999716e+00,-2.417281717060000001e-01,-1.103088036179999953e-01,0.000000000000000000e+00
6.875143110999999863e+00,-3.870420168130000338e+00,2.691171221079999842e+00,-1.362530695539999925e+01,3.485310316090000082e+00,1.366654336450000007e-01,-4.094415307040000229e-01,0.000000000000000000e+00
6.879910564000000228e+00,-3.732004800129999911e+00,-2.138205184000000258e+00,-6.808900847170000326e+00,3.750879764559999607e+00,2.544657886030000093e-01,-3.104088306430000110e-01,0.000000000000000000e+00
6.884968347000000044e+00,-1.874817282420000231e+00,-2.433415955090000027e-01,-7.281657475369999410e+00,4.068162441250000150e+00,3.330870568750000094e-01,-2.220107465979999917e-01,0.000000000000000000e+00
6.890011454999999785e+00,8.480424777359999444e-01,-4.053478103189999793e+00,-5.883642443280000300e+00,3.934257984160000277e+00,3.915227353569999957e-01,-4.336699843410000144e-01,0.000000000000000000e+00
6.895041228000000189e+00,1.064674108029999955e+00,-7.731527148989999709e+00,-6.445365641189999550e+00,3.602244138719999711e+00,1.318666785960000143e-01,-4.062081277369999910e-01,0.000000000000000000e+00
6.899892223000000158e+00,-4.542698813330000029e-01,-8.459314184789999302e+00,-8.067119286029999614e+00,3.020278692250000230e+00,-1.603172868490000125e-01,-4.462310671809999740e-01,0.000000000000000000e+00
6.905136237999999871e+00,-3.003484481610000145e+00,-1.151894024029999919e+01,-8.916911237789999944e+00,2.187254190440000468e+00,-1.839148104190000133e-01,-3.572523593900000516e-01,0.000000000000000000e+00
6.909888783999999617e+00,-2.672600668390000322e+00,-1.045857193970000054e+01,-9.676180038049999155e+00,1.333809614179999992e+00,-1.023553013799999994e-01,-4.345285296440000167e-01,0.000000000000000000e+00
6.914896494999999810e+00,-2.017449391330000008e+00,-8.966043225219999968e+00,-1.119429210660000074e+01,2.632031142710000160e-01,1.087045669559999900e-01,-4.796282947059999913e-01,0.000000000000000000e+00
6.920011700999999960e+00,-8.324832064589999803e+00,-9.132588709160000207e+00,-1.954541479679999938e+01,-6.792080998420000348e-01,6.788578629489999683e-01,-6.575410962100001200e-01,0.000000000000000000e+00
6.925036799999999992e+00,-6.963949954580000323e+00,-9.226180016049999821e+00,-1.670286848059999940e+01,-1.275127291680000052e+00,1.474694252010000151e+00,-4.489989578719999486e-01,0.000000000000000000e+00
6.930037963000000190e+00,2.064373785719999965e+00,-5.879350883569999908e+00,-1.509411226449999965e+01,-1.552819371220000022e+00,2.406914949419999949e+00,-2.669037282470000383e-01,0.000000000000000000e+00
6.934864854999999828e+00,3.731620769250000080e+00,-2.313715334029999848e+00,-1.083927922980000069e+01,-1.486374258999999975e+00,2.870977878569999753e+00,-1.982717365030000067e-01,0.000000000000000000e+00
6.940041038000000384e+00,-6.053121642590000739e+00,-2.209415439999999897e+00,-1.128922430670000132e+01,-1.115819454189999949e+00,2.900655746459999573e+00,-2.076658010480000038e-01,0.000000000000000000e+00
6.945047899999999608e+00,-2.704186711550000055e+01,-1.101411162670000055e+00,-1.793243365640000064e+01,-3.790831863880000374e-01,2.004035711290000243e+00,-3.407492339609999865e-01,0.000000000000000000e+00
6.950069252999999669e+00,-3.397173885939999849e+01,-3.103687900120000176e+00,-1.821693331959999895e+01,-1.064752042290000034e-01,1.478059291839999956e+00,-4.556578993800000088e-01,0.000000000000000000e+00
6.955063014000000265e+00,-1.686434732880000098e+01,3.104677787940000044e-01,-1.160748478520000049e+01,9.789649397129999986e-02,1.745607972149999965e+00,-1.808746010069999799e-01,0.000000000000000000e+00
6.960079976000000279e+00,1.301522743060000042e+00,3.693305067119999396e+00,-1.061233509899999916e+01,9.952466189860001422e-02,2.633842229840000382e+00,-4.712485969069999947e-01,0.000000000000000000e+00
6.964874749999999892e+00,-4.737548454609999959e-01,3.026048195600000046e+00,-1.375685243759999921e+01,9.567640721799999803e-02,3.721707105640000179e+00,-8.216260671619999290e-01,0.000000000000000000e+00
6.969993330000000320e+00,-8.809507094119998882e+00,-2.412715075840000001e+00,-1.159395777970000019e+01,-1.013313159349999992e-01,3.926419019700000401e+00,-6.109789013859999729e-01,0.000000000000000000e+00
6.975024739000000196e+00,-4.729456625830000149e+00,-4.717115322909999797e+00,-6.814989811690000288e+00,-1.806046962739999984e-01,3.377861499790000277e+00,5.925565212969999968e-02,0.000000000000000000e+00
6.979996228000000080e+00,-4.583261271469999620e+00,-2.735164676590000177e+00,-7.516347690259999936e+00,-1.491012722249999978e-01,3.096137523649999945e+00,4.168989360329999894e-01,0.000000000000000000e+00
6.985044991999999731e+00,-3.518173248880000159e+00,2.044443635109999935e+00,-8.902479392330000962e+00,8.173543959860000985e-02,2.658125162120000162e+00,3.270318806170000037e-01,0.000000000000000000e+00
6.990005876999999757e+00,-2.698575652120000168e+00,4.262826956069999618e+00,-1.006395069059999869e+01,2.813548445699999845e-01,2.245284795759999952e+00,-1.018885970119999956e-01,0.000000000000000000e+00
6.995038563999999681e+00,-3.437042779630000489e+00,1.810532003380000088e+00,-9.033712155349999051e+00,2.979569435119999721e-01,2.107738018040000050e+00,-4.641819298269999616e-01,0.000000000000000000e+00
7.000054998000000417e+00,-5.269977461219999881e+00,-8.943540739910000870e-01,-9.281895473529999663e+00,4.190086945890000164e-02,1.922635793690000261e+00,-5.362000465389999970e-01,0.000000000000000000e+00
7.004994844999999692e+00,-5.348997221919999490e+00,-1.447754483899999833e+00,-9.503598781070000001e+00,-1.965994983909999938e-01,1.971129894259999960e+00,-4.617059528829999815e-01,0.000000000000000000e+00
7.009946724999999823e+00,-5.004752407340000708e+00,-1.717427749359999867e+00,-9.747176066769998926e+00,-3.379993736739999588e-01,2.175326585770000154e+00,-2.317201793189999914e-01,0.000000000000000000e+00
7.015068186999999789e+00,-4.335162416700000243e+00,-1.625844275159999963e+00,-9.287332696150000899e+00,-2.979317009449999887e-01,2.340605974199999828e+00,-1.104575246570000113e-01,0.000000000000000000e+00
7.020061862999999569e+00,-4.940110131560000006e+00,-8.079987827699999237e-01,-9.501583349600000616e+00,-2.459816336630000211e-01,2.384002208710000126e+00,-4.065458476540000088e-02,0.000000000000000000e+00
7.025032443999999821e+00,-4.739074056739999818e+00,-4.505524682450000040e-01,-9.776141464489999322e+00,-1.937019675970000077e-01,2.302545309070000101e+00,8.512795902790000827e-03,0.000000000000000000e+00
7.030007879000000237e+00,-3.689096509509999677e+00,-6.546516569670000063e-01,-1.002358828510000066e+01,-1.767338067289999926e-01,2.181153297420000303e+00,-8.108275011179999492e-03,0.000000000000000000e+00
7.034978509000000102e+00,-3.447221351559999647e+00,-8.985208382809999339e-01,-1.035243094790000029e+01,-1.541871875520000046e-01,1.953256249429999869e+00,-4.561255872250000176e-02,0.000000000000000000e+00
7.039973801999999559e+00,-3.885424845040000186e+00,-6.026934696610000142e-01,-1.082983686319999883e+01,-2.019155025480000032e-01,1.817647457120000087e+00,-6.274172663690000262e-02,0.000000000000000000e+00
7.045056779000000269e+00,-3.928881124919999746e+00,-8.483307931579999739e-01,-1.156005551009999976e+01,-2.413951754569999830e-01,1.708009243010000011e+00,-2.695310302079999970e-02,0.000000000000000000e+00
7.050067583999999776e+00,-3.268049318019999649e+00,-1.176332840399999968e+00,-1.220293255809999877e+01,-2.460747510190000042e-01,1.626383662220000081e+00,2.203974686559999688e-02,0.000000000000000000e+00
7.055041376000000142e+00,-2.639519652040000164e+00,-1.257284665140000035e+00,-1.236825171509999954e+01,-1.797576993699999959e-01,1.501166105270000051e+00,6.316326558590000528e-02,0.000000000000000000e+00
7.060031111999999887e+00,-2.513613636999999734e+00,-1.241100569189999892e+00,-1.278130527749999956e+01,-1.179574802519999938e-01,1.352987647059999965e+00,1.039949208500000055e-01,0.000000000000000000e+00
7.065108818999999762e+00,-2.378459316619999875e+00,-1.107735908710000050e+00,-1.322850777769999908e+01,-8.459122478960000302e-02,1.111003518099999976e+00,1.787576973440000161e-01,0.000000000000000000e+00
7.070096740000000324e+00,-2.033413999309999998e+00,-5.410003990749999714e-01,-1.363430742349999925e+01,-5.007750540969999747e-02,8.319257497790000233e-01,1.737765371799999958e-01,0.000000000000000000e+00
7.075014840999999777e+00,-1.874867551299999935e+00,2.216835799250000197e-02,-1.379018070670000107e+01,-3.637888282539999962e-02,5.319553017620000102e-01,1.538412421939999997e-01,0.000000000000000000e+00
7.079938642000000115e+00,-1.991156135429999807e+00,7.338748312860000622e-01,-1.379632753890000174e+01,1.295279711479999790e-02,2.701199054720000436e-01,1.266872882839999992e-01,1.000000000000000000e+00
7.085223234999999953e+00,-2.211256099429999900e+00,1.324191670989999903e+00,-1.371286365829999987e+01,4.341643676160000104e-02,5.009118467569999549e-04,9.612520784139999552e-02,1.000000000000000000e+00
7.090004642000000246e+00,-2.141104997100000240e+00,1.798799918409999865e+00,-1.370482180609999823e+01,1.448366791010000099e-01,-2.580887675290000072e-01,3.808204084630000680e-02,1.000000000000000000e+00
7.094882373999999992e+00,-2.137333807990000167e+00,2.357731001369999912e+00,-1.384222069059999960e+01,2.637808024880000102e-01,-5.180725455279999725e-01,-4.780032671990000134e-03,1.000000000000000000e+00
7.099980015999999949e+00,-2.227823495610000037e+00,2.726938407770000072e+00,-1.383998547890000097e+01,4.189014732840000144e-01,-7.984395623209999959e-01,-6.530918180939999929e-02,1.000000000000000000e+00
7.104981766999999948e+00,-2.134690892270000084e+00,2.629038297770000199e+00,-1.386438225349999875e+01,5.668186545369999774e-01,-1.078773379330000060e+00,-1.502626091239999961e-01,0.000000000000000000e+00
7.109957907000000077e+00,-1.992770146500000061e+00,1.992587191150000159e+00,-1.394002756930000153e+01,7.039996981620000316e-01,-1.384718060490000013e+00,-2.169088870289999915e-01,0.000000000000000000e+00
7.115061253000000363e+00,-1.850946139099999943e+00,1.777019025359999782e+00,-1.389943953839999935e+01,8.403873443600000659e-01,-1.663104534149999925e+00,-2.644509077070000269e-01,0.000000000000000000e+00
7.120171024000000237e+00,-1.835284605720000073e+00,1.807618600159999644e+00,-1.379501587180000044e+01,9.219822883609999353e-01,-1.934453725809999636e+00,-3.110116422179999840e-01,0.000000000000000000e+00
7.124949737999999755e+00,-1.870612378079999916e+00,1.988290955259999881e+00,-1.339784026200000078e+01,1.018160700799999985e+00,-2.199870586399999883e+00,-3.366720080380000146e-01,0.000000000000000000e+00
7.130073034999999670e+00,-1.998772017259999867e+00,2.204803562289999963e+00,-1.302200554640000085e+01,1.093265533449999882e+00,-2.465534448620000152e+00,-3.419908285140000337e-01,0.000000000000000000e+00
7.135030590000000394e+00,-1.816814883050000162e+00,2.228003820609999686e+00,-1.246111821480000081e+01,1.220628857610000173e+00,-2.714362621309999835e+00,-3.387629985809999522e-01,0.000000000000000000e+00
7.140032853000000124e+00,-1.769825752859999879e+00,2.461956514999999790e+00,-1.195794306750000047e+01,1.359576940540000001e+00,-2.953194856640000143e+00,-3.602398037910000128e-01,0.000000000000000000e+00
7.145029846999999990e+00,-1.953925890449999869e+00,2.460114978790000073e+00,-1.141171554489999984e+01,1.560201644900000018e+00,-3.177793741229999469e+00,-3.660436570639999943e-01,0.000000000000000000e+00
7.150107580000000240e+00,-1.835964550809999762e+00,2.384476823349999997e+00,-1.089224860339999879e+01,1.709714651110000094e+00,-3.404803037639999808e+00,-3.658954501150000205e-01,0.000000000000000000e+00
7.155039709999999609e+00,-2.506568102400000164e+00,3.765754217260000036e+00,-1.085656120400000013e+01,1.880108118059999889e+00,-3.601175069810000018e+00,-3.604731261729999803e-01,0.000000000000000000e+00
7.159943328999999856e+00,-2.103680398590000333e+00,4.499991452109999734e+00,-1.026680082909999925e+01,2.026607990260000047e+00,-3.770363807679999901e+00,-3.875088393689999910e-01,0.000000000000000000e+00
7.164920601000000389e+00,-3.014149083490000436e+00,5.643467074990001109e+00,-1.038371222129999971e+01,2.218501090999999814e+00,-3.986814737320000024e+00,-4.873218238350000009e-01,0.000000000000000000e+00
7.170016592999999716e+00,-3.751516725330000579e+00,6.211636964809999384e+00,-1.053288571470000079e+01,2.528256416320000088e+00,-4.294011116030000075e+00,-6.739358901980000427e-01,0.000000000000000000e+00
7.174938120000000197e+00,-3.883683846590000321e+00,6.503955192799999452e+00,-1.069083872690000092e+01,2.869735002520000133e+00,-4.492016792300000283e+00,-9.458233714100000578e-01,0.000000000000000000e+00
7.180018775999999825e+00,-5.839658340129999736e+00,6.698587538059999957e+00,-1.177319557190000054e+01,3.199293613430000072e+00,-4.603854179379999856e+00,-1.322556853290000056e+00,0.000000000000000000e+00
7.184969689999999964e+00,-7.851150722749999922e+00,7.526873175930000492e+00,-1.158962647250000089e+01,3.506816864009999701e+00,-4.725588798519999578e+00,-1.690128684039999829e+00,0.000000000000000000e+00
7.190136315000000167e+00,-1.030937857260000001e+01,7.163041032819999820e+00,-1.162855913739999991e+01,3.824882745740000090e+00,-4.724304199219999667e+00,-2.058638811109999800e+00,0.000000000000000000e+00
7.195002565000000239e+00,-1.225902094049999924e+01,5.114952319200000375e+00,-1.207454115599999867e+01,4.102325916289999874e+00,-4.618431091309999736e+00,-2.348467350009999954e+00,0.000000000000000000e+00
7.199868980999999835e+00,-1.637031527290000099e+01,2.385918838849999890e+00,-1.139843403849999959e+01,4.270835399630001028e+00,-4.377299785609999994e+00,-2.369283914569999983e+00,0.000000000000000000e+00
7.205073806999999775e+00,-1.798160597589999909e+01,-2.493466080779999927e-01,-1.114249645289999968e+01,4.262573719019999707e+00,-4.046170711519999408e+00,-2.359379768370000185e+00,0.000000000000000000e+00
7.209987446999999605e+00,-1.912332686410000093e+01,-1.305039080620000069e+00,-9.335990051810000523e+00,4.035326957699999717e+00,-3.629692077640000125e+00,-2.331647396090000157e+00,0.000000000000000000e+00
7.215051506000000003e+00,-1.857086716910000135e+01,-2.354581159040000315e+00,-9.592298808789999853e+00,3.515743494030000527e+00,-3.246462583540000502e+00,-2.328735113140000035e+00,0.000000000000000000e+00
7.220055764999999681e+00,-1.799739508120000053e+01,-2.911425791120000106e+00,-9.823201321830000055e+00,2.797701120379999740e+00,-2.888402462009999727e+00,-2.363457441330000020e+00,0.000000000000000000e+00
7.225050204999999615e+00,-1.816533640339999778e+01,-2.035239899570000066e+00,-1.077162549720000051e+01,2.085093975069999939e+00,-2.657136440279999956e+00,-2.394817113879999848e+00,0.000000000000000000e+00
7.230073952999999776e+00,-1.976822635779999970e+01,4.060277554070000350e-01,-1.097558739640000169e+01,1.438567638400000126e+00,-2.444340467449999998e+00,-2.432110071179999888e+00,0.000000000000000000e+00
7.235019009000000167e+00,-2.103412541430000005e+01,3.500094279090000260e+00,-1.169108310589999888e+01,1.072748541830000013e+00,-2.103971958159999822e+00,-2.407928228379999869e+00,0.000000000000000000e+00
7.240163436999999647e+00,-1.730978106579999931e+01,6.684109515369999421e+00,-9.204546276389999448e+00,1.133599519729999949e+00,-1.754835367199999885e+00,-2.383020162579999823e+00,0.000000000000000000e+00
7.245049851000000096e+00,-1.534668768020000051e+01,7.787763999989999242e+00,-7.952800248410000883e+00,1.385820746420000305e+00,-1.329562306399999949e+00,-1.976196646690000280e+00,0.000000000000000000e+00
7.249969296999999813e+00,-1.292776892740000072e+01,7.258525021589998794e+00,-7.530681336039999785e+00,1.563637852670000106e+00,-9.445319175720000571e-01,-1.123198509220000085e+00,0.000000000000000000e+00
7.254991818999999786e+00,-1.024253498740000090e+01,5.929052195329999719e+00,-7.045361578860000584e+00,1.555975437159999863e+00,-7.686077952380000466e-01,8.823654055600001211e-02,0.000000000000000000e+00
7.260051359000000204e+00,-1.012392263649999968e+01,6.370173914340000465e+00,-8.859999263999998931e+00,1.327135682110000214e+00,-6.372055411339999642e-01,1.235912084579999792e+00,0.000000000000000000e+00
7.264966517000000401e+00,-8.134912134800000416e+00,5.802974915380000098e+00,-7.496752762949999926e+00,9.900999665260000748e-01,-4.914712905879999871e-01,2.022925853729999890e+00,0.000000000000000000e+00
7.270093232999999877e+00,-9.567897942500000141e+00,6.215381996560000566e+00,-8.027637170469999361e+00,4.350524842740000064e-01,-2.080279141659999997e-01,2.436436891560000095e+00,0.000000000000000000e+00
7.275041756000000248e+00,-1.144314061069999866e+01,7.412278828499999861e+00,-1.246863984250000001e+01,-9.368614107370000499e-02,1.120673045519999939e-01,2.524887084960000028e+00,0.000000000000000000e+00
7.280011609999999855e+00,-7.809668373290000076e+00,4.812627660990000500e+00,-1.219774434180000000e+01,-3.850947916510000235e-01,5.685558319089999424e-01,2.545943975449999730e+00,0.000000000000000000e+00
7.285050563000000423e+00,-4.507252383029999976e+00,4.231964784819999714e+00,-1.137928860849999957e+01,-4.082812368869999653e-01,1.014324307440000128e+00,2.776401996610000200e+00,0.000000000000000000e+00
7.290033171000000145e+00,-2.523639356449999926e+00,5.920675996649999995e+00,-9.390689025730001305e+00,-3.797315657140000189e-01,1.308617949490000099e+00,3.153147697450000120e+00,0.000000000000000000e+00
7.294879401000000207e+00,3.098627986379999810e-01,6.874699891769998850e+00,-7.844978756119999730e+00,-3.488945662979999751e-01,1.336590886119999988e+00,3.483609437940000220e+00,0.000000000000000000e+00
7.299998431999999760e+00,1.933086954429999782e+00,6.140521109099999819e+00,-6.983848248750000209e+00,-2.617966532709999905e-01,1.214980959889999879e+00,3.758203506469999677e+00,0.000000000000000000e+00
7.304960756999999916e+00,2.727152635049999940e+00,5.142780237330000226e+00,-6.563017622619999436e+00,-1.336087882520000103e-01,9.903974533079999976e-01,3.952007293699999924e+00,0.000000000000000000e+00
7.310046954999999791e+00,2.868748094389999892e+00,4.622897408550000087e+00,-6.601417788160000022e+00,-1.032405421140000085e-01,7.806521058079999298e-01,4.040726184840000457e+00,0.000000000000000000e+00
7.315053407999999813e+00,2.983955897540000013e+00,3.571169802790000514e+00,-6.456746866900000548e+00,-1.800606399769999755e-01,5.735274553300000466e-01,4.115642547609999369e+00,0.000000000000000000e+00
7.320114142999999629e+00,2.829652640059999946e+00,2.141223947299999875e+00,-6.418495754440000312e+00,-3.195465207100000038e-01,4.336808323860000258e-01,4.178723812099999435e+00,0.000000000000000000e+00
7.324945103000000124e+00,2.060445506359999790e+00,6.057303166059999633e-01,-6.679262659870000007e+00,-5.496683716770000006e-01,4.297765195369999680e-01,4.302404403689999768e+00,0.000000000000000000e+00
7.330041843000000057e+00,1.573891531220000140e+00,-3.764726481640000011e-01,-6.991480351069999877e+00,-8.338768482209999444e-01,5.218885540959999902e-01,4.421372413640000332e+00,0.000000000000000000e+00
7.334999493999999842e+00,1.460401345640000015e+00,-9.869905643729999234e-01,-7.372326172810000244e+00,-1.140520572660000065e+00,6.804682612419999943e-01,4.516856193540000675e+00,0.000000000000000000e+00
7.340005413000000090e+00,1.722117806870000045e+00,-1.389120216360000049e+00,-7.410568517449999781e+00,-1.474519848819999979e+00,8.753395676610000731e-01,4.617564678189999938e+00,0.000000000000000000e+00
7.345007930000000407e+00,2.160944985210000002e+00,-1.661949607770000004e+00,-7.167918283469999707e+00,-1.750270962720000156e+00,1.052186012270000193e+00,4.689537525180000443e+00,0.000000000000000000e+00
7.349978175000000391e+00,2.424799481390000455e+00,-1.877962594709999822e+00,-6.850737416900000376e+00,-1.963824391369999978e+00,1.248000979419999990e+00,4.785585403440000718e+00,0.000000000000000000e+00
7.354990941999999698e+00,2.656349790809999778e+00,-2.001293644690000040e+00,-6.550514699400000751e+00,-2.093436002729999856e+00,1.455142259600000099e+00,4.917453765869999494e+00,0.000000000000000000e+00
7.360038645999999574e+00,2.871860965709999824e+00,-2.128562764779999839e+00,-6.314367855969999610e+00,-2.125849723820000037e+00,1.654777884479999850e+00,5.069063663480000592e+00,0.000000000000000000e+00
7.364949352000000005e+00,3.033741672709999726e+00,-2.295955951589999877e+00,-6.078872754439999859e+00,-2.085372209550000022e+00,1.836778163909999817e+00,5.222888946530000354e+00,0.000000000000000000e+00
7.369997917000000065e+00,3.056182052580000086e+00,-2.563773213920000238e+00,-5.993675766409999994e+00,-2.025266170500000129e+00,2.015590429309999987e+00,5.335972309109999756e+00,0.000000000000000000e+00
7.375054998000000417e+00,2.820849155869999958e+00,-2.966259205070000071e+00,-5.908285886149999833e+00,-1.913306951520000077e+00,2.152626514430000082e+00,5.405737400049999586e+00,0.000000000000000000e+00
7.379997643000000274e+00,2.412492080739999878e+00,-3.603956512359999920e+00,-5.863387006240000865e+00,-1.763102769850000140e+00,2.318096160890000146e+00,5.444112777710000017e+00,0.000000000000000000e+00
7.385170307000000101e+00,1.858158554699999909e+00,-3.960991834930000177e+00,-6.023913668280000522e+00,-1.617913126950000002e+00,2.462018251420000414e+00,5.428962230680000722e+00,0.000000000000000000e+00
7.390134466000000124e+00,1.102380373029999916e+00,-4.079300234449999785e+00,-6.157836985560000365e+00,-1.429475903510000201e+00,2.677401304240000446e+00,5.377554416659999781e+00,0.000000000000000000e+00
7.394926781999999754e+00,3.688935181469999991e-01,-4.167413109930000026e+00,-6.378446068119998813e+00,-1.220097899439999800e+00,2.872572898859999668e+00,5.273550033570000295e+00,0.000000000000000000e+00
7.400014894999999981e+00,-1.198583323719999982e-01,-4.093251018390000162e+00,-6.416873121669999236e+00,-9.635120034219999408e-01,3.079147577290000104e+00,5.145099163060000258e+00,0.000000000000000000e+00
7.405091546999999608e+00,-6.309327815969999476e-01,-4.073556722360000215e+00,-6.437449461229999947e+00,-6.585078239439999814e-01,3.242527484890000089e+00,4.989646434780000028e+00,0.000000000000000000e+00
7.410063044000000154e+00,-1.448780173689999895e+00,-4.158415564480000270e+00,-6.287766849290000515e+00,-3.197027146819999555e-01,3.392757892609999715e+00,4.816252708440000418e+00,0.000000000000000000e+00
7.414948449999999802e+00,-2.640727274260000090e+00,-4.433943985710000035e+00,-5.804739586959999365e+00,1.780464313920000069e-02,3.510007143019999720e+00,4.599493026730000267e+00,0.000000000000000000e+00
7.420108524999999844e+00,-3.732595751759999914e+00,-5.040789935410000311e+00,-5.204997916309999972e+00,3.550786375999999689e-01,3.584687232969999915e+00,4.352792739869999927e+00,0.000000000000000000e+00
7.424978920000000038e+00,-4.300110977060000117e+00,-5.804188967340000005e+00,-4.769439676650000237e+00,6.475312113760000043e-01,3.636876583099999838e+00,4.046232700350000044e+00,0.000000000000000000e+00
7.430000452999999894e+00,-4.772003097389999837e+00,-6.514225242400000226e+00,-4.674653607009999767e+00,8.686035275460000094e-01,3.669838428500000305e+00,3.741107940669999632e+00,0.000000000000000000e+00
7.434913726999999639e+00,-4.956539872840000527e+00,-7.096332472160001181e+00,-4.426417974119999599e+00,1.013691902160000158e+00,3.580878257749999793e+00,3.379348039629999967e+00,0.000000000000000000e+00
7.440132300000000143e+00,-5.436471507239999390e+00,-7.789244009419999060e+00,-4.282470983219999638e+00,1.093701362610000061e+00,3.478509664539999768e+00,3.008543252940000468e+00,0.000000000000000000e+00
7.445012374000000044e+00,-6.003855215119999755e+00,-8.377906067650000566e+00,-4.238279082530000075e+00,1.158686161040000107e+00,3.305333614349999838e+00,2.608143568040000027e+00,0.000000000000000000e+00
7.449989458000000120e+00,-6.437635923719999376e+00,-8.322563535129999579e+00,-4.484739814709999273e+00,1.167272329330000025e+00,3.130952596660000253e+00,2.188564300540000396e+00,0.000000000000000000e+00
7.455036050000000358e+00,-6.804298906330000563e+00,-7.672662287560000571e+00,-4.565905939790000367e+00,1.181578993799999866e+00,2.876454114910000026e+00,1.774422883990000255e+00,0.000000000000000000e+00
7.459987214999999949e+00,-7.128736612160000874e+00,-7.096650452070000448e+00,-4.674400216769999616e+00,1.257450222969999976e+00,2.613340854640000099e+00,1.333222150799999950e+00,0.000000000000000000e+00
7.465012906000000115e+00,-7.718971618800000378e+00,-6.572467588010000306e+00,-4.927030869760000265e+00,1.410116076470000257e+00,2.339463949199999782e+00,9.232335686679999931e-01,0.000000000000000000e+00
7.470185043999999941e+00,-9.034545683560001095e+00,-6.104476566769998946e+00,-5.774567736059999845e+00,1.688474774359999930e+00,2.048896789550000097e+00,5.634694099429999881e-01,0.000000000000000000e+00
7.475022442000000211e+00,-1.116583991910000151e+01,-5.026892342960000093e+00,-6.216545779639999658e+00,2.130869150159999670e+00,1.804338932040000287e+00,2.440278381109999839e-01,0.000000000000000000e+00
7.480093214000000046e+00,-1.280761343869999891e+01,-4.218817133950000020e+00,-6.461235995009999122e+00,2.622229576109999627e+00,1.625350356100000226e+00,-1.098979040980000016e-01,0.000000000000000000e+00
7.485034568999999749e+00,-1.410773975900000110e+01,-4.113617806849999781e+00,-6.419492948780000319e+00,3.129895210269999950e+00,1.517277598379999981e+00,-4.996518194680000247e-01,0.000000000000000000e+00
7.490031550000000315e+00,-1.456102596299999874e+01,-4.304346422680000117e+00,-6.325106107599999916e+00,3.591360092159999517e+00,1.494893550870000087e+00,-9.846297502519999467e-01,0.000000000000000000e+00
7.495016342999999637e+00,-1.447555483420000044e+01,-4.707839837299999886e+00,-6.633349634470000034e+00,3.986148118969999654e+00,1.442269206049999974e+00,-1.509281158449999882e+00,0.000000000000000000e+00
7.500116339999999937e+00,-1.478924318249999992e+01,-5.064173149080000158e+00,-7.123385314260000989e+00,4.297927856449999418e+00,1.307896256449999850e+00,-2.035506725309999876e+00,0.000000000000000000e+00
7.505056542000000164e+00,-1.553857335710000065e+01,-4.952620069040000850e+00,-7.077757535549999091e+00,4.558451652530000509e+00,1.094138383870000064e+00,-2.587736368179999857e+00,0.000000000000000000e+00
7.509922336999999892e+00,-1.675197416459999999e+01,-4.419779559019999304e+00,-6.302591493450000470e+00,4.777481555940000568e+00,8.762217760089999752e-01,-3.076114892960000180e+00,0.000000000000000000e+00
7.514895766000000421e+00,-1.786402705969999971e+01,-3.996857513560000186e+00,-5.450028323419999765e+00,4.955800056459999325e+00,6.660587191579999677e-01,-3.554629087449999947e+00,0.000000000000000000e+00
7.520035631999999914e+00,-1.875558777660000231e+01,-4.145006047809999927e+00,-5.024155611469999450e+00,5.090396881100000215e+00,4.710057675839999791e-01,-3.966482877729999856e+00,0.000000000000000000e+00
7.525033382000000159e+00,-2.001268744060000060e+01,-4.668053770360000243e+00,-5.176169296710000367e+00,5.113582134250000522e+00,2.771420478819999755e-01,-4.300478458399999759e+00,0.000000000000000000e+00
7.529966508000000225e+00,-2.183248177790000000e+01,-6.147191088380000501e+00,-5.629823165040000355e+00,4.988637447360000365e+00,4.377700388430000311e-02,-4.512009143830000291e+00,0.000000000000000000e+00
7.535033237000000383e+00,-2.320988423000000012e+01,-8.213063295970000510e+00,-5.434039311649999426e+00,4.688184738159999476e+00,-1.345228403810000140e-01,-4.657142639159999931e+00,0.000000000000000000e+00
7.540058514000000045e+00,-2.369992867760000266e+01,-8.976625409510001319e+00,-4.587134898040000408e+00,4.193814277649999589e+00,-2.770125865940000209e-01,-4.704679965969999600e+00,0.000000000000000000e+00
7.545118335999999815e+00,-2.278843693329999809e+01,-8.764705244840000020e+00,-3.731967098469999300e+00,3.525659322739999713e+00,-3.604678511619999748e-01,-4.699067115780000137e+00,0.000000000000000000e+00
7.549985701999999854e+00,-2.146598421490000064e+01,-7.400956054969999975e+00,-2.863778781540000651e+00,2.791187286380000021e+00,-3.930903375150000545e-01,-4.560330867769999408e+00,0.000000000000000000e+00
7.555174548000000101e+00,-2.051305922099999890e+01,-4.794010638799999668e+00,-1.851690089329999900e+00,2.147736072539999874e+00,-4.981487095359999895e-01,-4.296002864840000157e+00,0.000000000000000000e+00
7.560023926999999588e+00,-1.964972974229999991e+01,-1.549751507820000151e+00,-6.214709065730000814e-01,1.629340887070000132e+00,-7.466739416120000694e-01,-3.900034427640000079e+00,0.000000000000000000e+00
7.564966017999999792e+00,-1.830734015130000003e+01,1.138852639250000021e+00,7.014284595810000855e-01,1.194150686259999983e+00,-1.085402011870000072e+00,-3.475303888319999590e+00,0.000000000000000000e+00
7.570153091999999972e+00,-1.737319818369999780e+01,3.221799023500000025e+00,1.851788727400000001e+00,9.326116442680000285e-01,-1.516749620439999946e+00,-2.992817640299999749e+00,0.000000000000000000e+00
7.575020238999999656e+00,-1.736648787240000047e+01,4.447923411219999679e+00,2.464241703329999922e+00,7.927961945529999888e-01,-1.923587560649999917e+00,-2.414381980900000002e+00,0.000000000000000000e+00
7.579962987000000041e+00,-1.801317132700000201e+01,5.328386395569999934e+00,2.356639991259999789e+00,8.482925295829999435e-01,-2.276346206669999983e+00,-1.685000419620000134e+00,0.000000000000000000e+00
7.585150266000000308e+00,-1.829519027930000163e+01,6.671250033799999812e+00,1.916712304340000061e+00,9.932188987729999585e-01,-2.452353239059999801e+00,-8.487693667410000087e-01,0.000000000000000000e+00
7.590016738000000096e+00,-1.701380723790000005e+01,7.172762800890000179e+00,4.186126870489999874e+00,1.142642378809999970e+00,-2.547160625459999661e+00,-9.974965825680000633e-03,0.000000000000000000e+00
7.594921405000000014e+00,-1.144819789410000155e+01,-1.209094868539999901e+01,5.292685552110000025e+00,9.969784617419999995e-01,-2.392607450490000343e+00,1.264589786529999982e+00,0.000000000000000000e+00
7.600006417000000347e+00,-2.669974879149999936e+01,1.138475505729999959e+01,-1.549782165999999961e+01,-4.484587609769999927e-01,-1.869177937509999943e+00,2.439249515530000245e+00,0.000000000000000000e+00
7.604898205999999661e+00,-1.991654528020000114e+01,4.101211914269999426e+00,-1.715036090369999755e+01,-2.007571458820000210e+00,-1.122409462929999879e+00,2.234686374659999863e+00,0.000000000000000000e+00
7.609961178999999909e+00,-1.413539232049999939e+01,-5.512200409700000137e+00,-1.119563767599999871e+01,-2.407082080840000415e+00,9.291368722920000101e-02,1.499588966369999943e+00,0.000000000000000000e+00
7.614995342000000278e+00,-2.669974996059999661e+00,-7.833174921080000352e+00,-9.539979423489999277e+00,-2.347419738770000208e+00,1.670279979710000084e+00,1.058735013009999948e+00,0.000000000000000000e+00
7.619862931000000117e+00,-2.265363683320000376e+00,-1.156909689469999947e+01,-8.407522622760000175e+00,-2.232005596160000049e+00,2.310380458829999650e+00,1.281075119970000120e+00,0.000000000000000000e+00
7.625031426999999695e+00,-6.179651342480000586e+00,-5.767482746230000679e+00,-7.006036115160000577e+00,-1.967597484590000168e+00,2.426915168759999908e+00,1.425849199299999981e+00,0.000000000000000000e+00
7.630123535000000068e+00,-9.893535671769999595e+00,4.377355837049999643e+00,-1.145978311799999894e+01,-1.928594231609999765e+00,1.316590428349999842e+00,1.540425062179999971e+00,0.000000000000000000e+00
7.634997665000000211e+00,-9.515176406140000154e+00,6.217258311819999328e+00,-9.424454517210000049e+00,-2.134259462359999748e+00,6.293602585790000203e-01,1.286669254300000009e+00,0.000000000000000000e+00
7.639941612000000326e+00,-8.594944890510001656e+00,2.496846626590000007e+00,-8.775352311060000687e+00,-1.896469950679999794e+00,4.522273242470000176e-01,8.178783655169999944e-01,0.000000000000000000e+00
7.645002383999999651e+00,-9.280820537780000379e+00,3.088004301029999787e+00,-1.035199021840000100e+01,-1.618595719339999794e+00,7.990449070929999120e-01,4.471273720260000029e-01,0.000000000000000000e+00
7.650104610999999721e+00,-7.414657832589999664e+00,5.719668271139999760e+00,-9.053585315079999418e+00,-1.400259494779999780e+00,1.293163180349999886e+00,3.089336156849999959e-01,0.000000000000000000e+00
7.655053629000000193e+00,-5.181203199230000500e+00,5.563148506649999270e+00,-9.053408204940000203e+00,-1.187826514239999964e+00,1.633256912229999802e+00,4.913474917409999532e-01,0.000000000000000000e+00
7.659971250999999981e+00,-6.140585406510000510e+00,4.220862960569999878e+00,-9.636213938360000952e+00,-9.599300622939999084e-01,1.869804620740000090e+00,8.711895346639999538e-01,0.000000000000000000e+00
7.665060265000000150e+00,-6.323831265359999954e+00,5.225975237890000180e+00,-9.825493816679999881e+00,-8.086667060850000199e-01,1.841146945950000058e+00,9.417167901989998979e-01,0.000000000000000000e+00
7.670068769000000231e+00,-5.442309127349999720e+00,6.085937286000000057e+00,-9.501337265880000160e+00,-6.691908836359999890e-01,1.794529318809999774e+00,6.251653432850000636e-01,0.000000000000000000e+00
7.675124952000000000e+00,-3.930905616490000032e+00,6.572123304619999828e+00,-9.699305477570000278e+00,-5.209980607030000321e-01,1.650566816329999797e+00,1.815292835240000235e-01,0.000000000000000000e+00
7.679996812999999811e+00,-2.396156593620000219e+00,4.670049035829999973e+00,-9.742827808430000402e+00,-3.629142343999999798e-01,1.329315304760000149e+00,-6.901033222680000301e-02,0.000000000000000000e+00
7.685039650000000222e+00,-2.880548422290000410e+00,2.372843084179999895e+00,-9.549184474209999607e+00,-1.806232333179999816e-01,1.120672106739999840e+00,-1.246491298079999976e-01,0.000000000000000000e+00
7.690056253999999925e+00,-4.146453031750000129e+00,1.095103002439999917e+00,-1.014103626840000061e+01,-3.182406723499999618e-02,1.047727346420000094e+00,-5.925653502349999963e-02,0.000000000000000000e+00
7.694894202000000405e+00,-4.224100627310000355e+00,-5.335016408170000224e-01,-1.066261567200000115e+01,1.559025328609999969e-02,1.063960075379999815e+00,-5.705877020959999185e-02,0.000000000000000000e+00
7.700037537000000043e+00,-3.454702062700000020e+00,-2.364446281100000213e+00,-1.067221352139999979e+01,3.320926055310000069e-02,1.128095746040000069e+00,-6.915140151980000982e-02,0.000000000000000000e+00
7.704911305999999627e+00,-2.487525256020000075e+00,-3.656042088909999599e+00,-1.006038043090000045e+01,-3.435078635810000225e-02,1.097858548160000058e+00,-1.386724505570000043e-02,0.000000000000000000e+00
7.709992798000000036e+00,-2.646185539670000253e+00,-4.175129091130000525e+00,-9.591954525400000264e+00,-9.463113546370000018e-02,9.924126863480000615e-01,8.929397910830000340e-02,0.000000000000000000e+00
7.715028660999999843e+00,-2.683044320990000120e+00,-3.859043326330000134e+00,-9.662209964880000612e+00,-2.134331166740000008e-01,8.620861172679999962e-01,1.676546782259999979e-01,0.000000000000000000e+00
7.720093526000000317e+00,-3.218062175050000029e+00,-3.141900726389999843e+00,-1.018694111049999940e+01,-4.057686626910000371e-01,7.301133871080001114e-01,2.155817002059999821e-01,0.000000000000000000e+00
7.725019826999999673e+00,-3.330296807620000354e+00,-2.616955645790000062e+00,-9.807101250900000622e+00,-5.243969559669999780e-01,6.156127452849999848e-01,2.246535569429999879e-01,0.000000000000000000e+00
7.730110655999999913e+00,-3.413780854250000107e+00,-2.233680258809999764e+00,-9.802420984130000292e+00,-5.943504571909999923e-01,5.140337347979999638e-01,2.436220794920000154e-01,0.000000000000000000e+00
7.735067598999999738e+00,-3.569492224959999849e+00,-1.836140638020000049e+00,-9.943681804689999737e+00,-6.017431020740000580e-01,4.425850808619999910e-01,3.005281686780000294e-01,0.000000000000000000e+00
7.739983191000000318e+00,-3.702907008199999961e+00,-1.446358791760000040e+00,-1.029925231540000041e+01,-5.423641800880000252e-01,4.418552517890000364e-01,3.779244720939999858e-01,0.000000000000000000e+00
7.744972305000000112e+00,-3.406331122759999719e+00,-1.131075356310000002e+00,-1.059206621799999937e+01,-4.977288246149999540e-01,3.972509205340000182e-01,4.407801628109999648e-01,0.000000000000000000e+00
7.749949591000000026e+00,-3.154447488759999807e+00,-1.007147801739999959e+00,-1.076087146349999912e+01,-4.346666038040000180e-01,3.251733481879999776e-01,4.743840992450000238e-01,0.000000000000000000e+00
7.754977335999999610e+00,-3.044010845529999898e+00,-8.452866031559999049e-01,-1.086613333450000063e+01,-4.332432448860000229e-01,2.041256874799999843e-01,4.778326749800000384e-01,1.000000000000000000e+00
7.759850139000000091e+00,-3.288825564059999707e+00,-2.980537759660000230e-01,-1.082341179859999869e+01,-4.202829301359999881e-01,6.238535791640000688e-02,4.784071445470000072e-01,1.000000000000000000e+00
7.764942307000000099e+00,-3.343788741870000525e+00,3.758639782140000274e-01,-1.081162666819999885e+01,-4.509197771549999789e-01,-8.532929420469999304e-02,4.248130917549999830e-01,1.000000000000000000e+00
7.770065345999999984e+00,-3.465373386580000492e+00,7.466484612070000138e-01,-1.063805406210000015e+01,-4.413967430590000074e-01,-2.051746696229999889e-01,3.555293381210000159e-01,1.000000000000000000e+00
7.775135950000000129e+00,-3.872824891180000506e+00,1.084287447779999969e+00,-1.039938325319999990e+01,-3.988754749300000291e-01,-3.007148802279999700e-01,3.045467138290000042e-01,1.000000000000000000e+00
7.780066033999999853e+00,-4.171522298810000251e+00,1.278706369490000050e+00,-1.018349476940000109e+01,-3.298409879210000284e-01,-3.561486005780000186e-01,2.571159601210000201e-01,1.000000000000000000e+00
7.785067214999999763e+00,-4.338014591259999442e+00,1.390920251520000095e+00,-1.005845618490000071e+01,-2.479669153689999794e-01,-4.020462036129999750e-01,2.218570560220000099e-01,1.000000000000000000e+00
7.789977681999999959e+00,-4.414237706979999842e+00,1.445196323849999853e+00,-1.001299674850000088e+01,-1.803967952730000102e-01,-4.305776059629999875e-01,1.746421605350000072e-01,1.000000000000000000e+00
7.795008258000000190e+00,-4.394357240729999781e+00,1.083960553910000124e+00,-1.010712581549999989e+01,-1.433154642579999860e-01,-4.659300744529999982e-01,1.190859749910000015e-01,1.000000000000000000e+00
7.800018410999999929e+00,-4.357259389960000284e+00,4.486752031310000111e-01,-1.007137762580000029e+01,-1.146751865740000126e-01,-4.878226816650000353e-01,1.044643074269999972e-01,1.000000000000000000e+00
7.804891608000000147e+00,-4.261704674040000640e+00,-2.882104090769999627e-01,-1.023832292270000011e+01,-6.801418960089999910e-02,-5.310658216479999805e-01,9.105463325979999689e-02,1.000000000000000000e+00
7.809835459000000313e+00,-4.064285620669999766e+00,-9.958912253170000284e-01,-1.053668861409999913e+01,-6.000972911719999053e-02,-5.846515297890000351e-01,1.101455241440000010e-01,1.000000000000000000e+00
7.814991092999999722e+00,-3.808866798269999521e+00,-1.275607380560000115e+00,-1.072820954940000071e+01,-5.395612120630000758e-02,-6.595215201380000281e-01,1.293052434919999827e-01,1.000000000000000000e+00
7.819989141999999838e+00,-3.632265491999999707e+00,-1.389918527130000081e+00,-1.094928975660000070e+01,-8.965132385490000300e-02,-7.580696940419999752e-01,1.428419351580000052e-01,1.000000000000000000e+00
7.825023519000000150e+00,-3.603562252350000161e+00,-1.416876822820000159e+00,-1.101752567289999973e+01,-1.315046250820000040e-01,-8.579072952269999330e-01,1.711700707669999710e-01,1.000000000000000000e+00
7.829976463999999581e+00,-3.637631110690000114e+00,-1.419369662549999855e+00,-1.118009290089999830e+01,-1.604509204629999963e-01,-9.556556940080001006e-01,2.031233757730000200e-01,0.000000000000000000e+00
7.834905412000000346e+00,-3.538173542119999571e+00,-1.460790783340000010e+00,-1.139244619630000166e+01,-1.610696911810000076e-01,-1.115043640139999903e+00,2.331530600789999963e-01,0.000000000000000000e+00
7.840047198999999800e+00,-3.148649616129999718e+00,-1.502039762450000149e+00,-1.160251634920000008e+01,-1.694689244029999875e-01,-1.252722263339999920e+00,2.610167264939999843e-01,0.000000000000000000e+00
7.845009699000000225e+00,-2.945706830899999851e+00,-1.248725803379999943e+00,-1.180094516410000161e+01,-1.461637914179999831e-01,-1.386405825609999809e+00,2.872138619419999928e-01,0.000000000000000000e+00
7.850007534999999592e+00,-2.903973137020000372e+00,-1.121213010730000015e+00,-1.177880464400000093e+01,-1.340014040470000056e-01,-1.569616198540000118e+00,2.880258560179999594e-01,0.000000000000000000e+00
7.855107376000000308e+00,-3.052284460620000583e+00,-7.783360504340000041e-01,-1.180548923729999977e+01,-1.586142927410000014e-01,-1.779524683950000075e+00,2.912009358409999860e-01,0.000000000000000000e+00
7.859981568000000252e+00,-2.801733828780000213e+00,-5.259195516579999730e-01,-1.210769056140000188e+01,-1.906944960359999997e-01,-1.954014658930000037e+00,2.701412141319999849e-01,0.000000000000000000e+00
7.864936529999999593e+00,-2.371391716319999787e+00,-9.178195591219999450e-02,-1.261400926740000017e+01,-2.237594872710000071e-01,-2.173074245450000053e+00,2.596338093280000092e-01,0.000000000000000000e+00
7.870004960000000160e+00,-2.040931973729999793e+00,6.078982717620000642e-01,-1.288114629240000042e+01,-2.122929841279999896e-01,-2.408774852750000139e+00,2.256632447239999839e-01,0.000000000000000000e+00
7.875126586999999567e+00,-1.801192804890000332e+00,8.886204987749999340e-01,-1.305374508509999920e+01,-1.876361519099999930e-01,-2.630024909969999936e+00,1.995664834980000191e-01,0.000000000000000000e+00
7.879936665999999867e+00,-1.860126639900000045e+00,1.083363830129999927e+00,-1.338879770839999850e+01,-1.525060832499999797e-01,-2.883616209029999933e+00,1.826570332050000134e-01,0.000000000000000000e+00
7.885058690000000148e+00,-1.844183366970000071e+00,1.042975121120000015e+00,-1.311482996059999984e+01,-1.385926306249999906e-01,-3.153274059300000154e+00,1.572061777109999836e-01,0.000000000000000000e+00
7.889975111000000041e+00,-1.562519511720000143e+00,6.918897199279999688e-01,-1.275149933730000029e+01,-1.387694030999999939e-01,-3.395239591600000217e+00,1.329101622099999880e-01,0.000000000000000000e+00
7.894994198000000019e+00,-1.351798201450000070e+00,8.978059680100000106e-01,-1.279431322760000000e+01,-1.771471351390000171e-01,-3.642336130139999906e+00,1.075024157760000043e-01,0.000000000000000000e+00
7.899872902000000252e+00,-1.154143001230000021e+00,7.291523328090000478e-01,-1.256157882299999962e+01,-2.057489156720000156e-01,-3.843789577480000386e+00,7.145387679339999798e-02,0.000000000000000000e+00
7.905024226000000098e+00,-1.026129492519999964e+00,3.613679814800000445e-01,-1.238138007670000107e+01,-2.271602898839999995e-01,-4.068842887880000703e+00,6.660094857220000275e-02,0.000000000000000000e+00
7.910039915999999671e+00,-8.097341551950000271e-01,3.084059874260000056e-01,-1.179797228579999846e+01,-2.854100763799999885e-01,-4.250586032869999364e+00,9.137254208329999294e-02,0.000000000000000000e+00
7.914999104999999702e+00,-7.301257078859999528e-01,3.010607392290000073e-01,-1.165339196539999911e+01,-3.296438157559999915e-01,-4.499289989469999362e+00,1.263929009439999918e-01,0.000000000000000000e+00
7.920079027999999965e+00,-4.509535233270000054e-01,-6.831758137270000919e-01,-1.091589952809999886e+01,-3.603014945979999828e-01,-4.759145736690000739e+00,1.728971451519999980e-01,0.000000000000000000e+00
7.925033563000000392e+00,-1.536847419919999957e-01,-9.430259696359999388e-01,-9.876545958519999502e+00,-4.002517461779999675e-01,-5.046867847440000610e+00,2.574467062949999940e-01,0.000000000000000000e+00
7.930008388000000075e+00,-1.323682552420000214e+00,-2.358023636779999974e-02,-1.007531847229999933e+01,-3.721311986449999942e-01,-5.335381507869999318e+00,3.716714680189999731e-01,0.000000000000000000e+00
7.934997513999999974e+00,-2.626771229620000092e+00,8.082343450910000060e-01,-9.707100661489999283e+00,-4.071646630759999663e-01,-5.661405086519999408e+00,3.847695887089999656e-01,0.000000000000000000e+00
7.940009678000000015e+00,-4.269780428469999833e+00,1.926477911549999922e+00,-9.738446232350000287e+00,-3.864730298520000495e-01,-5.909700870510000037e+00,3.437646627429999935e-01,0.000000000000000000e+00
7.944945989999999902e+00,-5.878350766619999668e+00,2.692301686420000006e+00,-9.946192910720000668e+00,-3.353790938850000347e-01,-6.107974052430000356e+00,2.272921204569999798e-01,0.000000000000000000e+00
7.949987802999999964e+00,-9.541624268080001414e+00,3.424858420839999695e+00,-1.051962291299999919e+01,-1.670850366349999894e-01,-6.217240333559999499e+00,1.099990233779999937e-01,0.000000000000000000e+00
7.954993537000000003e+00,-1.215527531940000117e+01,3.756552965930000543e+00,-1.095255489579999875e+01,2.785029448569999871e-02,-6.283136844639999552e+00,-3.315806016330000161e-02,0.000000000000000000e+00
7.959947020000000428e+00,-1.576804846769999990e+01,3.510195986389999856e+00,-1.206027765279999997e+01,3.294035196300000301e-01,-6.259834766390000915e+00,-1.988690048460000082e-01,0.000000000000000000e+00
7.965055684000000191e+00,-1.622331152470000148e+01,2.117303265749999941e+00,-1.162934122769999945e+01,5.309338569639999728e-01,-6.132086753849999461e+00,-2.881345152850000035e-01,0.000000000000000000e+00
7.969991807000000428e+00,-1.673157435059999898e+01,1.865143737409999947e+00,-1.241835108630000128e+01,6.488042473789999987e-01,-5.789072513580000745e+00,-2.682758569720000152e-01,0.000000000000000000e+00
7.975046261000000136e+00,-1.458979028519999943e+01,1.349200440040000171e+00,-1.280969901279999945e+01,6.094247102740000255e-01,-5.420552253719999491e+00,-1.888402104380000057e-01,0.000000000000000000e+00
7.980031420000000431e+00,-1.261490358589999872e+01,3.747814802070000284e-01,-1.267757134680000064e+01,5.368078351020000305e-01,-5.165339946750000522e+00,-8.281387388710000075e-02,0.000000000000000000e+00
7.985063582000000437e+00,-1.135004848550000034e+01,1.212800503510000016e+00,-1.336049398950000011e+01,4.417939186100000026e-01,-4.959738731379999876e+00,-3.763278573750000050e-02,0.000000000000000000e+00
7.989966588999999786e+00,-1.043440897390000011e+01,4.325684375990000718e-02,-1.302728494820000016e+01,3.273671865459999997e-01,-4.972049236300000175e+00,-2.618860220540000089e-03,0.000000000000000000e+00
7.994951374000000222e+00,-1.091971879420000135e+01,-7.689016479380000879e-02,-1.315345165999999999e+01,3.192963302140000015e-01,-5.017813205719999559e+00,-4.101594537500000137e-02,0.000000000000000000e+00
7.999974898999999695e+00,-1.246259471710000000e+01,-1.231005382970000034e-01,-1.257329497969999998e+01,2.818136513230000140e-01,-5.124565124510000125e+00,-1.206025928259999991e-01,0.000000000000000000e+00
8.004933704000000816e+00,-1.420222421529999934e+01,-1.048136157139999969e-01,-1.340591835450000069e+01,2.207489013670000111e-01,-5.150954246519999558e+00,-2.305055707690000233e-01,0.000000000000000000e+00
8.009894102000000515e+00,-1.745325663979999931e+01,-9.922858212369999042e-02,-1.449267548039999909e+01,9.936138242479999882e-02,-5.012956142430000206e+00,-3.130795359609999662e-01,0.000000000000000000e+00
8.015024390000000665e+00,-2.113430077579999988e+01,7.639701828859999377e-01,-1.634121075890000085e+01,1.015678197149999934e-01,-4.500027656559999478e+00,-4.322690963750000503e-01,0.000000000000000000e+00
8.020041622000000814e+00,-1.955609634980000067e+01,5.921665226879999633e-01,-1.476640123609999833e+01,1.297782212499999921e-01,-3.934197187419999686e+00,-3.809863626959999472e-01,0.000000000000000000e+00
8.025023689999999377e+00,-1.727992018059999779e+01,7.966791510500000895e-01,-1.568518079940000121e+01,1.730676144359999946e-01,-3.167602539059999778e+00,-2.694415748119999843e-01,0.000000000000000000e+00
8.030090679000000620e+00,-1.391564833039999982e+01,-5.412062603780000147e-01,-1.533430633749999927e+01,1.226448565719999995e-01,-2.582116127009999929e+00,-1.396575272079999819e-01,0.000000000000000000e+00
8.035017422999999326e+00,-7.910162883689999980e+00,-1.934476362959999696e+00,-1.487199277740000092e+01,-2.450887672600000206e-02,-2.157279253010000009e+00,-8.217085152860001407e-02,0.000000000000000000e+00
8.040039889000000883e+00,-1.013517994360000118e+00,-2.800687534589999750e+00,-1.384939628130000067e+01,-1.992985010150000180e-01,-1.907798767090000291e+00,-4.299470782280000181e-02,0.000000000000000000e+00
8.045058367999999405e+00,5.802939844059999963e+00,-3.252066151470000221e+00,-1.166160917410000053e+01,-4.558087885379999982e-01,-1.658988237380000008e+00,-2.653522789479999949e-02,0.000000000000000000e+00
8.049902763000000405e+00,1.722781473030000043e+01,-5.322379848630000687e+00,-7.663975707760000589e+00,-7.332888841629999765e-01,-1.388408064839999900e+00,2.781375311319999807e-02,0.000000000000000000e+00
8.055018823999999356e+00,-3.205554210329999987e-01,-2.578269064520000153e+00,-7.137524314249999335e+00,-1.143246769909999960e+00,-2.021096229550000345e+00,3.823985755439999745e-01,0.000000000000000000e+00
8.059989576999999628e+00,-1.317080728390000033e+01,-3.027085721949999808e+00,-1.886972268990000146e+01,-1.618000030520000188e+00,-2.914207458500000403e+00,6.802957654000000298e-01,0.000000000000000000e+00
8.065053107000000665e+00,-1.142012447679999987e+01,-5.817656351680000171e+00,-2.131538098100000056e+01,-1.734685540200000098e+00,-2.841515779499999894e+00,1.149555444720000041e+00,0.000000000000000000e+00
8.070158556000000871e+00,-2.579700266370000161e+00,-3.691897246140000366e+00,-2.020164933899999937e+01,-1.541108608249999845e+00,-2.249912023539999861e+00,1.144769549370000083e+00,0.000000000000000000e+00
8.074994002000000393e+00,-7.718709460729999972e-01,3.519137725979999947e-03,-1.852797845990000170e+01,-1.462021827700000109e+00,-9.660537242890000487e-01,9.298282861709999958e-01,0.000000000000000000e+00
8.079961737999999727e+00,-3.856188229160000258e+00,-9.740315679479999433e-01,-1.768906796770000156e+01,-1.538898706439999930e+00,3.266158699989999969e-01,1.081308364869999927e+00,0.000000000000000000e+00
8.084969165000000402e+00,3.399550084319999943e-01,-3.643493865239999963e+00,-1.601430052550000127e+01,-1.572327971460000029e+00,1.159207582470000109e+00,1.373151183129999842e+00,0.000000000000000000e+00
8.090130255000000048e+00,3.590467792980000183e+00,-5.163060224290000555e+00,-1.455030349349999952e+01,-1.428372502329999794e+00,1.350994348529999778e+00,1.914433598520000057e+00,0.000000000000000000e+00
8.094993154000000857e+00,5.191968338869999755e+00,-3.834779238159999881e+00,-1.337664666739999930e+01,-1.136204719540000019e+00,1.327747941020000155e+00,2.298550844190000220e+00,0.000000000000000000e+00
8.099916547999999494e+00,6.716525345810000047e+00,-2.253320632699999937e+00,-1.296553722480000026e+01,-9.145611524580000706e-01,1.195443034170000196e+00,2.318173170090000124e+00,0.000000000000000000e+00
8.104972222000000670e+00,6.623320407890000538e+00,-2.905653637459999938e+00,-1.222649229740000010e+01,-8.200989961619999935e-01,1.126977324490000099e+00,2.353813886640000241e+00,0.000000000000000000e+00
8.110101406000000068e+00,6.495469688530000063e+00,-4.201031886410000027e+00,-1.144177867470000010e+01,-7.444474697110000649e-01,1.180644869800000052e+00,2.416317939759999867e+00,0.000000000000000000e+00
8.114944046999999827e+00,5.118845819509999728e+00,-5.144062093830000570e+00,-1.121025423040000035e+01,-6.389362215999999650e-01,1.344030022619999931e+00,2.596142292020000131e+00,0.000000000000000000e+00
8.120045933000000105e+00,4.653833229560000007e+00,-5.516503075330000172e+00,-1.128222290349999923e+01,-5.270125865939999654e-01,1.599439978600000201e+00,2.783928871150000095e+00,0.000000000000000000e+00
8.125009105000000176e+00,3.594969780569999607e+00,-6.039532677699999574e+00,-1.159026710849999908e+01,-3.845215439800000468e-01,1.905352473259999790e+00,2.925061941150000067e+00,0.000000000000000000e+00
8.130000836000000675e+00,3.001450637699999646e+00,-6.127484517400000108e+00,-1.153413430230000003e+01,-2.916687428949999994e-01,2.223690032959999563e+00,2.927464008329999867e+00,0.000000000000000000e+00
8.134972833000000847e+00,2.204718660479999759e+00,-6.377428415509999837e+00,-1.098775480400000149e+01,-1.779591590170000182e-01,2.484011888499999987e+00,2.851747274400000087e+00,0.000000000000000000e+00
8.140071804999999827e+00,2.077408039340000290e+00,-6.977381683089999065e+00,-1.007907344100000024e+01,-1.087254434820000143e-01,2.751897811890000156e+00,2.675724267959999736e+00,0.000000000000000000e+00
8.144990156000000425e+00,2.226907695940000043e+00,-7.527248438980000067e+00,-9.898382527280000787e+00,-2.933345735070000057e-02,3.179759740830000236e+00,2.534804105759999704e+00,0.000000000000000000e+00
8.149966836999999131e+00,2.471995093929999943e+00,-8.286931080739998734e+00,-9.205591986050000841e+00,7.015957031400000404e-03,3.561509370799999630e+00,2.401323080059999615e+00,0.000000000000000000e+00
8.154982987000000350e+00,2.338255901049999697e+00,-9.107989105439999733e+00,-8.904634524540000484e+00,1.742899976669999920e-02,4.003335475919999276e+00,2.259769678120000069e+00,0.000000000000000000e+00
8.160032192999999268e+00,2.500297936090000395e+00,-9.346980816910001266e+00,-8.302273611300000411e+00,-2.647017315029999776e-02,4.329474449160000127e+00,2.097297906879999729e+00,0.000000000000000000e+00
8.165027546999999331e+00,2.797814024979999648e+00,-9.428142265810000922e+00,-7.847663465160000129e+00,-8.161329478029999418e-02,4.564456462859999952e+00,1.880066394809999819e+00,0.000000000000000000e+00
8.169985543999999322e+00,2.840243884439999977e+00,-9.216866828780000631e+00,-7.657206359760000858e+00,-1.194886192680000014e-01,4.734673500059999540e+00,1.603240251539999939e+00,0.000000000000000000e+00
8.175088118999999764e+00,1.962557086799999961e+00,-8.874695313350001058e+00,-8.053633196989999021e+00,-4.158093780280000540e-02,4.878354072569999644e+00,1.346132516859999795e+00,0.000000000000000000e+00
8.179995716000000527e+00,7.731810788230000231e-01,-8.089028335500000111e+00,-8.062665813760000688e+00,6.162647157909999923e-02,5.002727985380000852e+00,1.093191146849999962e+00,0.000000000000000000e+00
8.185025939999999167e+00,-7.627323847190000672e-01,-7.166008650449999351e+00,-7.861899495780000358e+00,2.332069128750000053e-01,5.217269897459999584e+00,8.685574531559999700e-01,0.000000000000000000e+00
8.190102302999999750e+00,-1.619419648939999901e+00,-6.193164904049999642e+00,-7.576814726180000292e+00,4.575554430479999435e-01,5.497228622439999768e+00,6.244209408759999747e-01,0.000000000000000000e+00
8.195012669000000471e+00,-1.636526704959999856e+00,-5.546136581569999890e+00,-7.318194185130000307e+00,7.013359069819999903e-01,5.858095169069999386e+00,4.018865227699999765e-01,0.000000000000000000e+00
8.199942004000000395e+00,-1.063194756200000146e+00,-5.273199345880000166e+00,-7.167773322040000394e+00,9.849970340729999885e-01,6.121009349819999557e+00,1.881283670660000018e-01,0.000000000000000000e+00
8.204965797999999921e+00,-6.368737159539999970e-01,-5.036503636389999983e+00,-6.954346844460000732e+00,1.293377280239999871e+00,6.277936458589999269e+00,4.098290950059999688e-02,0.000000000000000000e+00
8.209992240000000052e+00,-3.199049577679999867e-01,-4.747868188570000036e+00,-6.726326608860000000e+00,1.583768248559999980e+00,6.306435108180000526e+00,-8.736737817530000616e-02,0.000000000000000000e+00
8.214986680999999180e+00,-4.371006468020000035e-01,-4.592520390469999825e+00,-6.669532708489999351e+00,1.897489070890000074e+00,6.221857547759999996e+00,-1.842357218270000152e-01,0.000000000000000000e+00
8.219997140000000257e+00,-8.191264721140000260e-01,-4.486565568830000572e+00,-6.807716605820000488e+00,2.200281143190000233e+00,6.095528125759999583e+00,-2.694404125209999834e-01,0.000000000000000000e+00
8.225149502000000723e+00,-1.395712600370000001e+00,-4.850488605089999794e+00,-7.284318219019999319e+00,2.489780902859999756e+00,5.985647201540000850e+00,-3.159402310850000228e-01,0.000000000000000000e+00
8.230153338999999235e+00,-2.111041867269999983e+00,-5.574895058540000115e+00,-8.004374368310001486e+00,2.726438283920000316e+00,5.905029773709999041e+00,-3.723933994770000089e-01,0.000000000000000000e+00
8.235001001000000542e+00,-3.065235419860000032e+00,-6.731125533570000208e+00,-9.081004067880000363e+00,2.898468256000000132e+00,5.855511188509999521e+00,-4.105318784709999780e-01,0.000000000000000000e+00
8.240053079000000835e+00,-4.045056896330000207e+00,-7.514213016319999383e+00,-9.987551341550000572e+00,3.007613897319999730e+00,5.838675022130000336e+00,-4.961982667450000606e-01,0.000000000000000000e+00
8.245038666999999322e+00,-4.956097974290000430e+00,-7.751639378169999262e+00,-1.092681255180000122e+01,3.008736133579999805e+00,5.851693630219999775e+00,-6.622444987300000196e-01,0.000000000000000000e+00
8.250079939999999112e+00,-5.774475966119999804e+00,-8.014806914990000308e+00,-1.192519347510000038e+01,2.959453582759999701e+00,5.866453170780000725e+00,-9.204881191249999484e-01,0.000000000000000000e+00
8.255138751000000497e+00,-6.851611861649999469e+00,-8.263934820550000282e+00,-1.261524260859999913e+01,2.908540964129999740e+00,5.898185729980000680e+00,-1.231124639509999952e+00,0.000000000000000000e+00
8.259979164000000651e+00,-7.895843850960000410e+00,-8.516741706889998653e+00,-1.303615915950000037e+01,2.850017309190000514e+00,5.935761451719999471e+00,-1.599963307380000144e+00,0.000000000000000000e+00
8.265146110999999962e+00,-8.947828354100000325e+00,-8.687122823470000199e+00,-1.324196230259999929e+01,2.799021720889999898e+00,5.957159519199999309e+00,-1.976990222929999819e+00,0.000000000000000000e+00
8.270122539000000828e+00,-9.732049809310000299e+00,-7.683494062699999461e+00,-1.336865274599999864e+01,2.774909019470000349e+00,5.946338176729999425e+00,-2.401947975159999693e+00,0.000000000000000000e+00
8.275171736000000777e+00,-1.060772322130000056e+01,-5.498716074229999862e+00,-1.326220195750000030e+01,2.783888101580000107e+00,5.828076839450000435e+00,-2.884974718090000056e+00,0.000000000000000000e+00
8.279959780000000436e+00,-1.122352404630000144e+01,-5.669181946480000178e+00,-1.430427589199999971e+01,2.865917921069999874e+00,5.679813861849999590e+00,-3.429871797559999713e+00,0.000000000000000000e+00
8.284876528999999934e+00,-1.280605861049999916e+01,-4.601481987819999731e+00,-1.481385272310000012e+01,3.000483989720000189e+00,5.424268722529999920e+00,-3.900448322300000381e+00,0.000000000000000000e+00
8.290137700000000720e+00,-1.457182909660000014e+01,-3.031179128749999840e+00,-1.509425722589999985e+01,3.184981107709999648e+00,5.119915962219999450e+00,-4.352235317230000788e+00,0.000000000000000000e+00
8.294951215999999405e+00,-1.674898375060000077e+01,-2.050402689649999832e+00,-1.563153922549999919e+01,3.462673425669999805e+00,4.749180316930000423e+00,-4.786784648899999439e+00,0.000000000000000000e+00
8.300020768999999632e+00,-1.975942579619999862e+01,-1.215224150460000097e+00,-1.627821800390000107e+01,3.764973163600000117e+00,4.398064613339999873e+00,-5.181876182559999933e+00,0.000000000000000000e+00
8.305045600999999778e+00,-2.329725856210000146e+01,-8.871543717450000033e-01,-1.649591733649999981e+01,4.015004634860000365e+00,4.103989124299999958e+00,-5.528184413910000039e+00,0.000000000000000000e+00
8.309980091999999985e+00,-2.668043151210000019e+01,-6.889833309620000401e-01,-1.558356751410000030e+01,4.201689720150000085e+00,3.819768905640000156e+00,-5.832577228549999937e+00,0.000000000000000000e+00
8.315119173999999447e+00,-2.885315549019999892e+01,-4.098663837219999606e-01,-1.419323543770000029e+01,4.262325286869999452e+00,3.557473182679999901e+00,-6.132024288180001115e+00,0.000000000000000000e+00
8.320133391000000600e+00,-3.078850512880000068e+01,2.602747014629999689e-01,-1.211197627589999826e+01,4.204997539519999883e+00,3.256854295730000182e+00,-6.337795257569999841e+00,0.000000000000000000e+00
8.325099692000000218e+00,-3.212457486920000349e+01,1.577420728260000127e+00,-9.901958632199999499e+00,4.061277389529999837e+00,2.930656433109999792e+00,-6.427268505099999807e+00,0.000000000000000000e+00
8.329965995000000234e+00,-3.304160086670000140e+01,2.999908376690000100e+00,-6.734097242859999888e+00,3.882311820980000494e+00,2.445991516109999875e+00,-6.389328956599999998e+00,0.000000000000000000e+00
8.334990565000000018e+00,-3.347223684760000140e+01,3.730762106590000293e+00,-3.852631413459999710e+00,3.710505008700000218e+00,1.815204262730000018e+00,-6.246483325959999888e+00,0.000000000000000000e+00
8.340140589000000659e+00,-3.483252449879999801e+01,4.110284570780000202e+00,-1.616518520670000125e+00,3.515110492709999868e+00,1.068081378939999881e+00,-5.927780628200000734e+00,0.000000000000000000e+00
8.345129220000000458e+00,-3.637800972750000028e+01,3.224740045379999920e+00,3.834169143439999927e-01,3.252625703809999713e+00,2.497150450939999988e-01,-5.532081604000000041e+00,0.000000000000000000e+00
8.350059207999999344e+00,-3.789597566559999819e+01,1.649821216949999947e+00,2.892650948020000001e+00,2.903478860859999511e+00,-4.584268331530000351e-01,-5.020697116850000086e+00,0.000000000000000000e+00
8.355150155000000467e+00,-3.870020998129999867e+01,6.521289335569999679e-01,5.570929077519999773e+00,2.441418886180000136e+00,-9.710176587100001200e-01,-4.420879840849999631e+00,0.000000000000000000e+00
8.359959106999999889e+00,-3.864214357679999523e+01,-3.319673706790000067e-01,7.707122191049999849e+00,1.851234912870000082e+00,-1.213161230090000098e+00,-3.723484516140000089e+00,0.000000000000000000e+00
8.364978304999999281e+00,-3.780067054050000053e+01,-1.469495337199999918e+00,9.307577027280000692e+00,1.236882448199999818e+00,-1.336826682089999885e+00,-2.969256877900000369e+00,0.000000000000000000e+00
8.370140886999999807e+00,-3.678595690670000096e+01,-1.300516196370000044e+00,1.037288103070000034e+01,6.724140644069999118e-01,-1.346895813940000020e+00,-2.124869108199999967e+00,0.000000000000000000e+00
8.375142714000000765e+00,-3.390166871329999765e+01,1.160157585349999909e+00,1.088152730290000036e+01,2.383851110940000129e-01,-1.446424841879999867e+00,-1.409850835800000146e+00,0.000000000000000000e+00
8.380047924999999509e+00,-3.072185092870000034e+01,4.788857201559999943e+00,1.100394606039999879e+01,-1.600906625390000060e-02,-1.618990182879999962e+00,-9.322386384010000748e-01,0.000000000000000000e+00
8.385017939000000808e+00,-2.784945424869999897e+01,7.524788186339999463e+00,1.079503326079999859e+01,5.520913377399999655e-02,-1.869898915290000074e+00,-6.757769584659999440e-01,0.000000000000000000e+00
8.390127530999999195e+00,-2.510821726650000230e+01,9.429550379039998376e+00,1.062046696750000052e+01,3.438269495960000199e-01,-2.239584445949999836e+00,-5.668824911119999532e-01,0.000000000000000000e+00
8.395004949000000494e+00,-2.307445986050000286e+01,1.151643731759999945e+01,4.702395015899999642e+00,7.108726501459999847e-01,-2.660661220550000206e+00,-5.705865025519999412e-01,0.000000000000000000e+00
8.399852866999999890e+00,-3.632027766950000114e+01,-3.714396487369999988e+01,5.592801302109999817e+00,-9.428584575650000854e-01,-2.792293071750000077e+00,3.183851838110000054e-01,0.000000000000000000e+00
8.405107000999999300e+00,-3.860726398659999603e+01,-3.834076409040000044e+01,-8.445031246290000126e-01,-2.368569612499999977e+00,-4.115907669069999386e+00,3.585428476330000169e+00,0.000000000000000000e+00
8.409981901000000093e+00,-3.741112878659999552e+01,1.409052325119999871e+01,-1.271973291069999945e+01,-6.997502803799999782e+00,-3.541113615039999996e+00,5.116519451140000285e+00,0.000000000000000000e+00
8.415027489999999943e+00,-4.508829773800000140e+01,3.940344359059999846e+01,-1.641809993740000095e+01,-9.554660797120000382e+00,-3.879541873930000051e+00,3.464554786680000387e+00,0.000000000000000000e+00
8.420030757999999338e+00,-4.420404237560000382e+01,2.029719294899999937e+01,-1.601792339220000017e+01,-9.581927299500000217e+00,-1.560793638229999836e+00,2.491628885269999927e+00,0.000000000000000000e+00
8.425040356000000230e+00,-2.057161194769999923e+01,7.784231734210000475e+00,-1.646450746829999900e+01,-8.664153099059999974e+00,2.517267465590000253e+00,1.408893823620000152e+00,0.000000000000000000e+00
8.430031110999999910e+00,5.598623724650000355e+00,2.452133858449999693e+01,-2.440779637650000211e+01,-5.662709236150000436e+00,5.775671005249999546e+00,1.637188911440000005e+00,0.000000000000000000e+00
8.435089760000000325e+00,1.768722672370000026e+01,2.611968329669999989e+01,-1.994116300410000164e+01,-2.762380599979999740e+00,6.673677921300000371e+00,1.373018980029999891e+00,0.000000000000000000e+00
8.440028026000000239e+00,1.304677758410000088e+01,7.504795199630000191e+00,-1.311345633420000034e+01,-9.848334789279999946e-01,5.074909687039999895e+00,8.216884136200000022e-01,0.000000000000000000e+00
8.444940418999999920e+00,3.487729595299999819e+00,-6.909133491769999580e+00,-1.001220296770000040e+01,-1.107448577879999840e+00,1.940562009809999822e+00,7.443107962610000516e-01,0.000000000000000000e+00
8.450139195000000214e+00,9.713964702039999677e-02,-1.565968161640000034e+01,-7.517436070019999583e+00,-1.228306174279999885e+00,-3.593920916320000186e-02,1.874098420140000387e+00,0.000000000000000000e+00
8.455028831999999994e+00,-4.049688647780000927e+00,-6.085321784450000493e+00,-1.607340504089999911e+01,-2.470328330990000154e+00,-2.475331068040000027e+00,2.379573822020000229e+00,0.000000000000000000e+00
8.459902507000000682e+00,1.070840083320000025e+00,8.515720547149999931e+00,-1.090596265599999981e+01,-3.261314630509999812e+00,-3.603155136109999823e+00,1.386122703549999891e+00,0.000000000000000000e+00
8.464909243999999333e+00,-5.684539674609999871e+00,1.363450966799999975e+01,-1.161836975190000132e+01,-3.411503076549999847e+00,-2.841915369030000083e+00,1.307696700099999776e-01,0.000000000000000000e+00
8.470122931000000577e+00,-5.663574043469999708e+00,8.758634985020000485e+00,-1.341129595590000001e+01,-2.933915853500000281e+00,-1.806600928309999743e+00,-1.146709322930000052e+00,0.000000000000000000e+00
8.475034129999999166e+00,-1.500251067009999950e+01,5.137089916730000816e+00,-8.907359565589999306e+00,-1.529606342319999923e+00,2.971362173559999875e-01,-8.460839390750000133e-01,0.000000000000000000e+00
8.479975065999999728e+00,-4.616766358450000496e+00,5.173738270169999431e+00,-1.204314648529999943e+01,-4.211310446259999840e-01,1.196136713029999799e+00,1.488453149800000042e-01,0.000000000000000000e+00
8.484986302999999452e+00,-4.893258510149999796e-01,1.998577152279999714e-01,-1.166423835359999828e+01,2.941148579119999829e-01,1.670970559119999921e+00,9.816773533820000175e-01,0.000000000000000000e+00
8.490100805000000861e+00,-1.200430339830000026e+00,-8.900368683789999791e-01,-1.044949548379999982e+01,5.314550399780000323e-01,1.223156690599999985e+00,1.180446863170000027e+00,0.000000000000000000e+00
8.494957299999999378e+00,-1.097016800170000028e+00,-1.377235717299999829e+00,-1.182767418109999902e+01,2.679569721219999812e-01,3.198406696319999742e-01,9.008950591089999183e-01,0.000000000000000000e+00
8.499931274999999786e+00,-6.139522015059999810e-02,-6.618159956390000653e-01,-1.203736790189999972e+01,-2.833690941329999879e-01,-4.167567193509999490e-01,6.010364890099999524e-01,0.000000000000000000e+00
8.504907349999999866e+00,-9.206811590979999682e-01,3.321696152529999835e-01,-1.103950720309999944e+01,-7.045650482179999230e-01,-9.151592850690000169e-01,3.387427926059999872e-01,0.000000000000000000e+00
8.510139525999999677e+00,-3.369039210720000455e+00,1.858475365559999926e+00,-1.026176575759999920e+01,-7.545804381370000424e-01,-9.973799586299999520e-01,5.137658491729999582e-02,0.000000000000000000e+00
8.514986589999999467e+00,-3.734465052759999626e+00,2.278544944190000088e+00,-9.998780007049999696e+00,-5.188602805140000163e-01,-9.772306680679999635e-01,-9.238654375080000702e-02,0.000000000000000000e+00
8.519985073999999159e+00,-4.150613074040000683e+00,1.549710591289999995e+00,-9.919104997310000726e+00,-1.989753991369999919e-01,-7.516154646870000233e-01,2.677438780670000212e-02,0.000000000000000000e+00
8.525090311999999670e+00,-5.752910030999999869e+00,-7.152326015929999503e-01,-9.077178372110001447e+00,6.787773966790000557e-02,-3.309557735920000132e-01,3.340513706209999878e-01,0.000000000000000000e+00
8.529995835999999443e+00,-4.122862897320000108e+00,-1.483219618899999759e+00,-8.894384348680000940e+00,1.617186367510000111e-01,-1.971697658300000100e-01,4.858230650419999574e-01,1.000000000000000000e+00
8.535005264000000480e+00,-3.063191054559999849e+00,-7.645110117640000480e-01,-9.822188929919999367e+00,-9.211822412910001048e-03,-2.513857483859999742e-01,4.387290179730000128e-01,1.000000000000000000e+00
8.540010751000000511e+00,-2.791594419820000006e+00,-1.951147584840000060e-01,-9.961485172399999755e+00,-2.421324849130000179e-01,-3.794990181919999928e-01,3.019049167630000197e-01,1.000000000000000000e+00
8.544867454000000251e+00,-2.881363830329999765e+00,-8.017983937600000610e-01,-9.830662159230000086e+00,-3.591545522209999564e-01,-5.691796541210000226e-01,2.121446579690000056e-01,1.000000000000000000e+00
8.550089948000000106e+00,-3.246127116809999880e+00,-6.149189276459999798e-01,-1.033054527929999900e+01,-3.565496504310000092e-01,-6.909289956090000073e-01,1.819972544909999879e-01,1.000000000000000000e+00
8.555000144999999279e+00,-3.448099011180000506e+00,-6.505878415950000493e-01,-1.037810548740000094e+01,-2.957881987090000275e-01,-7.328555583949999397e-01,1.942453980449999895e-01,0.000000000000000000e+00
8.560032511999999372e+00,-3.569363045630000286e+00,-7.928220372299999985e-01,-1.089985674039999886e+01,-2.316509485240000055e-01,-6.999573707580000193e-01,2.306024283170000078e-01,0.000000000000000000e+00
8.564973787999999644e+00,-3.153291596719999923e+00,-1.023384504660000083e+00,-1.109783079730000033e+01,-2.467299997810000201e-01,-6.665779948229999530e-01,2.911157310010000221e-01,0.000000000000000000e+00
8.570132741000000109e+00,-2.841925846169999659e+00,-5.932154106870000110e-01,-1.172862694690000041e+01,-2.871572077269999856e-01,-7.227842211720000298e-01,3.218929767609999826e-01,0.000000000000000000e+00
8.575009020999999620e+00,-2.418882950820000044e+00,-8.354490997530000795e-02,-1.223424890279999921e+01,-4.035013318060000076e-01,-8.570077419279999997e-01,2.793341577050000302e-01,0.000000000000000000e+00
8.580045773000000153e+00,-2.257174239379999836e+00,4.224169089440000247e-01,-1.226453415099999944e+01,-4.374748468399999313e-01,-1.051506280899999979e+00,2.260063439610000002e-01,0.000000000000000000e+00
8.585064680000000337e+00,-1.888896076659999812e+00,6.185176827910000563e-01,-1.256502516400000147e+01,-4.441281855110000287e-01,-1.268562674520000044e+00,1.481993347409999995e-01,0.000000000000000000e+00
8.590083696000000657e+00,-1.753220947279999775e+00,3.357546341329999962e-01,-1.299910748589999976e+01,-3.934044241910000239e-01,-1.480032205579999927e+00,9.942678362130001612e-02,0.000000000000000000e+00
8.594862331999999938e+00,-1.735669508490000013e+00,-8.801677528439999162e-03,-1.359404438670000026e+01,-2.995975613590000086e-01,-1.678535819049999933e+00,1.023802161219999896e-01,0.000000000000000000e+00
8.599891660999999132e+00,-1.587000749770000052e+00,-2.286145117000000226e-01,-1.378604229180000118e+01,-2.427122145889999971e-01,-1.917052388190000123e+00,1.017011106009999971e-01,0.000000000000000000e+00
8.605008493999999786e+00,-1.396171742309999964e+00,-1.582708642060000059e-01,-1.426943838739999926e+01,-2.022555023429999932e-01,-2.162585020069999864e+00,6.640739738940000525e-02,0.000000000000000000e+00
8.610119152999999415e+00,-9.885153627869999182e-01,4.695658419390000282e-03,-1.464432033229999952e+01,-2.361452579500000204e-01,-2.439946413040000373e+00,4.403754696250000017e-02,0.000000000000000000e+00
8.614997664000000555e+00,-6.280445858750000054e-01,5.301471062250000532e-01,-1.454867267740000081e+01,-2.741871178149999921e-01,-2.781943321229999544e+00,7.129053585229998789e-03,0.000000000000000000e+00
8.620018881000000022e+00,-3.564919729420000238e-01,4.393122584370000028e-01,-1.438185948239999945e+01,-2.811116874219999895e-01,-3.115797042850000143e+00,-5.950231850149999974e-02,0.000000000000000000e+00
8.624997135999999287e+00,-2.230840578409999941e-01,1.956651041099999877e-01,-1.432749076339999839e+01,-3.109710514549999805e-01,-3.437933683399999829e+00,-1.430045664310000131e-01,0.000000000000000000e+00
8.629995151999999337e+00,-4.517303529180000110e-01,-6.312007118180000542e-02,-1.392022513680000095e+01,-3.019671440119999772e-01,-3.729197025299999524e+00,-1.787992417810000123e-01,0.000000000000000000e+00
8.634968554000000296e+00,-5.305652220390000284e-01,-1.437051632370000068e-02,-1.368863405689999979e+01,-3.675460815429999473e-01,-3.996906995769999416e+00,-2.128019034860000047e-01,0.000000000000000000e+00
8.639970381999999560e+00,-5.489379140760000109e-01,-5.728847438500000305e-02,-1.356413907770000016e+01,-4.845714569089999979e-01,-4.240746498110000040e+00,-2.264515906569999903e-01,0.000000000000000000e+00
8.645081135999999944e+00,-3.422223688419999688e-01,7.094728690229999968e-01,-1.296702892460000101e+01,-5.568379759789999772e-01,-4.487687587739999984e+00,-2.107015699150000254e-01,0.000000000000000000e+00
8.649921781999999837e+00,-3.265765444860000422e-01,9.186336519830000658e-01,-1.341042501829999978e+01,-6.509419679640000567e-01,-4.667220592499999654e+00,-2.043609321119999878e-01,0.000000000000000000e+00
8.655091514000000430e+00,-2.581079153510000279e-01,6.382952731889999232e-01,-1.245766018329999980e+01,-6.744814515109999187e-01,-4.805667400359999952e+00,-1.203082874420000059e-01,0.000000000000000000e+00
8.660020143000000559e+00,4.773534544739999920e-03,3.752681312129999558e-01,-1.155473986799999864e+01,-6.423645615580000356e-01,-4.980165958399999759e+00,-4.273772984739999947e-02,0.000000000000000000e+00
8.664873555999999866e+00,-1.083680202599999892e-01,-7.182075988160000479e-01,-1.186017476720000019e+01,-6.192694902419999536e-01,-5.145730972289999983e+00,1.140361949799999913e-01,0.000000000000000000e+00
8.670138914000000696e+00,2.691663753840000117e-01,-1.213119067939999907e+00,-1.131223342640000062e+01,-5.906751751899999014e-01,-5.325501441960000193e+00,2.687579691409999749e-01,0.000000000000000000e+00
8.675002559999999363e+00,8.060928760829999540e-01,-1.713115439120000083e+00,-1.086383499440000122e+01,-6.310342550280000351e-01,-5.565447807309999106e+00,4.393101334570000405e-01,0.000000000000000000e+00
8.679937911999999756e+00,1.950203581989999879e-01,-1.979122144900000047e+00,-1.053948730489999974e+01,-7.775484919549999763e-01,-5.775201797490000288e+00,5.999550819400000234e-01,0.000000000000000000e+00
8.685159654999999645e+00,-5.971040156229999729e-01,-1.222849092379999947e+00,-1.022578375910000048e+01,-9.978449940679999797e-01,-6.066606998440000176e+00,7.629593014720000843e-01,0.000000000000000000e+00
8.690122081000000165e+00,-1.140373638270000045e+00,-5.650234450230000594e-01,-1.069574520359999958e+01,-1.213252425189999872e+00,-6.394054889680000464e+00,8.148728609090000186e-01,0.000000000000000000e+00
8.695009817000000751e+00,-3.638893093450000116e+00,-1.359962145610000006e-01,-1.172871579420000110e+01,-1.321231126789999877e+00,-6.695889472960000255e+00,7.755066752429999877e-01,0.000000000000000000e+00
8.700004916999999338e+00,-7.415778945569999614e+00,-6.723533818070000223e-02,-1.251456338930000101e+01,-1.335573554039999999e+00,-6.983396530150000281e+00,7.314680218699999292e-01,0.000000000000000000e+00
8.705153661000000653e+00,-1.117275364400000015e+01,-4.386148142249999826e-01,-1.291064828119999852e+01,-1.237318754199999926e+00,-7.208323478699999676e+00,6.422001719470000758e-01,0.000000000000000000e+00
8.710061580999999720e+00,-1.658794212480000141e+01,2.295784613610000191e-01,-1.537121421869999871e+01,-1.098292469979999852e+00,-7.292095661160000297e+00,4.914887845520000131e-01,0.000000000000000000e+00
8.715016942000000100e+00,-2.060032600099999911e+01,5.735059536209999864e-01,-1.529475875550000019e+01,-1.011996030810000002e+00,-7.156458854680000314e+00,4.105231761929999945e-01,0.000000000000000000e+00
8.720007843999999508e+00,-1.934333622720000179e+01,1.391397659779999962e+00,-1.552635568050000003e+01,-9.560263752940000304e-01,-6.749518394469999905e+00,4.524224996569999879e-01,0.000000000000000000e+00
8.725163719999999401e+00,-1.685680933449999941e+01,1.924483084470000049e+00,-1.438172971859999905e+01,-9.130499958990000442e-01,-6.169612884520000229e+00,5.672453045849999986e-01,0.000000000000000000e+00
8.729994055000000586e+00,-1.618846583679999895e+01,3.371493033619999968e-01,-1.596987452380000150e+01,-9.387797713279999456e-01,-5.469920158389999898e+00,7.962062358859999245e-01,0.000000000000000000e+00
8.734942343000000164e+00,-1.277795245989999984e+01,-7.812138708920000063e-01,-1.452577812400000035e+01,-1.084796547889999907e+00,-5.055411815640000306e+00,1.087062597270000097e+00,0.000000000000000000e+00
8.740159219000000590e+00,-1.117222289819999936e+01,-2.790307010360000284e+00,-1.502408303500000031e+01,-1.388938903810000181e+00,-4.929908275599999889e+00,1.161347866060000067e+00,0.000000000000000000e+00
8.744926078000000658e+00,-1.156747192380000122e+01,-4.372390323590000349e+00,-1.353362820410000111e+01,-1.745921134950000120e+00,-4.978458404539999549e+00,1.097960352900000158e+00,0.000000000000000000e+00
8.749901518999999794e+00,-1.699611025319999769e+01,-1.553658305999999989e+00,-1.936988521139999975e+01,-2.018158674240000394e+00,-4.860383033749999804e+00,7.103332877159999059e-01,0.000000000000000000e+00
8.754954172999999784e+00,-1.658954722190000197e+01,-2.119481778829999996e+00,-1.674895101739999959e+01,-2.073028802870000131e+00,-4.537103652949999955e+00,3.974943757060000471e-01,0.000000000000000000e+00
8.760004613999999634e+00,-1.241768005509999995e+01,-1.499514627879999784e+00,-1.720820285179999942e+01,-2.027762651440000230e+00,-3.970201492310000191e+00,2.017750293020000030e-01,0.000000000000000000e+00
8.765015954000000775e+00,-8.430408992820000336e+00,-8.095211700309998815e-01,-1.735456128779999929e+01,-1.890274763109999867e+00,-3.340524196620000108e+00,2.860193252559999899e-01,0.000000000000000000e+00
8.770154364999999785e+00,-3.988340445109999965e+00,-2.166888111520000049e+00,-1.677544973270000028e+01,-1.877919554709999828e+00,-2.919368982319999972e+00,5.219383835790000203e-01,0.000000000000000000e+00
8.774999234999999231e+00,1.591937913910000058e+00,-2.988272883949999681e+00,-1.517972484759999929e+01,-1.847639560700000017e+00,-2.705747842790000579e+00,6.420193910600000553e-01,0.000000000000000000e+00
8.780131528000000074e+00,6.981362861680000087e+00,-4.069581973510000061e+00,-1.234527299059999983e+01,-1.945388913149999954e+00,-2.564122915270000025e+00,6.698195338250000352e-01,0.000000000000000000e+00
8.784997163999999970e+00,1.243949207400000034e+01,-4.781704699459999652e+00,-9.448502332269999471e+00,-2.055510759350000161e+00,-2.004744529719999946e+00,3.986486494539999703e-01,0.000000000000000000e+00
8.789995347999999709e+00,-3.656452131019999996e+00,-2.004709882879999849e+00,-1.345304484739999928e+01,-1.915453195570000045e+00,-2.360340118409999910e+00,-4.277125000949999478e-01,0.000000000000000000e+00
8.794898536999999905e+00,-6.799950063469999861e+00,-4.542557797419999766e+00,-1.961229462229999854e+01,-1.768554449079999813e+00,-2.335789203640000089e+00,-7.091649770739999470e-01,0.000000000000000000e+00
8.799871820999999983e+00,-4.418529851219999749e+00,-7.358119368280000572e+00,-2.383729833599999992e+01,-1.519989490509999985e+00,-1.948533058169999999e+00,-8.100442886349999982e-01,0.000000000000000000e+00
8.804868826999999953e+00,5.534843618660000297e-01,-6.357199281950000724e+00,-2.328318093689999912e+01,-1.261777281759999925e+00,-1.176415920259999970e+00,-6.646415591240000253e-01,0.000000000000000000e+00
8.809843747000000391e+00,4.241584261549999901e+00,-5.008272398159999916e+00,-2.021227360890000213e+01,-1.077802300449999917e+00,-1.827725768089999980e-01,-6.690831184390000352e-01,0.000000000000000000e+00
8.814754683000000313e+00,5.784479473740001154e+00,-5.495896925150000278e+00,-1.823046967759999859e+01,-1.088088035580000001e+00,6.225718259810000266e-01,-5.526655316349999847e-01,0.000000000000000000e+00
8.819995441999999741e+00,8.706369960249999096e+00,-7.376177003019999567e+00,-1.705367747600000072e+01,-1.270013332370000025e+00,1.118787050250000137e+00,-3.445291221139999971e-01,0.000000000000000000e+00
8.825032554999999945e+00,9.981883817310000850e+00,-7.335335289550000581e+00,-1.567275854020000025e+01,-1.243250489230000033e+00,1.246576070789999990e+00,-1.569076031449999908e-01,0.000000000000000000e+00
8.829975335000000314e+00,1.054601758349999940e+01,-5.155410001799999975e+00,-1.520508608339999945e+01,-1.086619496349999991e+00,1.145711660389999942e+00,-1.355395615099999895e-01,0.000000000000000000e+00
8.834999917999999397e+00,1.008504024039999969e+01,-4.351546565269999611e+00,-1.497771525160000117e+01,-9.860326647759999341e-01,9.688645005230001050e-01,-7.644346356389999930e-02,0.000000000000000000e+00
8.840010866000000078e+00,8.975965484299999630e+00,-4.600314405340000690e+00,-1.434772691119999877e+01,-8.756002783779999188e-01,1.001397848129999879e+00,-5.043844692410000448e-03,0.000000000000000000e+00
8.844912490000000460e+00,6.367164795650000819e+00,-4.469314282040000030e+00,-1.423373111420000114e+01,-7.378917336460000254e-01,1.291400909420000076e+00,1.630291640760000160e-01,0.000000000000000000e+00
8.849991526000000164e+00,5.461883596390000761e+00,-4.763664015849999878e+00,-1.403801331180000034e+01,-5.478820800779999889e-01,1.647436976430000088e+00,2.716210484500000133e-01,0.000000000000000000e+00
8.854998846000000867e+00,4.129554796179999876e+00,-4.547393254760000225e+00,-1.398814541130000144e+01,-3.487356901169999523e-01,2.287816524509999727e+00,4.878651201730000442e-01,0.000000000000000000e+00
8.859970083000000329e+00,3.725510469669999658e+00,-4.885185239940000201e+00,-1.368320267950000080e+01,-1.779080182309999980e-01,2.835649967190000620e+00,6.226779222489999821e-01,0.000000000000000000e+00
8.864862536000000404e+00,3.500603689919999706e+00,-5.096955474740000547e+00,-1.314542617440000072e+01,-3.397488221529999797e-02,3.311428546909999771e+00,7.120753526690000168e-01,0.000000000000000000e+00
8.870010769000000295e+00,3.684917178000000071e+00,-5.326526446919999991e+00,-1.255275371150000119e+01,8.191426098349999241e-02,3.682177543640000383e+00,7.768837213519999008e-01,0.000000000000000000e+00
8.875089523999999841e+00,3.927249724330000191e+00,-5.770508816059999546e+00,-1.184272445069999868e+01,2.025278210640000243e-01,4.023579120640000006e+00,8.071045279499999836e-01,0.000000000000000000e+00
8.879881058000000493e+00,4.008682683650000023e+00,-5.959048689659999454e+00,-1.132064235829999888e+01,3.164954185489999849e-01,4.331991195680000573e+00,8.642218708990000442e-01,0.000000000000000000e+00
8.884999101000000010e+00,3.666329674169999997e+00,-6.144063896269999603e+00,-1.112444290990000084e+01,4.408744275570000148e-01,4.623593330380000310e+00,9.390854835510000775e-01,0.000000000000000000e+00
8.890003870999999336e+00,3.114745008440000351e+00,-6.078627839770000207e+00,-1.055785064460000022e+01,5.581706762310000292e-01,4.906506538389999506e+00,9.931523799899999450e-01,0.000000000000000000e+00
8.894879823000000130e+00,2.484695001029999961e+00,-5.853167225519999128e+00,-9.950713603019998743e+00,7.148049473759999772e-01,5.156323909760000213e+00,1.025839090349999871e+00,0.000000000000000000e+00
8.899980920000000850e+00,1.837285278009999967e+00,-5.576183344789999552e+00,-9.489413603850000101e+00,8.458954691889999378e-01,5.360332965849999631e+00,9.790216088290000229e-01,0.000000000000000000e+00
8.905131740999999934e+00,1.129473839399999902e+00,-5.485799894030000345e+00,-9.274514131110001003e+00,9.752098917960000390e-01,5.524900913239999767e+00,8.954123854639999269e-01,0.000000000000000000e+00
8.910120383000000643e+00,1.383736477499999951e-01,-5.358441342089999893e+00,-9.148239282760000535e+00,1.125559568410000155e+00,5.680214405060000082e+00,7.962370514869999694e-01,0.000000000000000000e+00
8.915002196999999740e+00,-9.668721246470000086e-01,-5.118731253219999999e+00,-9.123492379520000028e+00,1.304312109950000131e+00,5.817103385930000314e+00,7.072018980979999370e-01,0.000000000000000000e+00
8.920154272999999634e+00,-1.840534050679999867e+00,-4.912867904369999650e+00,-9.200831639780000515e+00,1.481325149539999941e+00,5.958703517910000080e+00,6.314562559130000308e-01,0.000000000000000000e+00
8.925033919000000537e+00,-2.418659517329999620e+00,-4.985989839210000163e+00,-9.242240924019998971e+00,1.671469450000000023e+00,6.103469371799999266e+00,5.562955141069999554e-01,0.000000000000000000e+00
8.929915404999999140e+00,-2.754466173909999593e+00,-5.015597626479999960e+00,-9.274351049499999888e+00,1.861672163009999936e+00,6.225088119509999629e+00,4.389766752719999610e-01,0.000000000000000000e+00
8.934934615999999608e+00,-2.968398262920000086e+00,-5.082192205380000161e+00,-9.510166469030000513e+00,2.040277242659999768e+00,6.315790176390000177e+00,3.189522624020000308e-01,0.000000000000000000e+00
8.939960486000000373e+00,-3.174857239580000101e+00,-5.359986233449999915e+00,-9.811999544330001655e+00,2.177702665330000009e+00,6.301996707919998997e+00,1.965045034890000042e-01,0.000000000000000000e+00
8.945078548999999768e+00,-3.570501109750000346e+00,-5.958678687309999056e+00,-1.030709776820000023e+01,2.320096254350000109e+00,6.259133338929999901e+00,6.080802157519999557e-02,0.000000000000000000e+00
8.949955560999999449e+00,-4.509404884890000353e+00,-6.256889480469999043e+00,-1.081296405430000007e+01,2.439697504040000187e+00,6.227660655980000293e+00,-9.816449135539999371e-02,0.000000000000000000e+00
8.955013305999999673e+00,-5.498718412309999692e+00,-6.492450632969998914e+00,-1.127083875519999978e+01,2.513010263440000003e+00,6.180607795720000297e+00,-3.112495541570000079e-01,0.000000000000000000e+00
8.960098763999999605e+00,-6.210269183589999464e+00,-6.875069894130000137e+00,-1.182051612599999935e+01,2.548443794250000227e+00,6.118183135989999855e+00,-5.583704710010000127e-01,0.000000000000000000e+00
8.964968277000000541e+00,-6.837597364819999690e+00,-7.100485500189999577e+00,-1.219579671490000017e+01,2.587790727619999842e+00,6.118600368500000108e+00,-8.586302399640000083e-01,0.000000000000000000e+00
8.970153403999999497e+00,-7.171517769269999398e+00,-7.235408349900000147e+00,-1.228445465700000128e+01,2.600703477859999779e+00,6.074669361109999777e+00,-1.193664908409999947e+00,0.000000000000000000e+00
8.975163029999999154e+00,-7.186330138469999795e+00,-7.171670913999999897e+00,-1.239116029700000077e+01,2.611524820330000107e+00,5.982999324800000629e+00,-1.583385705950000055e+00,0.000000000000000000e+00
8.979989201000000421e+00,-7.603384168679999888e+00,-6.611898850169999342e+00,-1.276523910880000123e+01,2.659392356870000196e+00,5.821657657619999426e+00,-1.988777399059999951e+00,0.000000000000000000e+00
8.984832458999999716e+00,-7.842924746200000463e+00,-5.801337669559999632e+00,-1.324398708640000066e+01,2.748795032499999902e+00,5.608510017400000436e+00,-2.432854652400000095e+00,0.000000000000000000e+00
8.990135821999999166e+00,-8.412285307110000332e+00,-4.909083709659999961e+00,-1.361446407430000072e+01,2.868810176849999838e+00,5.321105003359999586e+00,-2.899853229520000131e+00,0.000000000000000000e+00
8.994890922999999816e+00,-9.650978376769998590e+00,-3.944176309209999953e+00,-1.361752463099999844e+01,3.037250280379999889e+00,5.003374576569999732e+00,-3.287276506420000022e+00,0.000000000000000000e+00
8.999957980999999663e+00,-1.086163953019999973e+01,-3.211656691930000029e+00,-1.328543319549999957e+01,3.283615112300000138e+00,4.708918094639999552e+00,-3.637440681459999769e+00,0.000000000000000000e+00
9.004980310000000543e+00,-1.183105388660000123e+01,-2.623903565230000012e+00,-1.316854986039999886e+01,3.597940921780000245e+00,4.333640575410000473e+00,-3.886344909669999570e+00,0.000000000000000000e+00
9.010017875000000842e+00,-1.300273736689999993e+01,-1.571537515439999977e+00,-1.294664664630000139e+01,3.942801713939999786e+00,3.907464742659999768e+00,-4.077233791350000303e+00,0.000000000000000000e+00
9.014940189000000714e+00,-1.417369954710000002e+01,-4.657310769479999779e-01,-1.250038055019999916e+01,4.289535522459999584e+00,3.368509054180000017e+00,-4.265984535219999430e+00,0.000000000000000000e+00
9.020065548999999905e+00,-1.523403043829999959e+01,5.677134512920000153e-01,-1.169750349430000114e+01,4.649431228640000135e+00,2.753321647639999981e+00,-4.438917160029999920e+00,0.000000000000000000e+00
9.024970836999999690e+00,-1.635496689709999885e+01,1.625337202420000127e+00,-1.106913661769999990e+01,4.968438625340000137e+00,2.052843570709999899e+00,-4.666393756869999798e+00,0.000000000000000000e+00
9.030001662000000096e+00,-1.880989102919999922e+01,1.938979373470000045e+00,-1.081990466719999944e+01,5.226880550380000656e+00,1.261221170430000038e+00,-4.828547477719999925e+00,0.000000000000000000e+00
9.034901107999999681e+00,-2.231896064190000217e+01,9.807905406890000677e-01,-1.068870522200000117e+01,5.391218185419999642e+00,4.321783781050000384e-01,-4.996665954590000069e+00,0.000000000000000000e+00
9.039984559000000530e+00,-2.617002933610000071e+01,-4.893487569659999981e-01,-9.889386735400000461e+00,5.416711330410000080e+00,-3.431820869450000200e-01,-5.115640163419999276e+00,0.000000000000000000e+00
9.044884286000000273e+00,-2.991920885070000224e+01,-1.608454602810000189e+00,-8.106430136680000231e+00,5.268222331999999675e+00,-1.004574656489999995e+00,-5.222025394440000134e+00,0.000000000000000000e+00
9.049884114999999341e+00,-3.311673531040000285e+01,-2.635990308869999854e+00,-5.385266805179999672e+00,4.933496475219999233e+00,-1.515954256060000116e+00,-5.278789043430000660e+00,0.000000000000000000e+00
9.055003772999999256e+00,-3.587604103329999816e+01,-3.698633860919999350e+00,-2.406533026199999981e+00,4.475105762480000138e+00,-1.818478465079999884e+00,-5.270956993100000432e+00,0.000000000000000000e+00
9.059989158000000486e+00,-3.805253868469999645e+01,-4.854047174349999771e+00,2.703527721569999875e-01,3.890293121340000049e+00,-1.962759375570000131e+00,-5.192068099980000184e+00,0.000000000000000000e+00
9.065082686000000223e+00,-4.035920702290000150e+01,-7.298321025399999940e+00,2.728942733330000259e+00,3.123153448100000062e+00,-1.986741900440000208e+00,-4.984602451319999794e+00,0.000000000000000000e+00
9.069997073999999770e+00,-4.197841215230000245e+01,-1.034633789169999929e+01,4.565999755550000039e+00,2.159473180770000056e+00,-1.878143191339999962e+00,-4.656546115880000336e+00,0.000000000000000000e+00
9.075072265999999388e+00,-4.118349511550000130e+01,-1.081844803869999971e+01,7.291323713860000666e+00,9.408447146420000351e-01,-1.613554835319999992e+00,-4.276644706729999967e+00,0.000000000000000000e+00
9.079935013000000055e+00,-3.757330789209999722e+01,-7.654561398210001144e+00,1.052095913009999961e+01,-3.968093991280000066e-01,-1.110095381739999887e+00,-3.962351083759999781e+00,0.000000000000000000e+00
9.084958611999999434e+00,-3.346954570879999835e+01,-2.406552169290000265e+00,1.223572189799999954e+01,-1.563646554950000045e+00,-6.032037138939999599e-01,-3.651380062099999879e+00,0.000000000000000000e+00
9.090117191999999235e+00,-3.120364192730000141e+01,3.329348713109999913e+00,1.370484051079999865e+01,-2.268380880359999630e+00,-1.435441523790000062e-01,-3.252224445340000436e+00,0.000000000000000000e+00
9.094997822999999926e+00,-2.879088052810000065e+01,1.061503325199999992e+01,1.505939634039999930e+01,-2.324702024459999627e+00,7.465565949680000313e-02,-2.796269416809999964e+00,0.000000000000000000e+00
9.099989410999999251e+00,-2.609170106479999873e+01,1.750605650210000164e+01,1.554035381079999922e+01,-1.751994967459999941e+00,-8.989144116639999349e-02,-2.183580875400000121e+00,0.000000000000000000e+00
9.105027954000000534e+00,-2.291152555280000058e+01,2.261789215059999947e+01,1.414352185099999915e+01,-8.828819394110000163e-01,-5.405827164650000016e-01,-1.800710678099999962e+00,0.000000000000000000e+00
9.110036856000000682e+00,-2.110030264459999927e+01,2.374347555840000012e+01,1.249938452489999996e+01,2.049938291310000049e-01,-1.173371553419999991e+00,-1.379624247550000016e+00,0.000000000000000000e+00
9.115011076000000045e+00,-3.017894232139999744e+01,5.621001560680000786e+00,-4.760784661019999753e+00,6.245228648189999898e-01,-1.651856660839999824e+00,-1.046846389770000219e+00,0.000000000000000000e+00
9.119880353999999301e+00,-4.506172771100000318e+01,-1.974691468969999875e+01,6.280345759380001169e+00,4.690448343749999971e-01,-2.849563121800000154e+00,1.235807061200000057e+00,0.000000000000000000e+00
9.124942816000000789e+00,-4.144074553730000332e+01,-1.700249907739999955e+01,4.886679570150000096e+00,-7.684534788129999683e-01,-4.146514415739999571e+00,4.471540927890000461e+00,0.000000000000000000e+00
9.130021074000000070e+00,-4.978639476439999356e+01,2.129904242519999968e+01,1.191750350509999912e+01,-3.094940185550000056e+00,-4.091382980350000587e+00,6.273489952090000266e+00,0.000000000000000000e+00
9.134901859999999374e+00,-6.112789169470000417e+01,3.190271140260000138e+01,3.878961786500000342e-01,-5.571579456330000291e+00,-3.770568847659999889e+00,6.161451339720000142e+00,0.000000000000000000e+00
9.140004180000000034e+00,-5.849393318390000474e+01,-9.036898384169999687e+00,1.359660926869999820e+01,-6.626511096950000734e+00,-7.798476815220000136e-01,4.407598495480000267e+00,0.000000000000000000e+00
9.144824821000000270e+00,-5.472305621680000343e+01,-1.815380378649999926e+01,5.067149388409999400e-01,-5.908018589019999212e+00,2.717263221740000123e+00,2.351093292239999855e+00,0.000000000000000000e+00
9.150022734000000213e+00,1.815199849069999982e-01,1.086761071349999996e+00,-3.085665336690000160e+01,-6.454005718230000355e+00,6.895242691039999983e+00,1.955921530719999968e+00,0.000000000000000000e+00
9.154892916999999741e+00,2.517486211419999975e+01,2.271850005820000007e+01,-3.862378023710000008e+01,-6.584043025969999796e+00,9.503601074219998779e+00,-1.244034711270000128e-02,0.000000000000000000e+00
9.159965113000000159e+00,3.854581203130000233e+01,1.120410973630000129e+01,-2.226861460250000135e+01,-6.304797172549999829e+00,9.198809623719998996e+00,-7.795274257659999817e-01,0.000000000000000000e+00
9.164936577000000639e+00,2.873640542599999748e+01,-1.232490474079999920e+01,-1.414866681260000014e+01,-4.518830776209999733e+00,6.606294631959999997e+00,-1.204717755320000028e-01,0.000000000000000000e+00
9.169945896999999846e+00,1.205425006309999958e+01,-1.354158822319999977e+01,-1.109931080670000014e+01,-2.620171308519999798e+00,3.024806261060000168e+00,1.729704380040000045e+00,0.000000000000000000e+00
9.174970690000000317e+00,-1.051609707700000129e+01,-1.101791262640000113e+01,-7.685234768889999124e+00,-2.225924491879999856e+00,-1.873253583910000075e-01,3.826819658280000258e+00,0.000000000000000000e+00
9.179872417000000340e+00,-6.249407015760000128e+00,-5.791901002049999470e-01,-5.362110970519999853e+00,-2.362071752549999903e+00,-2.895302295680000082e+00,3.987290620799999630e+00,0.000000000000000000e+00
9.184750585999999828e+00,-2.600660052289999857e+00,1.320781570279999961e+01,-9.713334587440000334e+00,-2.835772037509999954e+00,-4.547490119929999963e+00,2.222342252729999856e+00,0.000000000000000000e+00
9.189891385999999329e+00,-6.901701295939999703e+00,1.554612187280000057e+01,-1.244582946030000059e+01,-3.182709217070000207e+00,-4.039855480189999959e+00,2.780146598820000259e-01,0.000000000000000000e+00
9.194813857999999840e+00,-7.635657375770000144e+00,1.214083645970000092e+01,-8.872282991509999661e+00,-3.388703823090000178e+00,-2.568010568620000100e+00,-1.371799468989999937e+00,0.000000000000000000e+00
9.199966176000000218e+00,-1.925835609680000005e+01,9.451505021219999136e+00,-7.960491387439999400e+00,-3.057880878450000228e+00,4.345389008519999763e-01,-9.757553339000000214e-01,0.000000000000000000e+00
9.204966617000000184e+00,-5.887252450480000121e+00,1.074800029150000036e+01,-1.151162553339999839e+01,-2.550005674359999919e+00,2.502815246579999986e+00,8.086317032580001007e-02,0.000000000000000000e+00
9.210122308000000757e+00,-7.228904959349999881e-01,3.250874311330000044e+00,-1.021672366980000035e+01,-1.785593628879999839e+00,2.913952827450000171e+00,1.128955245019999998e+00,0.000000000000000000e+00
9.215051937000000137e+00,2.003129627949999936e+00,1.461147487829999925e+00,-1.227443595180000102e+01,-8.980274200440000465e-01,2.449863910679999979e+00,1.242569684979999867e+00,0.000000000000000000e+00
9.219983236999999221e+00,1.202277867390000032e-01,3.418423711620000027e+00,-1.327252695219999978e+01,-5.915173888210000230e-01,1.270788192749999990e+00,9.821503162379999763e-01,0.000000000000000000e+00
9.225023767999999791e+00,6.754947577060000929e-01,3.544497192180000589e+00,-1.363950966829999878e+01,-7.394598722460000717e-01,1.294509321450000028e-01,6.574379801749999919e-01,0.000000000000000000e+00
9.229998601000000136e+00,6.340837929739999712e-01,2.863584135750000037e+00,-1.317713648690000028e+01,-8.856275081630000656e-01,-8.837866187100000825e-01,3.298203349109999905e-01,0.000000000000000000e+00
9.235049745999999615e+00,-2.680494928769999952e+00,2.563413440699999768e+00,-1.207598492500000020e+01,-6.904311776160000358e-01,-1.275621533390000062e+00,6.662090867759999646e-02,0.000000000000000000e+00
9.239979921999999846e+00,-3.154555333050000243e+00,1.576988620449999878e+00,-1.073221936950000099e+01,-3.619405627250000257e-01,-1.188836812969999990e+00,-1.132217422130000067e-01,0.000000000000000000e+00
9.244841516999999342e+00,-2.339281590840000202e+00,1.909039358559999899e-01,-1.059105616409999939e+01,-1.243167072529999945e-01,-1.072125434880000006e+00,-1.480377316469999871e-01,1.000000000000000000e+00
9.249983057999999758e+00,-6.712689128650000114e+00,-1.618654655920000129e+00,-9.728046418879999990e+00,-4.506674781440000305e-02,-3.811981081960000295e-01,2.814599275590000116e-01,1.000000000000000000e+00
9.255136438999999271e+00,-4.148174448709999851e+00,-3.070800945040000229e+00,-9.019527562649999552e+00,-1.364715099330000014e-01,-9.510714560749999880e-02,5.888053774829999920e-01,1.000000000000000000e+00
9.260077678000000034e+00,-3.361227075670000453e+00,-1.786079553040000212e+00,-9.849667303949999564e+00,-3.148776590819999943e-01,-4.611382633449999380e-02,6.431064009670000026e-01,1.000000000000000000e+00
9.265113399000000527e+00,-3.565736671819999870e+00,-6.574931640039999303e-01,-9.367906700560000743e+00,-4.272557198999999972e-01,-2.145469337700000034e-01,5.800407528880000552e-01,1.000000000000000000e+00
9.269987090000000762e+00,-2.653449393189999839e+00,-6.065568305580000263e-01,-1.015211997249999953e+01,-4.553191661830000014e-01,-4.060345888139999526e-01,4.701121151450000091e-01,1.000000000000000000e+00
9.275117564000000314e+00,-2.682504807279999959e+00,-1.111976030499999935e+00,-1.092545646099999956e+01,-3.905151784420000105e-01,-5.903573632240000091e-01,4.237528145310000549e-01,0.000000000000000000e+00
9.279856585999999297e+00,-2.916343666040000393e+00,-1.198926730329999968e+00,-1.126593461660000095e+01,-3.133761584760000329e-01,-6.864445805550000168e-01,4.331622719759999907e-01,0.000000000000000000e+00
9.284948660999999603e+00,-3.274646524329999586e+00,-1.312160895320000131e+00,-1.180894493069999918e+01,-3.524433374400000041e-01,-7.340337634090000618e-01,4.981358647349999891e-01,0.000000000000000000e+00
9.290135129999999464e+00,-2.978473082209999401e+00,-9.564647124009999501e-01,-1.168284134730000012e+01,-4.303393363949999939e-01,-7.367977499959998955e-01,5.616576671600000958e-01,0.000000000000000000e+00
9.294951015000000538e+00,-3.150919314629999857e+00,-6.130918583500000185e-01,-1.154292317349999841e+01,-4.918322265150000261e-01,-7.185443639759999668e-01,6.017206311230000049e-01,0.000000000000000000e+00
9.299897251999999170e+00,-2.843459631610000038e+00,-2.948378415600000010e-02,-1.164378710170000097e+01,-5.324401259419999644e-01,-7.817515134810000266e-01,5.904480218890000298e-01,0.000000000000000000e+00
9.305004266999999274e+00,-2.490230715590000088e+00,6.475473916200000235e-03,-1.189196457470000112e+01,-5.759682059289999989e-01,-9.365299344059999642e-01,5.636904835699999561e-01,0.000000000000000000e+00
9.309948713000000708e+00,-1.724460716740000343e+00,-1.597716789570000073e-01,-1.199946984059999977e+01,-5.861876606939999679e-01,-1.118398547169999979e+00,4.843582212919999574e-01,0.000000000000000000e+00
9.314995504000000537e+00,-1.645199840760000143e+00,1.463660986750000004e-01,-1.232728842109999867e+01,-5.570460557940000168e-01,-1.336631059649999953e+00,4.078769087789999581e-01,0.000000000000000000e+00
9.319980733999999600e+00,-1.436069014539999911e+00,-2.090971796730000110e-01,-1.303748485510000066e+01,-5.651874542239999633e-01,-1.534659147260000189e+00,3.417792916300000372e-01,0.000000000000000000e+00
9.325078747999999251e+00,-1.098446248449999940e+00,-6.573379734419999565e-01,-1.365010471210000098e+01,-5.943983197209999902e-01,-1.736993551250000101e+00,3.416425287720000203e-01,0.000000000000000000e+00
9.330009558000000425e+00,-1.145658519870000003e+00,3.652588879720000126e-01,-1.396297940589999875e+01,-6.670020818709999633e-01,-1.927489995959999813e+00,3.723094463350000161e-01,0.000000000000000000e+00
9.334955209000000309e+00,-7.435169582480000150e-01,8.887384260660000646e-01,-1.411523216059999974e+01,-7.184094190599999985e-01,-2.178113460540000101e+00,3.389953970910000169e-01,0.000000000000000000e+00
9.339883015999999927e+00,-7.322869045080000472e-01,5.841222959100000889e-01,-1.400469673309999941e+01,-7.667874693870000424e-01,-2.429485797879999964e+00,2.900818288329999883e-01,0.000000000000000000e+00
9.344954858999999558e+00,-4.720973605770000248e-01,9.488453965040000160e-01,-1.438870072660000154e+01,-8.200981616970000054e-01,-2.730328559879999784e+00,2.155758738519999995e-01,0.000000000000000000e+00
9.350113984000000045e+00,-2.369932676619999901e-01,1.347935973060000014e+00,-1.479507320380000124e+01,-8.619095087049999382e-01,-3.053135395049999978e+00,1.204394698139999997e-01,0.000000000000000000e+00
9.355064298000000278e+00,1.374392529770000204e-01,2.066747236859999948e+00,-1.448268366319999956e+01,-9.155621528630000228e-01,-3.387238025670000319e+00,9.943691082299999442e-03,0.000000000000000000e+00
9.360072153999999145e+00,-8.906951861569999129e-02,3.285962575849999734e+00,-1.428324596349999887e+01,-9.597924351690000355e-01,-3.678933620450000053e+00,-6.721252948049999398e-02,0.000000000000000000e+00
9.365032830000000530e+00,1.462515415179999889e-01,4.028245169999999931e+00,-1.391312436479999981e+01,-9.781688451769999793e-01,-3.940676927569999766e+00,-1.429617553950000008e-01,0.000000000000000000e+00
9.369914749999999515e+00,-3.848416133850000032e-01,4.229842093570000294e+00,-1.378945473059999927e+01,-8.914835453030001133e-01,-4.195581912989999829e+00,-2.064436823130000043e-01,0.000000000000000000e+00
9.375016414999999270e+00,-1.349566241140000011e-01,3.832577344210000181e+00,-1.337295833420000157e+01,-8.024521470069999607e-01,-4.402310848239999963e+00,-2.170641869310000194e-01,0.000000000000000000e+00
9.379879317000000327e+00,5.421172377430000244e-01,3.516738247640000203e+00,-1.313827864069999940e+01,-6.493498086929999635e-01,-4.611709117890000265e+00,-1.872036308049999931e-01,0.000000000000000000e+00
9.384974272999999201e+00,8.692570421349998799e-01,3.055754767079999823e+00,-1.347269647329999920e+01,-5.571509599689999925e-01,-4.812768936160000344e+00,-1.266001462939999878e-01,0.000000000000000000e+00
9.390126731000000504e+00,6.389720034069999999e-01,2.165818874850000242e+00,-1.315145610220000094e+01,-5.258396863940000276e-01,-5.042424678799999782e+00,-1.879403926430000052e-02,0.000000000000000000e+00
9.394934983000000628e+00,7.927801891160000947e-02,1.421134334129999788e+00,-1.242843759599999842e+01,-5.630483031270000494e-01,-5.330600738530000271e+00,1.084471344949999999e-01,0.000000000000000000e+00
9.399927097000000842e+00,-4.239656362229999864e-01,7.913321639979999933e-01,-1.235906303099999981e+01,-6.522076725959999877e-01,-5.629370689389999960e+00,1.714653968809999873e-01,0.000000000000000000e+00
9.404973699999999326e+00,-8.591112765000000762e-01,4.303398839630000472e-01,-1.197482289059999871e+01,-7.897594571109999295e-01,-5.958458423609999777e+00,1.908497065310000018e-01,0.000000000000000000e+00
9.410022262000000026e+00,-3.363441536849999913e+00,9.111514795339999973e-01,-1.290857439760000069e+01,-8.560506701469999813e-01,-6.248475551610000345e+00,1.495552510019999837e-01,0.000000000000000000e+00
9.415007903999999428e+00,-7.929110160750000524e+00,7.692660973370000210e-01,-1.384288821460000030e+01,-8.889495730399998852e-01,-6.603308200839999920e+00,3.473085584120000086e-03,0.000000000000000000e+00
9.419984820999999897e+00,-1.365440094789999925e+01,3.643009296599999947e-01,-1.430592073660000096e+01,-8.228452801700000263e-01,-6.796587467190000176e+00,-7.519664615389999585e-02,0.000000000000000000e+00
9.424999529999999126e+00,-1.700058652179999896e+01,1.151910127610000112e+00,-1.454494342779999982e+01,-8.214282989499999132e-01,-6.739327907560000774e+00,-1.270261555910000006e-01,0.000000000000000000e+00
9.430110060000000516e+00,-1.788446428299999980e+01,1.791916880890000119e+00,-1.621489674760000099e+01,-9.393857121469999516e-01,-6.288263797759999996e+00,-1.316389441489999867e-01,0.000000000000000000e+00
9.434922474000000392e+00,-1.466803204730000054e+01,1.958824037750000135e+00,-1.508903510740000087e+01,-1.181980013850000066e+00,-5.781026363370000531e+00,-1.301056891679999994e-01,0.000000000000000000e+00
9.440111946000000032e+00,-1.268494567489999980e+01,-9.416963284670000212e-01,-1.574089976400000168e+01,-1.436029791830000013e+00,-5.166316509250000522e+00,-2.578261122109999984e-02,0.000000000000000000e+00
9.444972835999999816e+00,-1.143937745880000101e+01,-2.407411854859999867e+00,-1.628821683540000009e+01,-1.807013511659999683e+00,-4.725321292880000357e+00,1.490438878539999956e-01,0.000000000000000000e+00
9.449928448999999731e+00,-9.597556583189998491e+00,-3.938095820249999601e+00,-1.523118849289999943e+01,-2.245620489119999785e+00,-4.565988540650000260e+00,3.281892538069999810e-01,0.000000000000000000e+00
9.454963021999999384e+00,-9.487446687700000325e+00,-3.186747583859999899e+00,-1.552910877859999950e+01,-2.625959634780000052e+00,-4.570529460909999564e+00,3.182383775709999862e-01,0.000000000000000000e+00
9.460087181000000456e+00,-9.904083953789999839e+00,-3.383313235270000163e+00,-1.442327987260000022e+01,-3.052753210070000112e+00,-4.539496898650000389e+00,2.415814697740000239e-01,0.000000000000000000e+00
9.464968886999999498e+00,-1.352834295719999957e+01,-1.590743005029999990e+00,-1.996251441969999973e+01,-3.375730514530000281e+00,-4.266469478610000365e+00,-2.595238983629999940e-01,0.000000000000000000e+00
9.470005693999999252e+00,-1.365477270390000086e+01,-1.633272087079999935e+00,-1.812191344130000203e+01,-3.420852661129999639e+00,-3.957165956499999915e+00,-5.165809392929999744e-01,0.000000000000000000e+00
9.475020552000000151e+00,-8.309294303719999775e+00,-1.800342325540000177e+00,-1.630454603889999987e+01,-3.465604543690000039e+00,-3.474966049190000295e+00,-6.976637840270000224e-01,0.000000000000000000e+00
9.479881553000000238e+00,-3.801150524810000153e+00,-2.108677476220000013e+00,-1.255642100180000043e+01,-3.363918781280000214e+00,-2.795472860340000310e+00,-5.865060091020000144e-01,0.000000000000000000e+00
9.484928500000000540e+00,-2.698830174869999987e-01,-2.221304030709999822e+00,-7.679843723500000330e+00,-3.358918905259999477e+00,-2.152796745299999870e+00,-4.087621867660000130e-01,0.000000000000000000e+00
9.490105246000000605e+00,5.640757816030000704e+00,-1.343118928170000004e+00,-5.500187900340000269e+00,-3.443032026290000047e+00,-1.662370562550000042e+00,-4.563686251640000080e-01,0.000000000000000000e+00
9.494954647000000136e+00,2.717592604179999682e+01,-3.162965726249999943e+00,-5.279211153510000365e+00,-3.709192514419999753e+00,-1.023563146589999917e+00,-5.677139759060000346e-01,0.000000000000000000e+00
9.499935216000000793e+00,9.374071652930000553e+00,3.177282713160000105e-01,-7.512125104129999897e+00,-3.748482227330000249e+00,-1.222476243970000098e+00,-1.161284327509999992e+00,0.000000000000000000e+00
9.504960278000000429e+00,-5.793900213040000580e+00,1.879811583579999779e+00,-1.907335959479999943e+01,-3.833570957180000516e+00,-2.193624734880000204e+00,-1.837576627730000078e+00,0.000000000000000000e+00
9.510139235000000468e+00,-1.020241106679999987e+01,-3.903082374539999844e+00,-2.254573876849999792e+01,-3.552718400959999467e+00,-1.904306769369999985e+00,-1.891652107240000102e+00,0.000000000000000000e+00
9.514910201999999373e+00,-2.009043820429999627e+00,-4.337627637769999822e+00,-1.873895462180000138e+01,-3.245684385299999697e+00,-1.661428451539999740e+00,-1.727964639659999913e+00,0.000000000000000000e+00
9.519970145000000272e+00,1.031738126179999826e+00,-1.491207548920000292e+00,-1.707483716839999843e+01,-2.961560964579999844e+00,-9.857090115549999032e-01,-1.598784089090000027e+00,0.000000000000000000e+00
9.525105078999999364e+00,-7.435673732610000031e-02,-2.408747670039999844e-01,-1.525195421749999980e+01,-2.683975934979999867e+00,2.110772877930000013e-01,-1.421378970149999921e+00,0.000000000000000000e+00
9.529871973000000551e+00,3.367644541499999811e+00,-2.926535389709999713e+00,-1.479256209779999942e+01,-2.844044923780000289e+00,9.268624782559999886e-01,-1.110129475589999970e+00,0.000000000000000000e+00
9.535001347999999766e+00,5.940053481809999703e+00,-5.916334752570000077e+00,-1.408486274119999848e+01,-2.950729846949999846e+00,1.197000145910000146e+00,-6.402660608290000610e-01,0.000000000000000000e+00
9.540077969000000380e+00,5.526378572649999654e+00,-6.160606450269999534e+00,-1.298971889529999935e+01,-2.909727811809999842e+00,1.163289070130000047e+00,-2.425865232939999894e-01,0.000000000000000000e+00
9.544998797999999951e+00,6.396973073940000809e+00,-4.422243318780000543e+00,-1.308997024459999992e+01,-2.868547201160000171e+00,9.719391465189999302e-01,-1.518549174069999952e-01,0.000000000000000000e+00
9.549946786999999659e+00,6.798906691900000965e+00,-4.764489653020000048e+00,-1.246190147420000116e+01,-2.951863527300000012e+00,6.784945726389999265e-01,-4.392476752399999962e-02,0.000000000000000000e+00
9.555077685000000542e+00,6.866901200720000098e+00,-6.158040399179999902e+00,-1.192564940210000124e+01,-3.059432744979999619e+00,4.792862534520000439e-01,1.123235300180000090e-01,0.000000000000000000e+00
9.560052079000000091e+00,4.890472240430000284e+00,-7.603061512589999182e+00,-1.180451425480000083e+01,-3.136000156399999739e+00,4.837386608120000098e-01,3.847101330759999938e-01,0.000000000000000000e+00
9.564911957999999714e+00,3.003760668199999984e+00,-7.126227844209999773e+00,-1.177899052190000084e+01,-3.121946573259999802e+00,6.879498362540000800e-01,6.543326973920000622e-01,0.000000000000000000e+00
9.569915886000000427e+00,1.078981596460000025e+00,-6.221142459780000245e+00,-1.210173194519999917e+01,-3.051049947739999713e+00,9.844743013379999574e-01,8.437618613240001064e-01,0.000000000000000000e+00
9.575011505000000867e+00,4.974763146469999842e-01,-6.085843762499999698e+00,-1.248937751010000063e+01,-2.986361026760000037e+00,1.270981311800000180e+00,8.943945765499999867e-01,0.000000000000000000e+00
9.579950677999999442e+00,2.510320952130000172e-01,-7.102203410019999552e+00,-1.273971537599999948e+01,-2.864205360410000178e+00,1.558750629429999979e+00,8.414023518559999859e-01,0.000000000000000000e+00
9.584887078999999588e+00,-3.773741635809999551e-01,-8.218532082770000358e+00,-1.235504268940000117e+01,-2.746471643450000499e+00,1.803138732909999709e+00,8.247457742689999760e-01,0.000000000000000000e+00
9.590134431999999265e+00,-1.084600970710000167e+00,-9.177565330489999340e+00,-1.216106091700000036e+01,-2.546768188479999750e+00,2.071038722990000469e+00,7.799591422080000003e-01,0.000000000000000000e+00
9.594936902000000600e+00,-2.090480140749999993e+00,-1.023040265110000036e+01,-1.231983342890000088e+01,-2.411710977549999857e+00,2.370496273040000101e+00,7.406139969830000114e-01,0.000000000000000000e+00
9.599875143000000222e+00,-3.424836209009999521e+00,-1.111148172150000057e+01,-1.242140930480000094e+01,-2.318801879880000083e+00,2.735215187070000109e+00,7.097420096400000045e-01,0.000000000000000000e+00
9.605116704000000283e+00,-4.462730227469999811e+00,-1.187105739569999940e+01,-1.238982641800000017e+01,-2.204441308979999903e+00,3.127008438109999844e+00,6.771824955940001223e-01,0.000000000000000000e+00
9.610051220000000782e+00,-5.358520837069999487e+00,-1.273088675740000042e+01,-1.133052077819999859e+01,-2.140650510790000460e+00,3.516263723369999372e+00,5.318313837049999382e-01,0.000000000000000000e+00
9.614883711999999250e+00,-5.437307373539999489e+00,-1.328844348320000002e+01,-1.157323647869999839e+01,-2.061174869540000287e+00,3.866365194319999699e+00,4.331854283809999928e-01,0.000000000000000000e+00
9.619918501000000788e+00,-5.526300831240000377e+00,-1.420363875829999856e+01,-1.105643144989999982e+01,-2.017577409739999883e+00,4.178418159480000504e+00,2.503600418570000041e-01,0.000000000000000000e+00
9.624976163999999557e+00,-6.152396255809999381e+00,-1.478247441900000148e+01,-1.088055115140000062e+01,-2.028176784520000275e+00,4.457528114319999624e+00,4.260394349690000554e-02,0.000000000000000000e+00
9.630152844999999573e+00,-6.959009575569999662e+00,-1.518906901450000113e+01,-1.037733859460000119e+01,-2.085132837299999764e+00,4.697782993319999711e+00,-1.707068234680000074e-01,0.000000000000000000e+00
9.634811586999999733e+00,-7.515004458950000021e+00,-1.579647376720000018e+01,-9.922558352639999413e+00,-2.174519300459999638e+00,4.991168975829999965e+00,-4.355718195440000384e-01,0.000000000000000000e+00
9.640101278999999579e+00,-7.907009388099999647e+00,-1.614381420970000036e+01,-9.525308508580000222e+00,-2.275662899020000296e+00,5.264921665190000155e+00,-6.761431097979999638e-01,0.000000000000000000e+00
9.644967190999999218e+00,-7.862373543039998580e+00,-1.602117801010000164e+01,-9.234099703139998283e+00,-2.359022617340000405e+00,5.590946674349999590e+00,-9.225927591320000065e-01,0.000000000000000000e+00
9.650017080999999664e+00,-7.721282233830000230e+00,-1.564439870710000058e+01,-9.049193802119999575e+00,-2.428264856340000222e+00,5.824873447419999906e+00,-1.131725668909999927e+00,0.000000000000000000e+00
9.655105726000000388e+00,-7.818001901869998882e+00,-1.537305546260000000e+01,-8.793346232910000282e+00,-2.397265911100000313e+00,6.016097545619999210e+00,-1.323032736779999885e+00,0.000000000000000000e+00
9.659946871000000712e+00,-7.970095666609999796e+00,-1.498516439849999848e+01,-8.547342596860001862e+00,-2.306241512299999741e+00,6.153205871579999986e+00,-1.478312253950000210e+00,0.000000000000000000e+00
9.664998471000000535e+00,-8.024042945369998847e+00,-1.447576292400000142e+01,-8.270657406810000722e+00,-2.120764255520000141e+00,6.220006942749999546e+00,-1.636275887489999858e+00,0.000000000000000000e+00
9.669990943000000172e+00,-8.165797102410000008e+00,-1.396788120640000130e+01,-8.182720764680000869e+00,-1.904390811919999926e+00,6.270398139950000171e+00,-1.768241763109999809e+00,0.000000000000000000e+00
9.675075155000000038e+00,-8.306835220130000863e+00,-1.359685359890000100e+01,-8.002840582870000219e+00,-1.614523530010000263e+00,6.287668228150000260e+00,-1.920133709909999986e+00,0.000000000000000000e+00
9.679919834999999750e+00,-8.211329019529999940e+00,-1.345978321569999991e+01,-7.932518507889999348e+00,-1.252075314520000093e+00,6.301021099090000632e+00,-2.059424877170000112e+00,0.000000000000000000e+00
9.684879851999999900e+00,-8.267315695160000644e+00,-1.349131934069999872e+01,-8.193392965339999279e+00,-8.487305641169999859e-01,6.263616085049999782e+00,-2.221478462219999894e+00,0.000000000000000000e+00
9.689968527999999637e+00,-8.446344813099999627e+00,-1.323409463790000018e+01,-8.420300271260000358e+00,-4.297774732109999607e-01,6.214354515080000141e+00,-2.430396080019999960e+00,0.000000000000000000e+00
9.694872244000000805e+00,-8.796726523000000242e+00,-1.312743459060000006e+01,-8.510784259790000306e+00,-6.120174191890000344e-03,6.099052906039999833e+00,-2.673370122909999758e+00,0.000000000000000000e+00
9.699936357000000342e+00,-8.931911823039998310e+00,-1.350858611730000014e+01,-8.563298290880000607e+00,3.932526707649999786e-01,5.959617137910000473e+00,-2.994810342790000579e+00,0.000000000000000000e+00
9.705087547999999842e+00,-9.208214735769999493e+00,-1.425191909730000006e+01,-8.680252353180000213e+00,7.265520691869999936e-01,5.830008983609999085e+00,-3.319069623949999936e+00,0.000000000000000000e+00
9.710082402999999474e+00,-9.361276468759999858e+00,-1.492135097480000105e+01,-8.851257154610001621e+00,1.051292896270000110e+00,5.697928428650000043e+00,-3.628678083419999645e+00,0.000000000000000000e+00
9.714965014000000565e+00,-9.449397235289998420e+00,-1.523605989829999885e+01,-9.100794810020000014e+00,1.289822340009999957e+00,5.560708522799999720e+00,-3.924175977709999596e+00,0.000000000000000000e+00
9.719970679999999419e+00,-9.948813906880001667e+00,-1.527647257269999947e+01,-9.567488192660000834e+00,1.516542553899999923e+00,5.412612438200000931e+00,-4.197629451750000129e+00,0.000000000000000000e+00
9.724941412999999812e+00,-1.059617540679999870e+01,-1.507109379249999925e+01,-1.004339773190000074e+01,1.729348182680000123e+00,5.228757858279999837e+00,-4.494480133059999716e+00,0.000000000000000000e+00
9.729908405999999843e+00,-1.155711185779999894e+01,-1.460971429830000012e+01,-1.032820368460000005e+01,1.968500375749999920e+00,5.048963546750000475e+00,-4.793387413019999599e+00,0.000000000000000000e+00
9.734895987999999889e+00,-1.260557929279999989e+01,-1.416386555079999887e+01,-1.066019808939999969e+01,2.174738407139999996e+00,4.880273342130000636e+00,-5.097792625430000335e+00,0.000000000000000000e+00
9.740062484999999270e+00,-1.361461254289999978e+01,-1.406180335270000015e+01,-1.082506365739999943e+01,2.368243932720000000e+00,4.754378795620000098e+00,-5.384338378909999889e+00,0.000000000000000000e+00
9.745034774000000510e+00,-1.461547885319999907e+01,-1.407462893200000131e+01,-1.106802368800000025e+01,2.595876693729999740e+00,4.626595020290000804e+00,-5.653539657590000544e+00,0.000000000000000000e+00
9.749940581000000606e+00,-1.559983358920000107e+01,-1.407774677180000111e+01,-1.127614387589999900e+01,2.817581892009999756e+00,4.503356456759999737e+00,-5.899099826809999669e+00,0.000000000000000000e+00
9.755053138999999263e+00,-1.665862368069999988e+01,-1.405285782970000064e+01,-1.132784366799999987e+01,3.018600463870000361e+00,4.393161773680000159e+00,-6.150400638580000745e+00,0.000000000000000000e+00
9.760044459999999589e+00,-1.779333732039999916e+01,-1.369183840589999868e+01,-1.134013850140000024e+01,3.187205553050000084e+00,4.233858108519999774e+00,-6.413918495179999901e+00,0.000000000000000000e+00
9.764908402999999737e+00,-1.887328710439999924e+01,-1.354917882450000022e+01,-1.098425585599999899e+01,3.308193922040000068e+00,4.028272628779999920e+00,-6.684699535369999168e+00,0.000000000000000000e+00
9.769992857000000086e+00,-2.002441528780000013e+01,-1.329941379009999913e+01,-1.037510455199999981e+01,3.340425491329999996e+00,3.780777692790000533e+00,-6.963146209719999646e+00,0.000000000000000000e+00
9.775034964999999687e+00,-2.025930424010000053e+01,-8.477875677400000143e+00,-1.035593340299999987e+01,3.395634174350000034e+00,3.487514972690000103e+00,-7.187042713169999431e+00,0.000000000000000000e+00
9.779923550999999549e+00,-2.005964792920000050e+01,-4.479487301009999811e+00,-9.952370138060000926e+00,3.420377016069999776e+00,3.174327135089999974e+00,-7.435591697689999613e+00,0.000000000000000000e+00
9.784956928999999803e+00,-2.196995431210000049e+01,-2.952030188709999781e+00,-1.029624670379999962e+01,3.595674276350000031e+00,2.791039466860000040e+00,-7.666185379029999858e+00,0.000000000000000000e+00
9.790041013999999819e+00,-2.554753690449999937e+01,-2.310268408449999811e+00,-9.626222705700000049e+00,3.867090702059999607e+00,2.348847389220000359e+00,-7.720672130580000569e+00,0.000000000000000000e+00
9.795071936999999451e+00,-2.871537666649999920e+01,-1.879232614650000022e+00,-9.044573741100000674e+00,4.087088108059999669e+00,1.858767986299999952e+00,-7.568025112149999956e+00,0.000000000000000000e+00
9.799890314000000657e+00,-3.162889563050000064e+01,-2.455670858859999584e+00,-7.355126031689999344e+00,4.205710411070000099e+00,1.425730586049999804e+00,-7.330922126769999103e+00,0.000000000000000000e+00
9.804840108000000498e+00,-3.304751622829999747e+01,-4.059332089919999831e+00,-5.223078347400000432e+00,4.096909523009999887e+00,1.069952726360000161e+00,-6.961342334750000305e+00,0.000000000000000000e+00
9.809760002000000867e+00,-3.430141154320000396e+01,-5.422329000119999520e+00,-2.936998039269999694e+00,3.790883302689999734e+00,8.680151104929999528e-01,-6.414386272430000702e+00,0.000000000000000000e+00
9.814804135999999346e+00,-3.524464048809999639e+01,-6.050469666779999756e+00,-2.126173531549999940e-01,3.292537689210000007e+00,7.157642245290001259e-01,-5.782986640930000810e+00,0.000000000000000000e+00
9.819918071000000026e+00,-3.559876956780000512e+01,-6.679740798770000154e+00,2.378081423219999824e+00,2.697004795070000238e+00,5.804201364519999684e-01,-5.033758163449999934e+00,0.000000000000000000e+00
9.824992229999999438e+00,-3.542281678860000227e+01,-6.073344346410000760e+00,5.174083722609999825e+00,2.175187349320000241e+00,4.218409955499999864e-01,-4.155881404880000574e+00,0.000000000000000000e+00
9.830002930999999222e+00,-3.451985438770000059e+01,-4.413821527399999667e+00,7.233314592489999306e+00,1.793998241420000195e+00,1.941354423760000003e-01,-3.297969579700000153e+00,0.000000000000000000e+00
9.834921918999999235e+00,-3.431548449230000131e+01,-2.985575899959999724e+00,8.684778890689999642e+00,1.597300648689999880e+00,-5.357714742420000009e-02,-2.431927680969999894e+00,0.000000000000000000e+00
9.840097537000000116e+00,-3.381473861789999802e+01,-1.858393094099999976e+00,9.769151751729999944e+00,1.588449954989999746e+00,-2.647251188760000318e-01,-1.625815987590000011e+00,0.000000000000000000e+00
9.844947546000000216e+00,-3.241216431510000007e+01,-4.939988843270000096e-01,1.060102226230000078e+01,1.676845312120000209e+00,-4.259042739869999816e-01,-8.690236806869999775e-01,0.000000000000000000e+00
9.850010945999999379e+00,-3.052809361270000110e+01,1.031902303770000140e+00,1.083964046430000039e+01,1.886069297790000210e+00,-5.696367025380000282e-01,-2.488585859540000111e-01,0.000000000000000000e+00
9.854970085999999796e+00,-2.817722372929999963e+01,2.561041450869999903e+00,1.068180435649999893e+01,2.157376527790000331e+00,-7.437010407449999860e-01,2.352418452499999979e-01,0.000000000000000000e+00
9.860026550000000611e+00,-2.512039870260000285e+01,3.698456458530000379e+00,1.018989645309999936e+01,2.418194770809999561e+00,-9.816395640369999231e-01,5.451372265820000340e-01,0.000000000000000000e+00
9.864865650000000485e+00,-2.209791082989999822e+01,4.305226128120000162e+00,9.264346957360000800e+00,2.648184299470000003e+00,-1.334392428399999941e+00,6.919028758999999917e-01,0.000000000000000000e+00
9.870015763999999692e+00,-3.272380800580000226e+01,-2.624549812639999757e+01,-3.481616957630000009e+00,1.167040109630000044e+00,-1.409973979000000099e+00,1.118505716320000065e+00,0.000000000000000000e+00
9.875036194999999850e+00,-4.698207384180000190e+01,-3.883950388570000456e+01,-1.620139633779999810e+00,-4.283041656019999643e-01,-2.879976749420000370e+00,3.232976198199999818e+00,0.000000000000000000e+00
9.880046568999999224e+00,-2.824422162830000005e+01,-1.786484539030000107e+01,-2.378495849240000126e+00,-5.386974334719999646e+00,-3.072680234909999974e+00,4.531888008120000144e+00,0.000000000000000000e+00
9.884912977999999129e+00,-3.649951546180000150e+01,4.777240822689999789e+01,-9.075180476289999021e+00,-9.507959365839999677e+00,-2.619003534319999993e+00,5.227679252619999772e+00,0.000000000000000000e+00
9.890095972999999319e+00,-3.454878588310000254e+01,4.334757284580000203e+01,-1.548952846339999923e+01,-9.566123962400000735e+00,-2.819817066190000165e+00,3.569550275799999728e+00,0.000000000000000000e+00
9.894954995999999170e+00,-3.422466615719999794e+01,1.175893089970000105e+01,-1.325586340220000103e+01,-9.584210395810000449e+00,6.644595265389999783e-01,2.390840768809999961e+00,0.000000000000000000e+00
9.899936169000000064e+00,-2.389094341690000078e+01,1.522194018749999955e+01,-2.192676749679999659e+01,-8.029968261719998779e+00,3.655539274219999690e+00,2.061707019809999597e+00,0.000000000000000000e+00
9.905047768999999391e+00,1.622617334390000110e+01,3.360824106280000478e+01,-2.182425872389999810e+01,-4.753848552700000063e+00,3.968050718309999780e+00,2.544691562649999739e+00,0.000000000000000000e+00
9.910076802000000740e+00,2.298637942599999917e+01,3.441771035650000243e+01,-1.725697302020000024e+01,-1.814630746840000253e+00,3.366819143299999872e+00,2.104761362080000087e+00,0.000000000000000000e+00
9.914813891999999740e+00,1.218344459829999948e+01,1.193357902609999854e+01,-1.467057822459999983e+01,-1.308252573010000086e+00,1.227371096609999990e+00,1.293394088749999948e+00,0.000000000000000000e+00
9.919888630000000873e+00,-7.448753578929999897e+00,-1.446208394279999965e+01,-8.783067415479999696e+00,-1.131068468090000056e+00,-5.883380174639999405e-01,1.187554359439999985e+00,0.000000000000000000e+00
9.925036072999999348e+00,-1.649199402560000038e+01,-1.563519599450000008e+01,-1.242170273480000020e+01,-1.532318115230000055e+00,-2.415371418000000325e+00,1.809447288509999918e+00,0.000000000000000000e+00
9.929827659000000750e+00,-7.932094144989999762e+00,6.778554224219999647e+00,-1.740412172979999994e+01,-2.770045518879999946e+00,-2.795917272570000112e+00,1.342366695399999976e+00,0.000000000000000000e+00
9.934968857999999514e+00,-3.572686344830000582e+00,2.114755539409999940e+01,-1.401482182130000176e+01,-2.933993101120000002e+00,-1.877088069920000102e+00,3.861037492750000188e-01,0.000000000000000000e+00
9.940077253000000113e+00,-2.191985727900000125e+00,1.610282987280000100e+01,-1.200369710290000036e+01,-2.081373214720000142e+00,-2.799768447880000011e-01,-1.006236791609999903e+00,0.000000000000000000e+00
9.945022502000000486e+00,-1.100461942959999995e+01,3.362321592909999879e+00,-1.107906998270000010e+01,-4.450350105759999786e-01,1.308252334589999899e+00,-3.060609102249999824e-01,0.000000000000000000e+00
9.949950515999999467e+00,-1.271361267420000107e+00,-6.818039408520000233e-01,-9.280856193610000915e+00,6.195937991140000323e-01,2.118418216709999857e+00,5.416408777240000472e-01,0.000000000000000000e+00
9.954932017999999161e+00,3.697117757270000360e-01,-2.306117426250000157e+00,-1.025161611950000129e+01,9.158568978309999942e-01,1.782465100290000048e+00,1.147497773170000013e+00,0.000000000000000000e+00
9.960048649999999171e+00,-1.742022384650000033e+00,1.512245441579999905e-01,-1.124337557880000027e+01,5.383430719380000173e-01,8.262262940410000089e-01,9.235346913339999020e-01,0.000000000000000000e+00
9.964948793999999666e+00,-2.443837797720000149e-01,-1.292492610520000085e+00,-1.156194585390000107e+01,-1.932132244109999869e-02,-1.613254249099999871e-01,3.383978009220000582e-01,0.000000000000000000e+00
9.970010464999999655e+00,-1.869715283109999737e-01,-1.631570397720000232e+00,-1.071045060530000015e+01,-5.622727870939999706e-01,-6.915934085850000690e-01,-5.804524943230000150e-02,0.000000000000000000e+00
9.975104965999999962e+00,-3.045698652490000047e+00,-1.608478714339999893e+00,-9.678603465800000194e+00,-7.613948583600000930e-01,-7.281585335729999775e-01,-1.641589999199999927e-01,0.000000000000000000e+00
9.979891612999999495e+00,-3.679601535930000722e+00,5.211826593289999865e-01,-9.435647526880000413e+00,-6.577836871150000153e-01,-6.504930853839999694e-01,-2.297713607550000148e-01,1.000000000000000000e+00
9.984883560000000102e+00,-3.189073396459999543e+00,1.407981130310000273e+00,-1.039085741690000120e+01,-3.615814149380000009e-01,-5.787667036060000214e-01,-1.233684122560000096e-01,1.000000000000000000e+00
9.989994289000000194e+00,-5.245990436429999626e+00,-9.369793098829999334e-01,-9.829521172499999793e+00,-8.806580305099999395e-02,-1.104029789570000059e-01,2.716062664989999931e-01,1.000000000000000000e+00
9.994912853000000652e+00,-3.253028274500000094e+00,-2.060182471510000113e+00,-8.655104467919999323e+00,-4.172172769900000383e-02,8.473413437599999765e-02,4.707471132280000026e-01,1.000000000000000000e+00
1.000000769400000067e+01,-3.328846608809999719e+00,-9.547537437649999958e-01,-8.969320054939998954e+00,-2.043218314649999923e-01,1.681742966180000132e-01,4.314706921580000465e-01,1.000000000000000000e+00
1.000490976999999937e+01,-3.271222102829999923e+00,-6.389499377059999485e-01,-8.912315142169999760e+00,-4.326071441170000198e-01,1.167695149780000052e-01,3.479251265530000081e-01,1.000000000000000000e+00
1.000994603300000030e+01,-2.945391481340000173e+00,-9.941142787729999597e-01,-9.393882853339999173e+00,-5.412915349010000154e-01,-7.184100151060000827e-02,2.821202278139999797e-01,1.000000000000000000e+00
1.001476346199999945e+01,-3.115029378340000044e+00,-7.650069785870000638e-01,-9.872935951329999682e+00,-4.907353222370000045e-01,-2.196513861419999991e-01,2.862819433209999875e-01,1.000000000000000000e+00
1.001985314200000055e+01,-3.490823761919999768e+00,-1.509019154740000035e-01,-1.036743562480000058e+01,-3.809643685820000014e-01,-2.450062483549999837e-01,3.321903347969999976e-01,1.000000000000000000e+00
1.002495432599999958e+01,-3.559530218399999946e+00,1.170356670340000071e-01,-1.036578493500000064e+01,-3.481219112870000409e-01,-1.837226450439999881e-01,3.712761998179999745e-01,1.000000000000000000e+00
1.002996424800000064e+01,-3.622411914250000198e+00,-2.409792320259999954e-01,-1.042343515990000036e+01,-3.147484064100000145e-01,-1.348201334479999791e-01,3.690485060209999779e-01,1.000000000000000000e+00
1.003486076699999963e+01,-3.002835370050000119e+00,-6.325048532199999407e-01,-1.049719363909999892e+01,-3.318614065650000167e-01,-1.500505059960000054e-01,3.256838917730000005e-01,1.000000000000000000e+00
1.003989661199999972e+01,-2.756830857209999763e+00,-3.764788587089999972e-01,-1.103005431509999923e+01,-3.744386136530000186e-01,-2.689532935619999843e-01,3.057020008560000224e-01,1.000000000000000000e+00
1.004502568600000068e+01,-2.565269005440000250e+00,2.112168935070000281e-02,-1.119773727869999824e+01,-4.281643331050000167e-01,-4.098421335219999961e-01,2.754194736480000127e-01,1.000000000000000000e+00
1.004996821299999965e+01,-2.433693274199999923e+00,-1.987834735920000206e-01,-1.140825985150000044e+01,-4.234111607069999672e-01,-5.620045661929999881e-01,2.372871935370000074e-01,1.000000000000000000e+00
1.005489256599999948e+01,-1.977901663190000159e+00,-8.592306650959999903e-01,-1.205653788180000063e+01,-3.625003099440000098e-01,-6.600216031069999767e-01,2.257498502730000134e-01,0.000000000000000000e+00
1.006004757900000079e+01,-1.632116195040000051e+00,-1.408779733339999840e+00,-1.244798517699999962e+01,-2.850803136829999640e-01,-7.656582593919999402e-01,2.354282587770000212e-01,0.000000000000000000e+00
1.006490174300000007e+01,-1.577741484639999969e+00,-1.204881693210000160e+00,-1.305468265819999907e+01,-2.455378770829999835e-01,-9.203942418100000689e-01,2.464115023609999844e-01,0.000000000000000000e+00
1.006996760800000068e+01,-1.081346206699999923e+00,-6.332604208269999591e-01,-1.442902338470000068e+01,-2.702529132370000142e-01,-1.101252436639999832e+00,2.477763295169999880e-01,0.000000000000000000e+00
1.007502201199999980e+01,-4.247326020080000042e-01,-3.463732049120000211e-01,-1.516790347690000118e+01,-3.368804752830000249e-01,-1.409817099570000121e+00,1.612157076599999850e-01,0.000000000000000000e+00
1.007994711999999993e+01,-3.817011964679999925e-01,-4.784424004890000526e-02,-1.528726635390000155e+01,-4.008482396599999942e-01,-1.757589459420000111e+00,8.534280210729999760e-02,0.000000000000000000e+00
1.008493911100000062e+01,-4.462260929460000192e-01,6.807704056869999520e-02,-1.525494112440000016e+01,-4.236209690569999742e-01,-2.135744333270000350e+00,1.324796210970000110e-02,0.000000000000000000e+00
1.009000879399999917e+01,-1.094383163729999997e-01,8.267277591639998757e-02,-1.564427712660000047e+01,-4.111047983169999753e-01,-2.528243780140000396e+00,-6.925550848249999170e-02,0.000000000000000000e+00
1.009510065499999953e+01,-1.874260306129999776e-01,4.135708642629999932e-01,-1.590135920599999864e+01,-3.772498071190000246e-01,-2.915951728820000088e+00,-1.115650236610000040e-01,0.000000000000000000e+00
1.009997479099999929e+01,-2.368628827479999852e-02,1.935966455390000007e+00,-1.583899422750000063e+01,-3.309881091119999952e-01,-3.290427923199999771e+00,-1.314184963699999986e-01,0.000000000000000000e+00
1.010499721499999914e+01,6.079721772480000119e-01,3.411535413409999773e+00,-1.557558528309999879e+01,-2.856099605559999643e-01,-3.658715963359999712e+00,-2.254180759189999828e-01,0.000000000000000000e+00
1.010998811800000041e+01,6.871336845080000533e-01,3.193154236029999815e+00,-1.525035964180000114e+01,-2.339375913139999930e-01,-4.003542423249999871e+00,-3.529729247089999911e-01,0.000000000000000000e+00
1.011495843900000047e+01,1.596940106109999979e-01,3.370347370709999790e+00,-1.501295373819999845e+01,-1.626282930369999935e-01,-4.319315910340000286e+00,-4.093254208560000440e-01,0.000000000000000000e+00
1.011977490599999996e+01,6.079277901169999332e-01,2.977258153470000224e+00,-1.451273977880000032e+01,-1.302766948939999836e-01,-4.608699798580000007e+00,-4.924167990680000107e-01,0.000000000000000000e+00
1.012492126200000087e+01,1.103623139630000027e+00,2.898437714730000003e+00,-1.424034907099999891e+01,-9.240627288819999730e-02,-4.877555847169999126e+00,-6.042159199709999928e-01,0.000000000000000000e+00
1.013000184400000059e+01,8.573854025550000646e-01,2.491233462889999917e+00,-1.365497728650000120e+01,-1.023849993940000036e-01,-5.106560707089999873e+00,-6.456145048139999565e-01,0.000000000000000000e+00
1.013493026299999933e+01,1.588433266789999854e+00,2.043712252100000182e+00,-1.345589848319999859e+01,-9.609150886539999381e-02,-5.306026458739999896e+00,-5.950021743769999816e-01,0.000000000000000000e+00
1.014004747499999937e+01,1.877084204440000015e+00,1.365619513790000017e+00,-1.304839904790000027e+01,-1.424750387670000173e-01,-5.501158237459999434e+00,-5.027593374250000080e-01,0.000000000000000000e+00
1.014500073499999999e+01,1.728998944690000039e+00,9.372381800139999442e-01,-1.269985799740000054e+01,-1.939158737660000020e-01,-5.745998382569999841e+00,-3.738292455669999792e-01,0.000000000000000000e+00
1.014998424300000046e+01,1.838032296990000036e+00,-3.487167358300000686e-01,-1.224277707719999952e+01,-3.109763860699999438e-01,-6.003465652470000080e+00,-2.066227644680000142e-01,0.000000000000000000e+00
1.015496615500000033e+01,1.829863457450000119e+00,-1.794623071109999746e+00,-1.206762626200000099e+01,-4.954268336300000630e-01,-6.344593524930000505e+00,-3.065729700029999963e-02,0.000000000000000000e+00
1.016001205100000071e+01,1.436781400599999925e+00,-3.873168882309999894e+00,-1.122984155890000046e+01,-7.881047725679999338e-01,-6.743861675259999799e+00,1.387134939430000047e-01,0.000000000000000000e+00
1.016481096599999923e+01,-2.630896310199999921e-01,-5.286389082320000377e+00,-1.101643729319999920e+01,-1.156208038329999965e+00,-7.102272987370000124e+00,3.112405538560000240e-01,0.000000000000000000e+00
1.016982872500000035e+01,-3.444896415740000162e+00,-3.853205706209999803e+00,-1.230725217970000074e+01,-1.615405678749999963e+00,-7.474290847779999858e+00,4.101217389109999556e-01,0.000000000000000000e+00
1.017496773799999943e+01,-7.372613757579999927e+00,-2.367962326399999817e+00,-1.415226162230000106e+01,-2.118872642519999960e+00,-7.810879230499999437e+00,3.423723280430000515e-01,0.000000000000000000e+00
1.017977566000000067e+01,-1.227105507719999977e+01,-1.014878103729999870e+00,-1.597798885670000146e+01,-2.450318336490000082e+00,-7.956425189970000034e+00,1.148041859270000076e-01,0.000000000000000000e+00
1.018480978600000064e+01,-1.609775388479999947e+01,-2.962855607170000183e-01,-1.662586473589999869e+01,-2.522995471949999846e+00,-7.869476318360001166e+00,-1.724030077459999810e-01,0.000000000000000000e+00
1.019013945700000079e+01,-1.906571755570000093e+01,7.805170477349999691e-01,-1.642649600980000102e+01,-2.434576272959999788e+00,-7.489837169650000348e+00,-3.089138567449999928e-01,0.000000000000000000e+00
1.019497129600000029e+01,-1.677736462640000070e+01,1.087921055040000029e+00,-1.690543921769999969e+01,-2.401003599170000058e+00,-6.975974082949999655e+00,-2.896655201910000033e-01,0.000000000000000000e+00
1.019999975800000058e+01,-1.549519131150000106e+01,-7.171441343029999471e-01,-1.635787664709999945e+01,-2.557003974909999755e+00,-6.444952011109999823e+00,-2.576468139890000092e-02,0.000000000000000000e+00
1.020494242400000040e+01,-1.304925244980000087e+01,-2.034397019000000029e+00,-1.708113597630000058e+01,-2.928911924359999919e+00,-5.983001708979999833e+00,1.808476895089999870e-01,0.000000000000000000e+00
1.020999302100000072e+01,-1.153648524940000009e+01,-3.249133897410000138e+00,-1.581639310410000121e+01,-3.487918376919999730e+00,-5.795954227450000218e+00,3.728766441350000460e-01,0.000000000000000000e+00
1.021488507299999959e+01,-1.152168983130000157e+01,-4.305269967260000108e+00,-1.652662577849999792e+01,-3.990946531300000100e+00,-5.680024623869999623e+00,3.488246798520000524e-01,0.000000000000000000e+00
1.021996001800000009e+01,-1.367482998799999905e+01,-5.122658655799999572e+00,-1.836120267440000120e+01,-4.419716358180000526e+00,-5.494257926940000480e+00,2.063193321229999933e-01,0.000000000000000000e+00
1.022503737299999926e+01,-1.828450872630000035e+01,-2.831264459169999803e+00,-2.191793186389999804e+01,-4.607159614559999561e+00,-5.070387840269999558e+00,-3.718562126160000481e-01,0.000000000000000000e+00
1.022994395099999920e+01,-1.511749781630000200e+01,-3.117147393409999800e+00,-1.849730275119999945e+01,-4.658600330350000540e+00,-4.504927635189999613e+00,-6.973580121989999547e-01,0.000000000000000000e+00
1.023493266700000071e+01,-6.565072217059999993e+00,-3.409220706729999772e+00,-1.852750149010000058e+01,-4.733435630799999849e+00,-3.934273004530000062e+00,-7.914037704469999435e-01,0.000000000000000000e+00
1.024007132100000028e+01,-1.015540001700000028e+00,-4.596515597579999834e+00,-1.884704324049999968e+01,-4.808964729309999520e+00,-3.573470354080000355e+00,-7.145348191259999204e-01,0.000000000000000000e+00
1.024492443299999955e+01,2.004508953479999800e+00,-3.683834351200000246e+00,-1.611100616499999916e+01,-4.856918811799999958e+00,-3.331922769549999774e+00,-7.316748499869999423e-01,0.000000000000000000e+00
1.024998983999999957e+01,5.582980749839999923e+00,-2.791329119939999770e-01,-1.184300151410000090e+01,-4.676915645600000282e+00,-3.229464530940000522e+00,-9.382405281069999825e-01,0.000000000000000000e+00
1.025496886600000046e+01,1.503306012220000021e+01,1.491551686180000003e+00,-4.598352457619999889e+00,-4.264805316930000423e+00,-2.785428047179999922e+00,-1.062893748280000050e+00,0.000000000000000000e+00
1.025998729900000050e+01,1.163348081180000015e+01,4.748311548419999362e+00,-4.792028232809999899e+00,-3.656491994860000094e+00,-2.365734100340000090e+00,-9.062579870220000000e-01,0.000000000000000000e+00
1.026489721799999977e+01,-7.547568757949999707e+00,7.006986547760000406e+00,-1.993005007390000216e+01,-2.965359926219999664e+00,-3.164569139480000182e+00,-9.513403177259999177e-01,0.000000000000000000e+00
1.026997307799999959e+01,-1.181952126980000095e+01,-8.528872143530000227e-02,-2.597974641820000130e+01,-2.045362949369999850e+00,-2.941220521930000054e+00,-4.509023427959999997e-01,0.000000000000000000e+00
1.027502879899999932e+01,-5.019225753849999805e+00,-2.078769244690000129e+00,-2.610136905690000120e+01,-1.212414145470000149e+00,-2.574158191680000041e+00,-4.721746966240000093e-02,0.000000000000000000e+00
1.028008462799999911e+01,2.395107303759999862e-01,5.561467860080000492e-01,-2.414167525059999875e+01,-6.415286064150000911e-01,-1.400166869159999994e+00,1.910657435660000070e-01,0.000000000000000000e+00
1.028493550199999973e+01,-1.523543592120000234e+00,-2.674386675020000048e+00,-2.199038919730000075e+01,-6.312070488930000556e-01,1.886172890659999768e-01,4.018500149249999986e-01,0.000000000000000000e+00
1.029011562600000040e+01,3.478811544830000546e+00,-7.046707148250000330e+00,-1.969736360010000098e+01,-7.412170767779999725e-01,1.209183096889999920e+00,5.307977199550000247e-01,0.000000000000000000e+00
1.029493885099999950e+01,6.341203255920000004e+00,-1.033287985970000022e+01,-1.879635584040000040e+01,-9.774245023729999371e-01,1.806545734409999771e+00,9.496427178380000278e-01,0.000000000000000000e+00
1.030003969200000036e+01,7.308073773130001172e+00,-1.080415063329999903e+01,-1.782053980010000060e+01,-1.105206489560000005e+00,1.966215729709999804e+00,1.442366123200000017e+00,0.000000000000000000e+00
1.030492824100000071e+01,7.390856101239999809e+00,-9.306651144610000870e+00,-1.718822506269999906e+01,-1.173318624500000018e+00,1.807550191879999879e+00,1.662771105770000313e+00,0.000000000000000000e+00
1.031000917499999936e+01,7.349439218220000569e+00,-7.984151079970000175e+00,-1.642089044489999949e+01,-1.313369870189999844e+00,1.771476507190000049e+00,1.690553545950000069e+00,0.000000000000000000e+00
1.031477732799999991e+01,6.606009792130000946e+00,-8.383912614590000700e+00,-1.496405263689999998e+01,-1.541837811470000208e+00,1.914479613300000160e+00,1.706105947489999775e+00,0.000000000000000000e+00
1.031992601600000015e+01,3.435930142209999705e+00,-8.661295723769999455e+00,-1.284884561279999993e+01,-1.666138052940000058e+00,2.254609823230000032e+00,1.750284552569999930e+00,0.000000000000000000e+00
1.032505133299999933e+01,4.651155827050000191e+00,-8.084193170429999853e+00,-1.353546711000000080e+01,-1.624444127080000078e+00,2.711210489269999968e+00,1.831820249559999780e+00,0.000000000000000000e+00
1.032995157899999938e+01,3.351456207759999639e+00,-8.087970350880000936e+00,-1.239650282710000084e+01,-1.489571690560000050e+00,3.205492496489999787e+00,1.993815302849999860e+00,0.000000000000000000e+00
1.033488754999999948e+01,4.139073442890000010e+00,-8.162666987689998876e+00,-1.185344575119999888e+01,-1.360466122629999886e+00,3.560102939609999684e+00,2.063961267470000305e+00,0.000000000000000000e+00
1.034005321599999938e+01,3.969569109140000496e+00,-8.699289062080000079e+00,-1.150179855140000029e+01,-1.189640521999999923e+00,3.782030582430000454e+00,2.010044097899999826e+00,0.000000000000000000e+00
1.034495333899999991e+01,3.679603289499999708e+00,-9.246116304139999187e+00,-1.108053479460000013e+01,-1.025253891939999829e+00,3.950773715969999600e+00,1.906096816059999810e+00,0.000000000000000000e+00
1.034998282199999942e+01,3.459391389559999919e+00,-9.939280354860001054e+00,-1.035626774960000063e+01,-8.424978256230000184e-01,4.068078994750000454e+00,1.754348158840000060e+00,0.000000000000000000e+00
1.035497659199999987e+01,3.074004124990000086e+00,-1.086179852010000069e+01,-9.952268431249999381e+00,-6.732627749439999976e-01,4.204643249510000125e+00,1.552743434909999998e+00,0.000000000000000000e+00
1.035989466500000056e+01,2.140549409040000128e+00,-1.193407002450000043e+01,-9.838445652709999933e+00,-5.851742029190000194e-01,4.363463878630000181e+00,1.375623106960000008e+00,0.000000000000000000e+00
1.036492577599999976e+01,1.124077094920000075e+00,-1.273757251869999862e+01,-9.687667062219999181e+00,-5.302157998090000213e-01,4.615287780760000125e+00,1.152034401889999948e+00,0.000000000000000000e+00
1.036991790199999919e+01,3.638745574739999933e-01,-1.277810794280000017e+01,-9.524859011240000228e+00,-5.154595971109999786e-01,4.861554622649999935e+00,8.613639473919999512e-01,0.000000000000000000e+00
1.037506706699999981e+01,-1.934245769079999955e-01,-1.259091831469999967e+01,-9.088572457299999741e+00,-5.317658185960000283e-01,5.066417694090000090e+00,4.897513091560000142e-01,0.000000000000000000e+00
1.037990758399999969e+01,-8.357847614480000686e-01,-1.267248016109999931e+01,-8.774911581559999618e+00,-5.387647151950000213e-01,5.287941455839999527e+00,9.198120981450000344e-02,0.000000000000000000e+00
1.038479995800000033e+01,-1.600373733819999922e+00,-1.243389352330000008e+01,-8.466453535150000320e+00,-4.456037282940000233e-01,5.494885444639999506e+00,-2.983567416669999917e-01,0.000000000000000000e+00
1.039001056100000042e+01,-1.803181494489999981e+00,-1.202350771880000124e+01,-8.407636019999999988e+00,-3.127809762950000128e-01,5.685816764830000203e+00,-6.691131591800000278e-01,0.000000000000000000e+00
1.039507001299999978e+01,-2.441328445249999923e+00,-1.140776534599999970e+01,-8.557340259260001858e+00,-1.455752849579999841e-01,5.849282741549999720e+00,-9.942455887790000446e-01,0.000000000000000000e+00
1.039994575499999918e+01,-3.053600803909999772e+00,-1.060442417970000051e+01,-8.511111007520000271e+00,5.453256145119999426e-02,6.023335933689999422e+00,-1.332962036129999861e+00,0.000000000000000000e+00
1.040494826499999981e+01,-3.840532979390000268e+00,-1.002323640290000029e+01,-8.312949903610000746e+00,3.142502605920000081e-01,6.142523288730000530e+00,-1.618052840230000067e+00,0.000000000000000000e+00
1.041005086999999918e+01,-4.326239397790000218e+00,-9.837992063719999791e+00,-8.265034890749999974e+00,6.104347109790000392e-01,6.255052566529999858e+00,-1.869799971579999998e+00,0.000000000000000000e+00
1.041491473800000023e+01,-4.364369221959999656e+00,-9.898439810430000207e+00,-8.406883155810000119e+00,9.363728165629999767e-01,6.352600097659999889e+00,-2.116469621659999856e+00,0.000000000000000000e+00
1.041996972799999988e+01,-4.754254382470000095e+00,-1.011632268289999992e+01,-8.697996684179999605e+00,1.250218510629999891e+00,6.366903781890000502e+00,-2.308727264399999868e+00,0.000000000000000000e+00
1.042496758100000065e+01,-5.553020495859999350e+00,-1.043597666159999982e+01,-9.004362142219999754e+00,1.520618319510000038e+00,6.357489585880000682e+00,-2.503273248670000228e+00,0.000000000000000000e+00
1.042986358399999958e+01,-6.424902114349999138e+00,-1.081476905789999954e+01,-9.310003962170000591e+00,1.739124298100000132e+00,6.299409866330000440e+00,-2.714035987850000442e+00,0.000000000000000000e+00
1.043495708200000038e+01,-7.206580314820000055e+00,-1.145721940500000002e+01,-9.692278939930000448e+00,1.883091807370000259e+00,6.234601974490000309e+00,-2.970865726470000023e+00,0.000000000000000000e+00
1.043995318700000041e+01,-8.146509633610000023e+00,-1.241171793190000017e+01,-1.014531613770000007e+01,1.978972196580000009e+00,6.169007778169999234e+00,-3.231331825259999846e+00,0.000000000000000000e+00
1.044492295400000081e+01,-9.130497289839999198e+00,-1.316438689549999985e+01,-1.068885602860000006e+01,1.993871688840000100e+00,6.105424880980000246e+00,-3.522661447529999990e+00,0.000000000000000000e+00
1.045003781700000012e+01,-1.014849944390000047e+01,-1.362638715190000127e+01,-1.130393087749999914e+01,1.933959484100000070e+00,6.008990764620000036e+00,-3.812485218049999958e+00,0.000000000000000000e+00
1.045491758100000013e+01,-1.110356378799999888e+01,-1.377556064520000056e+01,-1.207805062539999952e+01,1.853955268859999839e+00,5.950931072239999509e+00,-4.154051303860000210e+00,0.000000000000000000e+00
1.045996635400000052e+01,-1.204152619059999907e+01,-1.381055363269999958e+01,-1.268126318700000077e+01,1.747881174089999989e+00,5.835501193999999892e+00,-4.515892505650000111e+00,0.000000000000000000e+00
1.046490945000000039e+01,-1.330987906999999915e+01,-1.339049749810000023e+01,-1.306371352140000042e+01,1.651999115939999818e+00,5.738814830780000875e+00,-4.888432502749999742e+00,0.000000000000000000e+00
1.047006699399999974e+01,-1.471890415640000072e+01,-1.293440792700000053e+01,-1.304344230220000078e+01,1.633917331699999975e+00,5.632700443270000079e+00,-5.255390167240000743e+00,0.000000000000000000e+00
1.047486885300000026e+01,-1.618910062759999846e+01,-1.271707801230000001e+01,-1.295656130660000116e+01,1.668331861500000013e+00,5.477651596070000295e+00,-5.555946350100000153e+00,0.000000000000000000e+00
1.047997173799999970e+01,-1.764678833039999972e+01,-1.275634034760000013e+01,-1.255871466570000017e+01,1.780824184420000122e+00,5.258392333979999833e+00,-5.803274154659999517e+00,0.000000000000000000e+00
1.048493739599999941e+01,-1.856448302099999736e+01,-1.080537462210000044e+01,-1.217260522439999981e+01,1.918163776399999909e+00,5.006081581120000124e+00,-5.988496303559999845e+00,0.000000000000000000e+00
1.049007326899999981e+01,-1.924924573859999910e+01,-8.166094039529999904e+00,-1.127533606660000132e+01,2.092252492899999705e+00,4.654928207400000240e+00,-6.223841190340000828e+00,0.000000000000000000e+00
1.049500235000000004e+01,-1.975350575849999757e+01,-7.569587113010000756e+00,-1.074712233960000063e+01,2.302065849299999911e+00,4.221110343930000397e+00,-6.483587741849999198e+00,0.000000000000000000e+00
1.049994976600000030e+01,-2.112503727289999844e+01,-7.235327101350000234e+00,-1.025904071649999949e+01,2.610581636430000074e+00,3.643302202219999231e+00,-6.643774509430000919e+00,0.000000000000000000e+00
1.050497315099999973e+01,-2.305961066649999935e+01,-6.924606955229999805e+00,-1.017466498169999944e+01,2.921917200090000222e+00,2.999428749079999790e+00,-6.783569812769999707e+00,0.000000000000000000e+00
1.051008998500000047e+01,-2.620378196809999949e+01,-7.138403435169999867e+00,-1.039834280420000034e+01,3.137711286540000533e+00,2.229983806609999952e+00,-6.849382400509999691e+00,0.000000000000000000e+00
1.051492794600000025e+01,-2.980886982260000195e+01,-8.663521583130000536e+00,-9.959910470429999663e+00,3.161032915120000286e+00,1.548930406570000029e+00,-6.895475387569999448e+00,0.000000000000000000e+00
1.051993977100000066e+01,-3.292327259350000190e+01,-1.050035940959999969e+01,-8.208412839819999363e+00,2.896237850189999907e+00,9.668261408810000512e-01,-6.894344806669999492e+00,0.000000000000000000e+00
1.052507615799999918e+01,-3.519683594989999875e+01,-1.179249531570000009e+01,-6.378968046169999795e+00,2.367790937420000130e+00,5.213456749920000188e-01,-6.827238559719999600e+00,0.000000000000000000e+00
1.053002946900000047e+01,-3.757118257049999954e+01,-1.291890874459999949e+01,-5.039660639119999175e+00,1.640944838520000060e+00,2.510049641129999953e-01,-6.627841949459999604e+00,0.000000000000000000e+00
1.053488314199999998e+01,-4.042676840099999680e+01,-1.295231417059999934e+01,-3.195264944570000321e+00,8.526688814159999463e-01,5.900724977250000614e-02,-6.265733242030000483e+00,0.000000000000000000e+00
1.053995439000000012e+01,-4.232381782729999742e+01,-1.123002276069999894e+01,-1.339375065460000069e+00,1.870694607499999995e-01,-2.008084021509999942e-02,-5.721180915830000657e+00,0.000000000000000000e+00
1.054508629799999930e+01,-4.311779962899999674e+01,-7.577249610469999119e+00,1.583861428829999918e+00,-3.362867534160000060e-01,2.351624704899999904e-02,-5.086115360259999996e+00,0.000000000000000000e+00
1.054999061500000046e+01,-4.213739275390000216e+01,-2.516529816709999867e+00,4.525359409860000071e+00,-6.357860565189999980e-01,1.624259948729999958e-01,-4.505067348480000788e+00,0.000000000000000000e+00
1.055495714399999940e+01,-3.948188642819999927e+01,2.475808806999999945e+00,7.264813892600000322e+00,-5.911287069320000365e-01,3.281122744080000042e-01,-3.976777791980000032e+00,0.000000000000000000e+00
1.056002701799999954e+01,-3.653204761199999950e+01,6.294365516900001012e+00,9.287581702480000700e+00,-1.829147785900000212e-01,3.781684637070000243e-01,-3.543396472930000485e+00,0.000000000000000000e+00
1.056494294400000022e+01,-3.403456093399999816e+01,8.861189350560001898e+00,1.070327384560000006e+01,5.457157492640000163e-01,2.124045342210000020e-01,-2.988252162929999844e+00,0.000000000000000000e+00
1.056997390000000081e+01,-3.109516635499999992e+01,9.506588610539999706e+00,1.205601064299999869e+01,1.445060253140000084e+00,-2.018937915560000129e-01,-2.383575677870000131e+00,0.000000000000000000e+00
1.057502447899999964e+01,-2.823868503699999977e+01,8.624075707919999445e+00,1.343102590780000050e+01,2.242847442630000021e+00,-7.302622795100000008e-01,-1.737353801729999869e+00,0.000000000000000000e+00
1.057996830199999927e+01,-2.680338686070000165e+01,6.864627995090000212e+00,1.401278417799999865e+01,2.830343246459999573e+00,-1.341529846190000042e+00,-1.087062358860000133e+00,0.000000000000000000e+00
1.058492079500000038e+01,-2.615329798159999797e+01,4.857807111409999656e+00,1.394988845359999807e+01,3.078954696659999879e+00,-1.858248829840000171e+00,-4.858863353729999668e-01,0.000000000000000000e+00
1.058996965999999951e+01,-2.604424723969999889e+01,3.253243378550000120e+00,1.324366676839999890e+01,3.045784235000000173e+00,-2.285362243650000291e+00,3.354631736870000019e-02,0.000000000000000000e+00
1.059494844900000032e+01,-2.530068395809999870e+01,2.894357751939999890e+00,1.228791853369999920e+01,2.754573345179999855e+00,-2.532145023350000024e+00,4.791619479659999792e-01,0.000000000000000000e+00
1.059988556300000084e+01,-3.678652038579999584e+01,-1.790048953519999841e+01,-3.443755721269999626e+00,1.691413998600000079e+00,-2.583158731460000190e+00,1.038910508160000079e+00,0.000000000000000000e+00
1.060506970700000018e+01,-5.944018995220000079e+01,-3.155790895420000197e+01,1.865464493790000011e+00,3.312249779700000007e-01,-3.735944032669999526e+00,3.896977186199999998e+00,0.000000000000000000e+00
1.060998347099999961e+01,-3.605858955760000129e+01,-7.367599728810000137e+00,2.015600986989999899e-01,-2.460690259929999790e+00,-3.966055870059999933e+00,6.506718158720000034e+00,0.000000000000000000e+00
1.061491460300000078e+01,-4.407635941399999524e+01,2.413424948449999974e+01,-6.397375809520000622e+00,-4.767327785490000025e+00,-2.784108638759999810e+00,6.209048748019998953e+00,0.000000000000000000e+00
1.061996476600000072e+01,-5.698487068320000049e+01,1.661951215200000220e+01,-5.405144056560000188e+00,-6.704296588900000131e+00,-1.066446185110000000e+00,4.191112518309999757e+00,0.000000000000000000e+00
1.062506485499999975e+01,-4.515882381109999955e+01,1.494339563330000065e+00,-1.091155769950000121e+01,-6.399899482730000422e+00,1.801597714419999940e+00,1.718547463419999977e+00,0.000000000000000000e+00
1.062998812100000023e+01,-3.717456927080000501e-02,2.244490406640000213e+00,-2.291341005139999965e+01,-5.037817955019999516e+00,4.532409191130000181e+00,8.016539812089999995e-01,0.000000000000000000e+00
1.063498519600000058e+01,8.415047173039999606e+00,2.033366711489999901e+01,-2.692463072909999866e+01,-3.710613250730000257e+00,6.692079544069999386e+00,8.227705210449999529e-02,0.000000000000000000e+00
1.063997807099999982e+01,2.639635387369999719e+01,6.318116979369999164e+00,-1.709190053140000032e+01,-2.278915166850000062e+00,6.561322212220000338e+00,-3.803935600439999846e-03,0.000000000000000000e+00
1.064499108699999930e+01,1.863545683789999785e+01,-1.175077331219999976e+01,-1.419899882349999842e+01,-1.288352608679999900e+00,4.104256629940000067e+00,5.391017198559999724e-01,0.000000000000000000e+00
1.064992043900000063e+01,7.626459923839999711e+00,-1.985130328500000019e+01,-5.978967442100000085e+00,-1.001798629760000114e+00,9.558728337289998933e-01,1.237425088880000024e+00,0.000000000000000000e+00
1.065496143400000051e+01,-1.052766125810000020e+01,-1.782894171779999937e+01,-4.270210052059999484e+00,-1.735435366629999976e+00,-6.011403203010000640e-01,2.801156044009999846e+00,0.000000000000000000e+00
1.066007397599999962e+01,-8.256560492389999339e+00,-6.939795172010001068e+00,-1.010217257700000104e+01,-3.326440572739999713e+00,-2.363267183300000074e+00,2.912396907809999380e+00,0.000000000000000000e+00
1.066495340400000025e+01,-2.145924233950000204e+00,9.898245749160000884e+00,-1.232549744599999819e+01,-4.280886650090000245e+00,-2.960160493849999686e+00,1.584725499149999939e+00,0.000000000000000000e+00
1.067000044999999986e+01,-8.347379996480000841e+00,1.348502170190000093e+01,-1.245668870799999972e+01,-4.393945217130000636e+00,-2.372795343399999979e+00,9.384617209430000384e-02,0.000000000000000000e+00
1.067505348499999940e+01,-6.436937420060000470e+00,1.324748135829999995e+01,-1.157432252029999908e+01,-3.690288066859999994e+00,-9.243798851970000952e-01,-1.382923722269999933e+00,0.000000000000000000e+00
1.068002624100000020e+01,-1.336719027220000022e+01,1.263257134460000053e+01,-1.073325163520000025e+01,-2.156423091890000254e+00,1.102364540099999957e+00,-7.002559900279999860e-01,0.000000000000000000e+00
1.068491765799999982e+01,-7.578285383250000784e+00,1.241009529909999998e+01,-1.147677867640000038e+01,-1.099180817599999971e+00,1.762082099909999977e+00,5.336377620699999103e-01,0.000000000000000000e+00
1.069007655100000065e+01,-1.172712677140000048e+00,5.653122792080000458e+00,-1.159444293279999982e+01,-2.365171462300000305e-01,1.888311266899999952e+00,1.024668216710000079e+00,0.000000000000000000e+00
1.069506547199999957e+01,-4.531075595549999835e-01,3.447133965540000400e+00,-1.165039336809999959e+01,2.330067306760000012e-01,1.142569541929999932e+00,6.634449958799999436e-01,1.000000000000000000e+00
1.069989647499999919e+01,-1.215677739450000017e+00,1.723363715279999875e+00,-1.220456805029999892e+01,1.223026067019999941e-01,2.707768678670000040e-01,2.012269347910000117e-01,1.000000000000000000e+00
1.070488071099999949e+01,-1.582131609359999913e-01,-4.531876755870000162e-01,-1.227846681479999980e+01,-2.466200441120000308e-01,-3.419739007949999521e-01,-6.876850873230000438e-02,1.000000000000000000e+00
1.071007066299999977e+01,-5.276502479079999697e-01,-6.482861405229999319e-01,-1.202411912869999888e+01,-2.781847715379999753e-01,-7.365044355390000241e-01,-1.689476072789999894e-01,1.000000000000000000e+00
1.071487895399999957e+01,-2.135199134050000058e+00,7.650446071840000251e-01,-1.147236202900000102e+01,-6.045641377569999780e-02,-8.569430112839999669e-01,-1.585983186959999958e-01,1.000000000000000000e+00
1.071994674199999942e+01,-2.772636329110000020e+00,2.974617831560000258e-01,-1.074262502819999909e+01,2.074423432349999930e-01,-8.590106964110000298e-01,-9.264140576120000192e-02,1.000000000000000000e+00
1.072493964300000080e+01,-4.318196961109999954e+00,-8.890868011120000025e-01,-1.040877418190000014e+01,4.048756659030000038e-01,-6.518371701239999982e-01,7.839149236680000021e-02,1.000000000000000000e+00
1.072987270600000009e+01,-3.805744866860000020e+00,-1.352178140669999973e+00,-9.996038599389999391e+00,4.830074608330000019e-01,-4.701929092409999900e-01,2.130564898250000283e-01,1.000000000000000000e+00
1.073495392200000076e+01,-3.234251093309999714e+00,-3.134772628079999374e-02,-1.038706153179999880e+01,3.722349405290000246e-01,-4.701029062269999614e-01,1.772632598880000132e-01,0.000000000000000000e+00
1.073995749100000019e+01,-2.861336356819999871e+00,4.550129913180000485e-01,-1.029438324809999905e+01,2.432921975849999807e-01,-6.073641777039999745e-01,8.493400365110000128e-02,0.000000000000000000e+00
1.074496624400000044e+01,-2.736936362429999825e+00,-1.543623307270000078e-01,-1.040577909169999948e+01,2.691984176639999893e-01,-8.082377314569999527e-01,1.471260655669999994e-02,0.000000000000000000e+00
1.074990014900000013e+01,-2.931567538649999971e+00,-4.939697678300000172e-01,-1.087322943020000032e+01,3.999012112619999559e-01,-9.315870404239999791e-01,6.254812330009999755e-02,0.000000000000000000e+00
1.075492084000000048e+01,-2.997304039409999898e+00,-7.272078476780000633e-01,-1.119142093510000002e+01,5.129542946819999338e-01,-1.004358172420000139e+00,1.049555689100000050e-01,0.000000000000000000e+00
1.075983197899999944e+01,-2.869284977740000020e+00,-8.552966866480000707e-01,-1.167189675940000093e+01,5.429282784460000011e-01,-1.028969049449999895e+00,1.139537692070000108e-01,0.000000000000000000e+00
1.076503388599999944e+01,-2.611464354900000284e+00,-7.316534289100000699e-01,-1.225223113430000055e+01,4.789318144320000026e-01,-1.079513072969999987e+00,1.321586966509999961e-01,0.000000000000000000e+00
1.076997109500000072e+01,-2.208192035679999776e+00,-3.147403780790000161e-01,-1.203986147230000014e+01,4.147624969479999923e-01,-1.206505417820000092e+00,1.226420328020000061e-01,0.000000000000000000e+00
1.077505399900000072e+01,-2.124032135609999816e+00,-1.837429947179999856e-01,-1.213218319759999986e+01,4.125830531119999978e-01,-1.395036697389999913e+00,1.055461466310000096e-01,0.000000000000000000e+00
1.077993533499999934e+01,-1.803110475079999775e+00,-7.040649455640000109e-01,-1.220256547829999860e+01,4.428195953369999938e-01,-1.611622214320000079e+00,7.609674334530000528e-02,0.000000000000000000e+00
1.078506247800000040e+01,-1.912345633569999981e+00,-1.194188157499999958e+00,-1.211380466029999958e+01,4.947334229950000606e-01,-1.819251060490000294e+00,5.406965315340000328e-02,0.000000000000000000e+00
1.078999234499999993e+01,-1.716808886809999990e+00,-2.059453280459999647e+00,-1.233768823449999985e+01,4.977708756920000144e-01,-2.031988382340000232e+00,7.303524017330000062e-02,0.000000000000000000e+00
1.079500378000000005e+01,-1.641973572189999730e+00,-2.434839083229999979e+00,-1.278110186390000180e+01,4.296014010909999792e-01,-2.200489282609999986e+00,1.193405315279999906e-01,0.000000000000000000e+00
1.079994819600000078e+01,-1.435099000470000163e+00,-2.110171368040000051e+00,-1.326566817229999984e+01,3.113059103489999591e-01,-2.421885490419999787e+00,1.542861908669999893e-01,0.000000000000000000e+00
1.080492960700000005e+01,-9.775547005729999794e-01,-1.783856470170000152e+00,-1.387964879619999969e+01,2.039921432729999984e-01,-2.610685586929999857e+00,1.637264043090000121e-01,0.000000000000000000e+00
1.080998687399999980e+01,-2.997424231720000054e-01,-1.253944414810000074e+00,-1.409094644510000016e+01,1.146348267789999986e-01,-2.885370969769999849e+00,1.677878052000000009e-01,0.000000000000000000e+00
1.081491567700000012e+01,-1.129963376479999893e-01,-2.427695495089999822e-01,-1.390383631200000103e+01,5.769392848009999991e-02,-3.172571659090000384e+00,1.287518739699999859e-01,0.000000000000000000e+00
1.081987827799999913e+01,2.307149180449999948e-01,8.962922755109999917e-01,-1.360819332349999833e+01,3.093017451470000262e-02,-3.499565601350000055e+00,1.475551445039999937e-02,0.000000000000000000e+00
1.082501824899999932e+01,1.191337992239999977e-01,1.478736920530000054e+00,-1.355478906559999963e+01,-1.033062767239999874e-02,-3.854442358020000015e+00,-7.614293694500000320e-02,0.000000000000000000e+00
1.082998810299999981e+01,1.408782875140000002e-01,1.811525982859999884e+00,-1.317414958009999992e+01,-1.367003656919999963e-02,-4.152017116549999720e+00,-1.676353514189999894e-01,0.000000000000000000e+00
1.083494893399999981e+01,3.451324841350000283e-01,1.418643686360000045e+00,-1.350450147839999993e+01,5.585483089090000075e-02,-4.468132972719999430e+00,-1.992660462860000037e-01,0.000000000000000000e+00
1.083999605200000005e+01,1.189753755249999961e-01,1.009493926470000247e+00,-1.299731417279999945e+01,9.725514054300000988e-02,-4.739234924319999820e+00,-1.599663794040000198e-01,0.000000000000000000e+00
1.084484601900000023e+01,1.148686617249999875e-01,9.719725165260000299e-01,-1.214854981049999871e+01,1.434861123560000062e-01,-5.013973236080000007e+00,-1.531790941950000040e-01,0.000000000000000000e+00
1.084982900800000039e+01,-1.054523885419999946e-01,3.899147519310000032e-01,-1.174937513589999938e+01,1.416871249680000111e-01,-5.257892131810000258e+00,-1.485186219219999937e-01,0.000000000000000000e+00
1.085494818299999942e+01,-1.162464620179999991e-01,-8.278142940260000415e-01,-1.117684880440000050e+01,9.719307720660000371e-02,-5.532616138459999888e+00,-1.341778635979999912e-01,0.000000000000000000e+00
1.085994258899999920e+01,-1.651885163740000051e-01,-1.558893137919999949e+00,-1.062421375279999936e+01,2.604719065130000136e-02,-5.805387496950000781e+00,-1.363706886770000015e-01,0.000000000000000000e+00
1.086494901900000087e+01,-8.340296614090000338e-01,-1.998471573010000002e+00,-1.021652493240000048e+01,-1.108251959090000016e-01,-6.050354957579999748e+00,-1.973095089200000152e-01,0.000000000000000000e+00
1.087008505700000072e+01,-2.620437350430000034e+00,-2.109950564900000103e+00,-9.971583372570000492e+00,-2.944340407849999619e-01,-6.302733898159999626e+00,-2.560753524300000139e-01,0.000000000000000000e+00
1.087504620900000063e+01,-4.956465054040000595e+00,-3.232554226270000441e+00,-9.947767612699999873e+00,-5.379248857500000813e-01,-6.544350624079999790e+00,-2.913377285000000039e-01,0.000000000000000000e+00
1.087997825699999943e+01,-7.708424505820000050e+00,-4.227194501669999660e+00,-1.062006014029999967e+01,-7.817891836170000053e-01,-6.653415679930000159e+00,-2.093033492570000043e-01,0.000000000000000000e+00
1.088495186599999975e+01,-1.236876258720000088e+01,-3.536045005650000128e+00,-1.210023673819999956e+01,-1.087272763250000107e+00,-6.646761894229999967e+00,-8.428566157819999960e-02,0.000000000000000000e+00
1.088998253900000002e+01,-1.577226637759999939e+01,-2.686976984260000201e+00,-1.279647478959999951e+01,-1.377208709720000090e+00,-6.548885822299999937e+00,-6.573072820900000002e-02,0.000000000000000000e+00
1.089504082000000018e+01,-1.796926087359999968e+01,-1.811810937279999756e+00,-1.319840139329999928e+01,-1.694515943529999902e+00,-6.191038608550000433e+00,-7.536919414999999900e-02,0.000000000000000000e+00
1.089993488200000016e+01,-1.758230738259999981e+01,-2.230812448290000471e+00,-1.267490241980000043e+01,-1.982295632359999615e+00,-5.717908859249999587e+00,-1.246696561570000139e-01,0.000000000000000000e+00
1.090495313099999919e+01,-1.683265572099999829e+01,-2.706619257840000348e+00,-1.237558863390000141e+01,-2.347975969309999744e+00,-5.231859683989999787e+00,-3.683114424350000110e-02,0.000000000000000000e+00
1.090996246499999955e+01,-1.525591259970000024e+01,-2.749017845370000046e+00,-1.246542146500000037e+01,-2.830613374709999519e+00,-4.785801887509999908e+00,7.613873481749999783e-02,0.000000000000000000e+00
1.091495293100000019e+01,-1.187541792900000104e+01,-3.354278279439999899e+00,-1.231417291890000065e+01,-3.372669219969999688e+00,-4.544606685639999810e+00,1.483204066750000161e-01,0.000000000000000000e+00
1.091975277000000055e+01,-1.084532786229999957e+01,-3.392175171640000375e+00,-1.271800038780000008e+01,-3.902284383769999643e+00,-4.459549903869999277e+00,1.963998228310000205e-01,0.000000000000000000e+00
1.092483132999999995e+01,-1.061979476740000017e+01,-2.203306455599999936e+00,-1.299490711160000167e+01,-4.406945228580000595e+00,-4.384058952330000203e+00,2.177670001979999936e-01,0.000000000000000000e+00
1.092998317500000027e+01,-1.227868191880000026e+01,-2.379638297270000091e+00,-1.496274096980000046e+01,-4.801464557650000131e+00,-4.232362270360000345e+00,5.346155911679999900e-02,0.000000000000000000e+00
1.093493625700000038e+01,-1.539575244759999961e+01,-1.052631276609999889e+00,-1.662655797889999931e+01,-5.000478267669999255e+00,-3.941431522369999829e+00,-3.556484282020000443e-01,0.000000000000000000e+00
1.093993590900000079e+01,-1.469433787040000006e+01,-1.403129890880000064e+00,-1.628913570379999953e+01,-4.940377712250000108e+00,-3.437647104259999864e+00,-7.921286225319998930e-01,0.000000000000000000e+00
1.094498331299999982e+01,-9.805583247550000436e+00,-4.175087151690000109e-01,-1.577375573940000031e+01,-4.733158588409999368e+00,-3.020167589190000168e+00,-1.015831232070000034e+00,0.000000000000000000e+00
1.094985948000000064e+01,-5.399541414249999782e+00,-3.636598598440000246e-02,-1.562282049700000108e+01,-4.560592651369999473e+00,-2.706579923629999662e+00,-1.021482706070000024e+00,0.000000000000000000e+00
1.095494658299999990e+01,-1.260627838090000008e+00,-1.097654221290000010e+00,-1.513327172400000009e+01,-4.368647575380000703e+00,-2.715990304950000045e+00,-9.720380306239999602e-01,0.000000000000000000e+00
1.096005491400000054e+01,3.810357036830000155e+00,-1.196395969739999954e+00,-1.396018305309999974e+01,-4.269808292390000481e+00,-2.911460161209999953e+00,-1.034923672679999962e+00,0.000000000000000000e+00
1.096494629699999912e+01,7.472944017339999689e+00,7.060165910889999452e-01,-1.132962879779999987e+01,-4.236400127409999605e+00,-3.017842769620000087e+00,-1.136533379549999889e+00,0.000000000000000000e+00
1.096993120099999963e+01,1.109766946920000130e+01,1.978646782470000032e+00,-1.017709776190000071e+01,-4.183685302729999833e+00,-2.893172264100000390e+00,-1.150882720949999882e+00,0.000000000000000000e+00
1.097502961300000024e+01,1.129091474400000017e+01,-4.637780066520000299e-01,-1.143266480940000029e+01,-3.928482532499999902e+00,-2.699826478959999498e+00,-8.996794223790000045e-01,0.000000000000000000e+00
1.097990312700000004e+01,-2.800773897699999626e-01,-1.732929416009999724e+00,-1.533690044569999955e+01,-3.644687175749999675e+00,-2.890690088270000402e+00,-4.072093963620000423e-01,0.000000000000000000e+00
1.098494559100000068e+01,-6.355146441080000486e+00,-9.663456896200001145e-01,-2.078223155119999888e+01,-3.451741933819999719e+00,-2.708919763569999972e+00,2.721511125559999966e-01,0.000000000000000000e+00
1.098998283699999945e+01,-4.934954648490000650e+00,1.127479158449999908e+00,-2.355568737999999840e+01,-3.259572505950000476e+00,-2.215763092040000437e+00,4.590080678459999564e-01,0.000000000000000000e+00
1.099502742900000030e+01,3.174970929089999672e-01,5.396623919359999633e-02,-2.331400628329999947e+01,-3.016733407969999892e+00,-1.226888060570000105e+00,1.804234087469999970e-01,0.000000000000000000e+00
1.099989061800000023e+01,9.681740740909999809e-01,-3.240762082639999875e+00,-2.205133378760000085e+01,-2.847903251650000023e+00,1.455456614489999967e-01,2.398311346770000130e-01,0.000000000000000000e+00
1.100495632400000012e+01,2.304483103049999926e+00,-4.951602416430000098e+00,-1.983376061400000268e+01,-2.791395425799999774e+00,1.096848845479999834e+00,5.384755730629999793e-01,0.000000000000000000e+00
1.100997312400000006e+01,5.412628274830000308e+00,-5.910701715120000088e+00,-1.773896041809999957e+01,-2.799535036090000428e+00,1.710654735570000140e+00,8.768612146379999306e-01,0.000000000000000000e+00
1.101493166200000040e+01,7.302327922959999995e+00,-6.974366719179999841e+00,-1.638060636530000025e+01,-2.754543542860000027e+00,1.834230780599999999e+00,1.294754147529999955e+00,0.000000000000000000e+00
1.101991903799999939e+01,8.269763672839999913e+00,-7.808276626669999665e+00,-1.540110082290000015e+01,-2.782933712009999727e+00,1.803415775299999968e+00,1.597970485690000109e+00,0.000000000000000000e+00
1.102496203900000005e+01,7.128924243689999329e+00,-8.671158946140000268e+00,-1.445833481940000098e+01,-2.804295301439999832e+00,1.898702859879999982e+00,1.861473917959999724e+00,0.000000000000000000e+00
1.103009417400000025e+01,6.399087289609999729e+00,-9.805011000619998640e+00,-1.443802619079999872e+01,-2.882376670839999822e+00,2.020556926729999869e+00,2.059663534159999809e+00,0.000000000000000000e+00
1.103495317199999981e+01,5.672153071250000345e+00,-1.074027174309999921e+01,-1.439491887049999974e+01,-2.952997446059999920e+00,2.209505796430000224e+00,2.226572752000000044e+00,0.000000000000000000e+00
1.103990134900000086e+01,4.182125233630000771e+00,-1.107411557520000045e+01,-1.449287655589999879e+01,-3.014863491059999845e+00,2.439171075820000034e+00,2.475325584409999724e+00,0.000000000000000000e+00
1.104499382999999924e+01,3.086285514420000098e+00,-1.136819204500000069e+01,-1.461740193019999978e+01,-3.026757955549999934e+00,2.694979906079999932e+00,2.668545246120000325e+00,0.000000000000000000e+00
1.104983517099999979e+01,1.533248262919999938e+00,-1.230472003089999866e+01,-1.481989200329999967e+01,-2.932955026629999740e+00,2.977482080460000180e+00,2.795270204539999970e+00,0.000000000000000000e+00
1.105494460499999931e+01,6.265232945920000684e-01,-1.304368195619999860e+01,-1.399901751839999875e+01,-2.790604829790000352e+00,3.205124616620000033e+00,2.750908374790000277e+00,0.000000000000000000e+00
1.106003197399999927e+01,-5.845025273989999937e-01,-1.322361416050000038e+01,-1.428525204259999981e+01,-2.611987590790000091e+00,3.578904867169999449e+00,2.687464952469999613e+00,0.000000000000000000e+00
1.106489007799999946e+01,-1.363831899720000074e+00,-1.411659058940000122e+01,-1.286208386460000064e+01,-2.436595678330000236e+00,3.845557928090000299e+00,2.536283731460000190e+00,0.000000000000000000e+00
1.106998608399999995e+01,-2.223731111729999821e+00,-1.522716581319999918e+01,-1.276434829749999977e+01,-2.280106067659999791e+00,4.266448974609999389e+00,2.393163681029999879e+00,0.000000000000000000e+00
1.107505943900000034e+01,-2.715053908709999853e+00,-1.662364589079999888e+01,-1.190286123180000111e+01,-2.159045696259999758e+00,4.669547080990000154e+00,2.227570056919999875e+00,0.000000000000000000e+00
1.107987070199999913e+01,-2.929258384929999792e+00,-1.790840980680000172e+01,-1.123811721979999945e+01,-2.146544933319999959e+00,5.027717590330000874e+00,2.004106283190000060e+00,0.000000000000000000e+00
1.108496274200000009e+01,-2.876622188759999865e+00,-1.912109632849999841e+01,-1.081068324990000029e+01,-2.192999362949999753e+00,5.300049304959999930e+00,1.696177363400000138e+00,0.000000000000000000e+00
1.108994318399999912e+01,-2.721112185840000031e+00,-1.981711810680000241e+01,-1.063789624119999999e+01,-2.315021753309999486e+00,5.439373493189999742e+00,1.376844286919999938e+00,0.000000000000000000e+00
1.109501029599999988e+01,-3.142894705870000305e+00,-1.951146108920000088e+01,-9.994179819780001139e+00,-2.401066064829999736e+00,5.494357585909999564e+00,1.051193118100000046e+00,0.000000000000000000e+00
1.109990455099999984e+01,-3.627772564499999852e+00,-1.871417089359999864e+01,-9.751302206789999261e+00,-2.410632610319999980e+00,5.523863315580000766e+00,7.123064994809999995e-01,0.000000000000000000e+00
1.110496594600000009e+01,-4.445367589259999974e+00,-1.759724425499999967e+01,-9.823036486659999511e+00,-2.288416147229999975e+00,5.514461040499999633e+00,3.618200421329999528e-01,0.000000000000000000e+00
1.111005281899999986e+01,-5.703097660090000964e+00,-1.614374289799999929e+01,-9.960712434460001319e+00,-2.018380880359999630e+00,5.557300090790000091e+00,-1.320841722189999845e-02,0.000000000000000000e+00
1.111494197799999917e+01,-6.989492392119999842e+00,-1.465766145989999991e+01,-9.916655850599999766e+00,-1.644597291949999818e+00,5.607657432560000821e+00,-4.043600261209999713e-01,0.000000000000000000e+00
1.111993954199999912e+01,-7.731695491289999111e+00,-1.362258074530000052e+01,-9.943761299660000219e+00,-1.240359544749999987e+00,5.692206859589999723e+00,-8.060380816459999931e-01,0.000000000000000000e+00
1.112498034599999919e+01,-8.186991281599999226e+00,-1.319623749319999995e+01,-9.806476981519999470e+00,-7.475841045379999494e-01,5.780076980590000524e+00,-1.195698976520000123e+00,0.000000000000000000e+00
1.112996241899999994e+01,-8.156175287579999988e+00,-1.296790103130000027e+01,-9.655501991679999563e+00,-2.248622924089999919e-01,5.888408184049999328e+00,-1.552636504169999876e+00,0.000000000000000000e+00
1.113481368699999940e+01,-7.700338229999999839e+00,-1.293087741479999941e+01,-9.438440956989998298e+00,2.491510063410000142e-01,5.943430423740000634e+00,-1.872765898699999987e+00,0.000000000000000000e+00
1.113991511200000062e+01,-7.097050849560001318e+00,-1.306248368730000031e+01,-9.408965856180000031e+00,6.650968790050000301e-01,5.911461830140000373e+00,-2.169776439670000112e+00,0.000000000000000000e+00
1.114502983200000052e+01,-6.660561466529999919e+00,-1.344590315890000021e+01,-9.431967377060001212e+00,9.968167543410000331e-01,5.781216621399999589e+00,-2.480617523189999840e+00,0.000000000000000000e+00
1.114989828799999927e+01,-6.722555858150000674e+00,-1.394588214060000020e+01,-9.619025487669999208e+00,1.232856750489999875e+00,5.599021911619999514e+00,-2.760949373249999894e+00,0.000000000000000000e+00
1.115503235000000082e+01,-7.240066404830000302e+00,-1.439741127180000113e+01,-9.904511823820000060e+00,1.447724938389999938e+00,5.414855480190000847e+00,-3.024623155590000056e+00,0.000000000000000000e+00
1.115988191900000004e+01,-8.151192822989999698e+00,-1.456822610369999893e+01,-1.045613682159999946e+01,1.618335485460000056e+00,5.237267017359999777e+00,-3.231431245799999630e+00,0.000000000000000000e+00
1.116488692100000080e+01,-8.916554679429999908e+00,-1.467253052769999933e+01,-1.103458903589999984e+01,1.722179293629999997e+00,5.079573631289999724e+00,-3.473554611209999976e+00,0.000000000000000000e+00
1.116992117899999926e+01,-9.616451837789998791e+00,-1.479671103420000122e+01,-1.164051494819999988e+01,1.809914112090000193e+00,4.968930721280000462e+00,-3.695660352709999596e+00,0.000000000000000000e+00
1.117490802600000066e+01,-1.006529626000000022e+01,-1.448820388789999924e+01,-1.222248364619999883e+01,1.892511248590000195e+00,4.915636539459999454e+00,-3.951801061630000333e+00,0.000000000000000000e+00
1.117992307499999960e+01,-1.053076156220000037e+01,-1.389178931589999877e+01,-1.279259005709999997e+01,1.991921067240000065e+00,4.852178096769999449e+00,-4.225646018980000029e+00,0.000000000000000000e+00
1.118495693600000074e+01,-1.080359183030000025e+01,-1.343749656510000001e+01,-1.336165718799999880e+01,2.081588506699999730e+00,4.793888092039999549e+00,-4.530213832860000345e+00,0.000000000000000000e+00
1.118985481300000018e+01,-1.087874965490000001e+01,-1.292880236210000078e+01,-1.372719496599999900e+01,2.197049379350000109e+00,4.714244365689999938e+00,-4.839384555819999711e+00,0.000000000000000000e+00
1.119491985300000003e+01,-1.084214689420000077e+01,-1.259600131710000070e+01,-1.390419520849999913e+01,2.307038784029999956e+00,4.597627639769999774e+00,-5.168324470519999991e+00,0.000000000000000000e+00
1.119989667799999999e+01,-1.112957968819999977e+01,-1.266644088089999975e+01,-1.416659059190000036e+01,2.450015544890000285e+00,4.433929443359999389e+00,-5.458600044249999783e+00,0.000000000000000000e+00
1.120481274800000016e+01,-1.179584579509999998e+01,-1.240067514430000095e+01,-1.436392518180000089e+01,2.610594034190000468e+00,4.237545490259999603e+00,-5.718701839450000435e+00,0.000000000000000000e+00
1.120994757300000089e+01,-1.272349723160000146e+01,-1.179110064640000033e+01,-1.428751297329999836e+01,2.845587968830000314e+00,3.996326923369999395e+00,-5.992684364319999624e+00,0.000000000000000000e+00
1.121487583400000076e+01,-1.368336400759999982e+01,-1.117284482950000069e+01,-1.392400699339999903e+01,3.045913696289999972e+00,3.735494375230000053e+00,-6.298556804659999564e+00,0.000000000000000000e+00
1.121976271499999989e+01,-1.467551158940000100e+01,-1.103716210130000164e+01,-1.349665485650000107e+01,3.283840179439999840e+00,3.401032686229999769e+00,-6.593514919279999553e+00,0.000000000000000000e+00
1.122492258900000017e+01,-1.552966991969999988e+01,-1.122332998509999946e+01,-1.309358375900000127e+01,3.509082317350000313e+00,3.080231904979999769e+00,-6.878264904019999904e+00,0.000000000000000000e+00
1.122998844199999979e+01,-1.618790352679999955e+01,-8.803715066719998816e+00,-1.330190502239999972e+01,3.748208761219999907e+00,2.676274538040000373e+00,-7.117689132689998921e+00,0.000000000000000000e+00
1.123479283900000070e+01,-1.689572212579999899e+01,-5.518697370499999089e+00,-1.285952365869999880e+01,3.973862648009999887e+00,2.223292350770000425e+00,-7.421707153319999861e+00,0.000000000000000000e+00
1.123990295099999948e+01,-1.858151832689999949e+01,-4.603130631810000040e+00,-1.254941959859999834e+01,4.286871433259999975e+00,1.769712090490000334e+00,-7.780841827389999743e+00,0.000000000000000000e+00
1.124489762299999995e+01,-2.170088251960000036e+01,-5.508693862879999514e+00,-1.185114974920000108e+01,4.653690338130000548e+00,1.287518501279999894e+00,-8.002712249760000063e+00,0.000000000000000000e+00
1.125001076899999930e+01,-2.405747136520000140e+01,-7.192335516370000015e+00,-1.141805176220000106e+01,4.890636920930000464e+00,8.552271723750000110e-01,-8.109000205990000154e+00,0.000000000000000000e+00
1.125491900199999940e+01,-2.593473823269999912e+01,-9.040562751900001359e+00,-1.051441949919999885e+01,4.944625377659999543e+00,4.729156196120000155e-01,-8.051649093630000920e+00,0.000000000000000000e+00
1.125987978899999931e+01,-2.778535557829999902e+01,-1.132502042730000014e+01,-9.427136303639999326e+00,4.786720275880000486e+00,1.834378987550000228e-01,-7.838659286499999546e+00,0.000000000000000000e+00
1.126502628000000072e+01,-3.105637514429999868e+01,-1.345309044010000044e+01,-7.872010555430000167e+00,4.380056858059999669e+00,-1.021984778340000004e-02,-7.445331096649999481e+00,0.000000000000000000e+00
1.126997032599999926e+01,-3.405427802639999868e+01,-1.433634626999999995e+01,-5.681370396919999344e+00,3.781376361850000034e+00,-8.891256898639998685e-02,-6.994049549099999652e+00,0.000000000000000000e+00
1.127502487199999948e+01,-3.531326803409999826e+01,-1.457005799529999912e+01,-3.295463686899999800e+00,2.935796499250000302e+00,-5.537579208610000220e-02,-6.467777252200000326e+00,0.000000000000000000e+00
1.127991064799999954e+01,-3.593558744730000143e+01,-1.427083305660000079e+01,-6.675588501399999375e-01,1.926782369609999934e+00,5.959787219759999505e-02,-5.900037288670000102e+00,0.000000000000000000e+00
1.128493930499999998e+01,-3.580563887889999819e+01,-1.209240648299999954e+01,1.966327545249999975e+00,9.676142930979999557e-01,2.309297472239999760e-01,-5.305697917939999897e+00,0.000000000000000000e+00
1.129004607899999968e+01,-3.431938208420000080e+01,-7.574299528490000100e+00,4.798042086269999729e+00,1.042317301029999921e-01,3.519893288610000393e-01,-4.627082824709999542e+00,0.000000000000000000e+00
1.129500650600000000e+01,-3.202811940499999821e+01,-2.069795664639999977e+00,8.117188262060000881e+00,-4.142195880410000086e-01,3.377696275709999862e-01,-3.888145208359999661e+00,0.000000000000000000e+00
1.129986895599999919e+01,-2.972830867769999941e+01,3.410494672190000465e+00,1.086440198060000029e+01,-5.686516761779999429e-01,2.145173400640000005e-01,-3.057403802870000131e+00,0.000000000000000000e+00
1.130491292500000000e+01,-2.835994761010000076e+01,7.607560577580000150e+00,1.242197395290000017e+01,-2.172828763720000278e-01,-3.887362033130000588e-02,-2.134513139720000119e+00,0.000000000000000000e+00
1.130988948499999935e+01,-2.863009258469999807e+01,9.614702948299999719e+00,1.288974811660000164e+01,4.791300594810000146e-01,-4.511414170269999468e-01,-1.095537304879999896e+00,0.000000000000000000e+00
1.131486373199999917e+01,-2.899893057330000090e+01,9.827689280899999602e+00,1.284331837380000074e+01,1.229731440539999943e+00,-8.997315168380000117e-01,-1.126798838379999973e-01,0.000000000000000000e+00
1.131984115500000065e+01,-2.873572504250000037e+01,8.779625750599999279e+00,1.309246498410000115e+01,1.822996973990000269e+00,-1.302910089490000090e+00,7.259557247160000060e-01,0.000000000000000000e+00
1.132492493300000014e+01,-2.798433618190000161e+01,7.832883244660000521e+00,1.279028470279999929e+01,2.093811750410000005e+00,-1.620777726170000044e+00,1.312413692470000059e+00,0.000000000000000000e+00
1.132999288799999960e+01,-2.690254281590000218e+01,5.226424150699999771e+00,1.155130054119999805e+01,2.097008228299999999e+00,-1.812713146209999904e+00,1.566950201989999902e+00,0.000000000000000000e+00
1.133492886600000027e+01,-2.564618081860000132e+01,3.475127595619999621e+00,1.014855088180000031e+01,1.844537973400000030e+00,-2.046247959140000017e+00,1.717623829839999949e+00,0.000000000000000000e+00
1.133989683699999951e+01,-2.417167291390000017e+01,2.646402397290000152e+00,9.170034350459999928e+00,1.398741841319999901e+00,-2.273977756499999892e+00,1.733822107319999972e+00,0.000000000000000000e+00
1.134488564599999982e+01,-2.163464683719999826e+01,2.770577350750000001e+00,8.608504629310001377e+00,9.671006798739999466e-01,-2.477578401570000199e+00,1.565651178360000007e+00,0.000000000000000000e+00
1.134984140599999947e+01,-2.656420751769999811e+01,-8.472297000479999340e+00,-7.563198288760000665e+00,7.967925071720000085e-02,-2.678682804109999704e+00,1.438420414920000168e+00,0.000000000000000000e+00
1.135487010699999999e+01,-4.828408466060000137e+01,-3.759840258580000238e+01,-1.866711278990000222e+00,-1.235397458080000010e+00,-3.424591779709999617e+00,3.196687936779999628e+00,0.000000000000000000e+00
1.135994022600000086e+01,-3.201323747770000239e+01,-2.484787823110000105e+01,-3.223335731540000637e+00,-3.342135429379999856e+00,-4.196397304530000483e+00,5.752315521240000784e+00,0.000000000000000000e+00
1.136487141299999948e+01,-2.493935356869999964e+01,9.827637842969998871e+00,5.913820139410000287e+00,-5.939334869380000548e+00,-2.607147455220000243e+00,6.079355239869999927e+00,0.000000000000000000e+00
1.136997499299999959e+01,-5.813024834029999965e+01,2.868277904980000059e+01,-8.698550226410000974e+00,-8.099091529849999915e+00,-1.966130256649999852e+00,4.759177684780000028e+00,0.000000000000000000e+00
1.137502419099999962e+01,-5.593696322029999379e+01,4.251262190480000314e+00,-6.777388687569999348e+00,-9.175396919249999783e+00,4.250174462799999886e-01,3.142788887020000033e+00,0.000000000000000000e+00
1.137991440999999959e+01,-2.227622040139999982e+01,8.911250143280000202e+00,-2.157343336679999979e+01,-7.750985145569999624e+00,3.263166427609999865e+00,1.809620976450000196e+00,0.000000000000000000e+00
1.138489207900000011e+01,-1.557581909190000058e+00,2.693627674320000054e+01,-2.484963881099999838e+01,-6.526778697969999321e+00,5.664397716519999904e+00,1.338698983189999803e+00,0.000000000000000000e+00
1.138994706000000079e+01,1.440348211619999930e+01,2.323529690370000012e+01,-2.081420489849999811e+01,-4.592541694639999506e+00,6.422447681430000443e+00,7.389211058619999939e-01,0.000000000000000000e+00
1.139496246100000043e+01,1.719714135959999979e+01,4.237003948029999911e+00,-1.194499707669999999e+01,-3.034536123280000108e+00,5.312834739690000418e+00,7.002590894699999291e-01,0.000000000000000000e+00
1.139989144499999973e+01,9.034679539080000765e+00,-8.168581764689999858e+00,-4.949582308780000162e+00,-2.240969896320000210e+00,3.046696186070000145e+00,9.661856293680000096e-01,0.000000000000000000e+00
1.140498252899999976e+01,-3.648130000609999701e+00,-1.055759579309999907e+01,-3.227447843040000208e+00,-2.404614925379999768e+00,1.252589344979999852e+00,1.939712643620000287e+00,0.000000000000000000e+00
1.141007439200000029e+01,-6.431937419809999668e+00,-8.162276527070000398e+00,-4.175457300169999719e+00,-3.550233602519999643e+00,6.554085016249999729e-02,2.543450117109999908e+00,0.000000000000000000e+00
1.141495038000000051e+01,1.946203041109999754e+00,-2.892615255650000106e-01,-1.266282152140000150e+01,-4.622565746309999390e+00,-9.620450139049999683e-01,1.463235378270000275e+00,0.000000000000000000e+00
1.141991288500000046e+01,-4.504935922780000546e+00,7.562452438830000290e+00,-1.861113605109999725e+01,-5.128145694730000592e+00,-8.890408277509999069e-01,3.843951821329999463e-01,0.000000000000000000e+00
1.142490920600000059e+01,-3.271278216939999872e+00,1.638537723289999803e+01,-1.720256104650000140e+01,-4.966886997219999600e+00,-2.516399323940000099e-01,-7.169417738910000004e-01,0.000000000000000000e+00
1.143005235500000083e+01,-4.651842348009999739e+00,1.722761482379999975e+01,-1.558348684999999989e+01,-3.652047395709999922e+00,5.366091728209999578e-01,-1.007138490679999832e+00,0.000000000000000000e+00
1.143484212999999983e+01,-2.620875449580000183e+00,8.498708037549999261e+00,-1.818411241549999957e+01,-2.292767763140000081e+00,1.816010594370000009e+00,3.058682978150000231e-01,0.000000000000000000e+00
1.143988598700000026e+01,1.747604276440000159e+00,5.007417242639999877e+00,-1.546652869609999925e+01,-9.427345395089999913e-01,1.819061756129999985e+00,1.267967939379999853e+00,0.000000000000000000e+00
1.144493405799999941e+01,1.442713567120000207e+00,3.185177265799999713e+00,-1.573660352809999985e+01,1.792346388099999854e-01,1.150367498400000077e+00,1.373795628549999925e+00,0.000000000000000000e+00
1.144992353600000001e+01,4.730186401400000018e-01,3.909040406159999925e+00,-1.348554777160000029e+01,6.404271125789999797e-01,1.345184892419999945e-01,7.455945014949999505e-01,0.000000000000000000e+00
1.145495596499999991e+01,1.495824395060000034e-01,2.771744640970000173e+00,-1.209488836299999903e+01,4.273493885989999574e-01,-7.762256264689999519e-01,3.259095549580000029e-01,0.000000000000000000e+00
1.145982956099999939e+01,-1.288480598400000066e+00,6.950633815279999572e-01,-1.125634027430000117e+01,3.185021132230000246e-02,-1.319912314410000009e+00,1.385167390110000063e-01,0.000000000000000000e+00
1.146488759600000051e+01,-2.754487216690000295e+00,-1.384574535760000114e+00,-1.047440079249999911e+01,-3.963235393169999704e-02,-1.440322279929999949e+00,3.615547344090000448e-02,0.000000000000000000e+00
1.146986118799999943e+01,-2.532938807459999886e+00,-1.464618232680000132e+00,-1.006394016920000034e+01,9.860952198510000710e-02,-1.360240697860000125e+00,3.585914894940000347e-02,0.000000000000000000e+00
1.147503124400000019e+01,-3.334233854800000341e+00,-5.745342006899999410e-01,-1.023430375020000049e+01,2.134748548270000157e-01,-1.167636156079999932e+00,1.793209463360000144e-01,0.000000000000000000e+00
1.147983155500000052e+01,-5.652359406499999572e+00,-4.095573543050000098e-01,-9.167537272949999760e+00,2.351566255090000168e-01,-7.021681666369999908e-01,4.975520968439999803e-01,0.000000000000000000e+00
1.148490654100000086e+01,-4.738150512149999827e+00,5.838767601829999432e-01,-9.060051880739999675e+00,1.814510226249999858e-01,-5.593176484109999569e-01,6.185815930369999993e-01,0.000000000000000000e+00
1.148996084500000059e+01,-4.251253422649999614e+00,8.605008311620000461e-01,-8.686587401419998855e+00,5.160416662690000406e-02,-5.396401286130000363e-01,5.176407098769999493e-01,0.000000000000000000e+00
1.149483385799999979e+01,-4.260321987510000241e+00,8.131667599920000544e-01,-7.862303400410000087e+00,2.177137508989999970e-02,-5.991364717479999991e-01,3.865299820900000016e-01,0.000000000000000000e+00
1.149978441899999915e+01,-4.460103386100000122e+00,3.390477939270000185e-01,-7.755050063389999693e+00,1.582354493440000023e-02,-6.323804855349999254e-01,2.520476281640000038e-01,0.000000000000000000e+00
1.150497513800000071e+01,-4.829600715359999796e+00,4.019522313300000205e-02,-7.640244119039999227e+00,-5.762584973130000475e-03,-6.512632369999999948e-01,1.511317640540000007e-01,1.000000000000000000e+00
1.150999365100000027e+01,-5.415060470419999383e+00,-4.461530642419999637e-01,-7.508572380080000386e+00,-1.867596246300000026e-02,-5.015854835509999665e-01,1.512978523969999989e-01,1.000000000000000000e+00
1.151490058099999914e+01,-4.943372932750000004e+00,-5.814688222589999844e-01,-7.832566433789999394e+00,-1.128964200619999997e-01,-3.309134840969999991e-01,1.479641199110000027e-01,1.000000000000000000e+00
1.151967593600000050e+01,-4.876043902100000160e+00,-5.997565394259999350e-01,-8.236302132739998783e+00,-2.161885648970000018e-01,-1.279717087749999982e-01,1.835573762660000219e-01,1.000000000000000000e+00
1.152503671899999915e+01,-4.282063571459999274e+00,-6.519344338979999876e-01,-8.678948284839998806e+00,-2.636356949810000350e-01,-2.352629229429999830e-02,1.944867968560000104e-01,1.000000000000000000e+00
1.152996599999999994e+01,-3.774590142400000126e+00,-7.172856616650000738e-01,-9.297277751579999361e+00,-2.664884924889999729e-01,-4.083393514159999738e-02,1.905232369900000111e-01,1.000000000000000000e+00
1.153489300600000078e+01,-3.308045520579999899e+00,-5.878861784880000663e-01,-9.953905092539999444e+00,-2.934290170670000308e-01,-1.139609888200000115e-01,1.911802738900000298e-01,1.000000000000000000e+00
1.153988972700000026e+01,-2.950428014209999894e+00,-8.321853487170000063e-01,-1.057156703529999930e+01,-2.765212357040000013e-01,-2.067610323430000008e-01,1.602363586429999820e-01,1.000000000000000000e+00
1.154488830200000038e+01,-2.680343245340000013e+00,-7.830025809399999703e-01,-1.107757945190000015e+01,-2.654230594640000218e-01,-2.611327171330000141e-01,1.555576622490000005e-01,1.000000000000000000e+00
1.154997773700000074e+01,-2.681220320430000026e+00,-7.200790917759999354e-01,-1.134550558140000120e+01,-2.503769695760000302e-01,-3.382945954800000155e-01,1.768194884059999805e-01,1.000000000000000000e+00
1.155481581299999938e+01,-2.502390232199999787e+00,-8.147661580130000081e-01,-1.177643966839999834e+01,-2.408491224050000046e-01,-4.014857709409999642e-01,1.863503605129999963e-01,0.000000000000000000e+00
1.155983082100000026e+01,-2.179254110490000063e+00,-7.869998338829999884e-01,-1.214180676599999842e+01,-2.319918721909999815e-01,-5.030969977379999847e-01,2.004058957099999760e-01,0.000000000000000000e+00
1.156491686899999927e+01,-1.938635820729999848e+00,-5.666372368950000071e-01,-1.203394143460000087e+01,-2.319155782460000093e-01,-6.430668234830000385e-01,1.812948137519999892e-01,0.000000000000000000e+00
1.156988780100000014e+01,-1.933127140309999881e+00,-2.888210335220000036e-01,-1.209993044880000035e+01,-2.525340318679999974e-01,-8.142327070239999687e-01,1.532836109400000091e-01,0.000000000000000000e+00
1.157506219999999963e+01,-1.846130117120000191e+00,-2.076713481209999934e-01,-1.232382571339999977e+01,-2.562350928780000037e-01,-1.021052956579999949e+00,1.077801063660000086e-01,0.000000000000000000e+00
1.157999889899999957e+01,-1.805493132430000092e+00,3.427391364250000072e-02,-1.211436229420000110e+01,-2.502886950970000246e-01,-1.188825130459999935e+00,6.352460384369999769e-02,0.000000000000000000e+00
1.158485972399999930e+01,-2.026851864320000196e+00,4.553988122979999997e-01,-1.219589725260000002e+01,-2.359959781170000159e-01,-1.370862722400000067e+00,2.627943828699999887e-02,0.000000000000000000e+00
1.159005755499999957e+01,-1.972049430029999995e+00,7.268395988869998936e-01,-1.225841771390000190e+01,-1.980351656679999739e-01,-1.520103216170000104e+00,2.079121582209999750e-02,0.000000000000000000e+00
1.159489696700000039e+01,-2.048596078620000149e+00,1.321194096609999979e+00,-1.235555239249999993e+01,-1.594052910799999834e-01,-1.701161623000000178e+00,-8.921137079600001060e-03,0.000000000000000000e+00
1.159992277399999949e+01,-2.217949021190000369e+00,1.689633148980000055e+00,-1.206232932470000030e+01,-1.208436563610000014e-01,-1.872742056849999948e+00,-5.396904423830000547e-02,0.000000000000000000e+00
1.160503810500000021e+01,-2.076778217009999761e+00,1.464856425350000046e+00,-1.216100363390000183e+01,-9.134411811830001060e-02,-2.062547922129999822e+00,-1.242398694160000011e-01,0.000000000000000000e+00
1.160995011500000018e+01,-1.850044514079999924e+00,1.181437031670000026e+00,-1.224307167619999959e+01,-1.138950213790000110e-01,-2.241414546969999755e+00,-1.911515593529999890e-01,0.000000000000000000e+00
1.161501656199999921e+01,-1.974465989650000086e+00,1.374587248620000146e+00,-1.207471651250000022e+01,-9.083831310270000514e-02,-2.476200342179999847e+00,-2.160414159300000358e-01,0.000000000000000000e+00
1.161981256600000023e+01,-1.884396427149999997e+00,1.331050743100000044e+00,-1.184558276269999944e+01,-9.172374010089999474e-02,-2.640850543980000076e+00,-2.367951869959999955e-01,0.000000000000000000e+00
1.162504470800000078e+01,-1.892362583719999991e+00,9.010328211020000033e-01,-1.206373919140000162e+01,-4.981223866340000334e-02,-2.813233613970000047e+00,-2.604109942910000086e-01,0.000000000000000000e+00
1.162993242299999963e+01,-2.123486776690000077e+00,7.224718321320000580e-01,-1.216056056630000093e+01,-4.943655803799999748e-02,-2.985231637950000128e+00,-2.603808939460000027e-01,0.000000000000000000e+00
1.163490508399999968e+01,-1.903721889870000128e+00,2.671249874830000093e-01,-1.204774784160000145e+01,-3.443189710380000629e-02,-3.178872585299999720e+00,-2.585827708239999967e-01,0.000000000000000000e+00
1.163985142599999989e+01,-1.625663950160000093e+00,1.254882280179999976e-01,-1.224500176749999980e+01,-3.696775808930000129e-02,-3.317835569379999683e+00,-2.855430543420000022e-01,0.000000000000000000e+00
1.164504807399999997e+01,-1.739759262029999753e+00,-6.854508733870000314e-02,-1.212769640760000023e+01,-9.094852209089999973e-02,-3.479085206989999790e+00,-2.512402832510000072e-01,0.000000000000000000e+00
1.164990649399999967e+01,-1.535032077599999933e+00,-1.581478771470000086e-02,-1.187641746150000088e+01,-1.726721227169999984e-01,-3.642987728119999602e+00,-2.296126484870000262e-01,0.000000000000000000e+00
1.165487319100000008e+01,-1.412687992820000016e+00,-2.482177867110000047e-01,-1.157607257890000163e+01,-1.940208822489999929e-01,-3.811104059219999840e+00,-1.669449210170000086e-01,0.000000000000000000e+00
1.165985447899999983e+01,-1.147493772470000062e+00,-1.896472137929999802e-01,-1.140824816099999950e+01,-2.033652812239999941e-01,-3.984676599499999750e+00,-6.644786894319999748e-02,0.000000000000000000e+00
1.166487339500000076e+01,-1.193056742320000030e+00,-2.661496396449999913e-01,-1.119859769490000012e+01,-2.157256454230000176e-01,-4.163100719450000042e+00,3.840458765630000437e-02,0.000000000000000000e+00
1.166988179600000031e+01,-1.569041753100000047e+00,-2.215344537779999901e-01,-1.100791847119999822e+01,-2.501581609250000393e-01,-4.392151355740000263e+00,1.561706364150000081e-01,0.000000000000000000e+00
1.167502579399999973e+01,-1.693763819049999952e+00,-6.704792128320000155e-02,-1.111814293289999966e+01,-3.312328159810000172e-01,-4.612702369690000026e+00,2.343472093340000229e-01,0.000000000000000000e+00
1.168000375199999930e+01,-1.521831527500000059e+00,-3.253330106990000303e-02,-1.120750814660000039e+01,-4.113052487370000287e-01,-4.836669921880000445e+00,2.941851019860000083e-01,0.000000000000000000e+00
1.168481892600000016e+01,-1.143532248429999898e+00,-8.145676945650000278e-02,-1.097087030470000002e+01,-5.204107761380000197e-01,-5.063396930689999742e+00,3.201792240140000079e-01,0.000000000000000000e+00
1.168996137000000068e+01,-2.615403447909999901e+00,-2.360322588769999952e-01,-1.157003563680000013e+01,-5.860146284100000713e-01,-5.287416934969999538e+00,3.643039166929999961e-01,0.000000000000000000e+00
1.169476452800000033e+01,-3.562129002719999438e+00,-9.553829085139999844e-01,-1.154373682790000011e+01,-6.889582276340000533e-01,-5.537833213810000821e+00,3.937075734139999783e-01,0.000000000000000000e+00
1.169975786000000006e+01,-4.371072226729999954e+00,-1.491031315570000126e+00,-1.222757717000000000e+01,-7.780027985570000526e-01,-5.743598937989999875e+00,4.015790522100000093e-01,0.000000000000000000e+00
1.170482687400000010e+01,-6.930428208730000428e+00,-2.353183567199999882e+00,-1.273333005890000180e+01,-9.920477271080000436e-01,-5.948032379149999826e+00,4.030860662460000188e-01,0.000000000000000000e+00
1.171005886800000084e+01,-9.338657809720000813e+00,-3.221890793430000066e+00,-1.324589028970000015e+01,-1.299004077910000055e+00,-6.070605278019999496e+00,3.973483145239999903e-01,0.000000000000000000e+00
1.171488632500000016e+01,-1.243923254630000130e+01,-2.788564258340000102e+00,-1.439701730410000025e+01,-1.582672476770000225e+00,-6.140650749209999759e+00,3.460217118260000002e-01,0.000000000000000000e+00
1.171984224400000052e+01,-1.496722308369999865e+01,-9.764176593669999793e-01,-1.567643167569999996e+01,-1.784942150120000015e+00,-6.053473472599999461e+00,2.605791687969999937e-01,0.000000000000000000e+00
1.172503572099999936e+01,-1.495123524089999911e+01,-6.042975803890000552e-01,-1.552529068170000137e+01,-1.826549410820000219e+00,-5.885946273800000128e+00,1.995049417020000049e-01,0.000000000000000000e+00
1.173004563699999991e+01,-1.339766490549999922e+01,-1.067501951869999965e+00,-1.505937763569999888e+01,-1.825623631480000064e+00,-5.583566665650000260e+00,3.110044896599999942e-01,0.000000000000000000e+00
1.173484569800000088e+01,-1.214871113859999952e+01,-2.009647047020000077e+00,-1.525402576309999958e+01,-1.901771306989999966e+00,-5.312289237979999967e+00,5.602693557739999441e-01,0.000000000000000000e+00
1.173987120500000003e+01,-1.119651445890000119e+01,-2.175379607140000005e+00,-1.551167482880000037e+01,-2.145745277400000095e+00,-5.176199913019999599e+00,7.392523884770000331e-01,0.000000000000000000e+00
1.174482858500000049e+01,-9.854659120890000068e+00,-3.896370894200000379e+00,-1.397792446150000067e+01,-2.502773523330000138e+00,-5.200891494750000454e+00,9.287233352660000385e-01,0.000000000000000000e+00
1.174994545300000048e+01,-1.109930145430000081e+01,-3.707025841690000156e+00,-1.530761823709999980e+01,-2.883823156359999640e+00,-5.203351974490000309e+00,9.390709996220000244e-01,0.000000000000000000e+00
1.175482154000000001e+01,-1.176672374560000023e+01,-4.215305034180000021e+00,-1.430166074109999919e+01,-3.265030622479999867e+00,-5.105099678040000200e+00,8.932465910910000195e-01,0.000000000000000000e+00
1.176001537900000038e+01,-1.595092783130000136e+01,-2.048283651669999816e+00,-1.831906682940000053e+01,-3.544077157969999892e+00,-4.822071075440000243e+00,5.799900889399999260e-01,0.000000000000000000e+00
1.176487561399999926e+01,-1.766357346090000036e+01,-1.639824285200000009e+00,-1.771075489880000120e+01,-3.582751274110000050e+00,-4.325677871699999955e+00,2.666572928429999934e-01,0.000000000000000000e+00
1.176996339399999947e+01,-1.410749309069999846e+01,-2.136580651540000098e+00,-1.640406322870000011e+01,-3.550628423690000091e+00,-3.711012601849999815e+00,1.597517877819999987e-01,0.000000000000000000e+00
1.177504716199999990e+01,-6.678883889680000685e+00,-2.590428288870000095e+00,-1.770204201549999823e+01,-3.567658424380000248e+00,-3.239082336430000097e+00,1.529359221459999918e-01,0.000000000000000000e+00
1.177989707100000061e+01,-3.251502964620000213e+00,-3.934437297749999729e+00,-1.729899663690000011e+01,-3.742805242540000243e+00,-3.212581634520000229e+00,2.394561767579999889e-01,0.000000000000000000e+00
1.178492484100000048e+01,-2.147795288519999790e+00,-4.491978533790000228e+00,-1.337565414920000073e+01,-3.844633579249999933e+00,-3.121311664579999867e+00,1.489972770209999908e-01,0.000000000000000000e+00
1.178984303900000086e+01,-4.901250751010000073e-01,-4.311429074409999451e+00,-8.721251303039998959e+00,-3.892133712769999310e+00,-2.932793617250000207e+00,6.737284362319999331e-02,0.000000000000000000e+00
1.179490585499999966e+01,8.023883370900000145e+00,-3.037657677109999455e+00,-7.094964106419999972e+00,-3.599692106250000023e+00,-2.225157737730000029e+00,1.746131926770000120e-01,0.000000000000000000e+00
1.179974675699999942e+01,1.601485932840000004e+01,-4.122392138009999818e-01,-1.050179850249999980e+01,-3.155699253079999878e+00,-1.386722564699999882e+00,4.022799730300000154e-01,0.000000000000000000e+00
1.180477393800000030e+01,-7.958410489510001184e+00,3.927570334589999934e+00,-2.078824745049999834e+01,-2.649641752239999981e+00,-2.078486442570000037e+00,4.378557503220000258e-01,0.000000000000000000e+00
1.180999170399999976e+01,-1.654942914649999963e+01,-1.864074793000000119e+00,-2.454175242699999870e+01,-2.281011581420000045e+00,-2.004467010499999979e+00,7.511714100839999020e-01,0.000000000000000000e+00
1.181485223700000020e+01,-1.183403611730000016e+01,-4.070314671700000275e+00,-2.566036599579999944e+01,-1.846006035800000111e+00,-1.820698261259999784e+00,7.970177531240000279e-01,0.000000000000000000e+00
1.181999017999999957e+01,-1.537343277149999965e+00,-2.989569353510000305e+00,-2.220863330429999749e+01,-1.545890092849999897e+00,-7.588033676150000018e-01,7.371921539309999050e-01,0.000000000000000000e+00
1.182503680299999971e+01,-1.244075639479999884e+00,-3.336738823359999717e+00,-1.863798898670000170e+01,-1.408406496049999790e+00,8.258723616600001094e-01,6.629902720449999398e-01,0.000000000000000000e+00
1.182996733599999928e+01,2.018813519290000080e+00,-5.576681357439999154e+00,-1.621734004910000237e+01,-1.331382870669999940e+00,1.943695783620000173e+00,5.883847475050000275e-01,0.000000000000000000e+00
1.183504063900000070e+01,5.417262948899999486e+00,-7.855887103630000645e+00,-1.474049288790000034e+01,-1.397601842879999889e+00,2.674486875529999974e+00,8.109745383259999718e-01,0.000000000000000000e+00
1.183989281100000035e+01,5.893499820429999758e+00,-9.388387763049999890e+00,-1.249644788690000041e+01,-1.393990755079999921e+00,2.649521350859999735e+00,1.257673144339999993e+00,0.000000000000000000e+00
1.184498197299999944e+01,8.674249897889998451e+00,-8.209479592270000126e+00,-1.317464408559999889e+01,-1.355677127840000162e+00,2.226843595500000106e+00,1.456881284710000113e+00,0.000000000000000000e+00
1.185004502800000026e+01,7.945041304850000152e+00,-8.183087259900000632e+00,-1.210961480739999985e+01,-1.266756296160000073e+00,2.042873859409999771e+00,1.444446206090000073e+00,0.000000000000000000e+00
1.185483518000000025e+01,8.696161285449999667e+00,-7.532744113789999751e+00,-1.167690143579999962e+01,-1.378365159029999898e+00,1.880354881290000169e+00,1.280147552489999896e+00,0.000000000000000000e+00
1.185998980299999950e+01,7.453216988080001215e+00,-7.395627553419999778e+00,-1.083497130349999971e+01,-1.485594868660000012e+00,1.911196947100000099e+00,1.215422511100000103e+00,0.000000000000000000e+00
1.186489975900000005e+01,5.891167578090000134e+00,-7.668242133029999685e+00,-1.092345272000000023e+01,-1.463887691500000088e+00,2.152158975599999913e+00,1.196296334269999928e+00,0.000000000000000000e+00
1.186985859300000001e+01,4.844385904300000156e+00,-7.768588759400000932e+00,-1.120116257689999983e+01,-1.305379033089999918e+00,2.430854558940000132e+00,1.267838716510000019e+00,0.000000000000000000e+00
1.187493880499999932e+01,3.618603461880000260e+00,-7.215919805569999568e+00,-1.137043894710000025e+01,-1.126317381860000078e+00,2.762526750559999744e+00,1.318803668019999931e+00,0.000000000000000000e+00
1.187993239999999950e+01,2.743389484100000164e+00,-6.576892418719999966e+00,-1.110665707779999956e+01,-9.297618269920000511e-01,3.078615427020000350e+00,1.263787627219999932e+00,0.000000000000000000e+00
1.188495962100000014e+01,2.417931349179999856e+00,-6.355063438969999368e+00,-1.071197386940000129e+01,-6.954790353780000434e-01,3.422934532170000210e+00,1.111941218379999929e+00,0.000000000000000000e+00
1.188995292000000070e+01,2.876349509300000218e+00,-6.318493995989999945e+00,-1.020264136840000013e+01,-4.071542024610000365e-01,3.735368490219999504e+00,9.030432105060001158e-01,0.000000000000000000e+00
1.189505071800000024e+01,2.734957463579999803e+00,-6.616743367590000702e+00,-9.780010414879999558e+00,-1.017837077380000094e-01,4.060175418850000106e+00,7.526696324349999578e-01,0.000000000000000000e+00
1.189998983599999960e+01,2.196430286220000028e+00,-7.096057746869998795e+00,-9.148272015989999062e+00,1.598802506919999866e-01,4.365177154539999549e+00,6.517765521999999700e-01,0.000000000000000000e+00
1.190491495100000030e+01,1.820398002229999923e+00,-7.449533331130000491e+00,-8.667587517390000329e+00,4.049663543700000035e-01,4.626853942869999514e+00,5.346692800519999844e-01,0.000000000000000000e+00
1.191008595799999981e+01,1.598264778839999956e+00,-7.284909755169999279e+00,-8.196479825439999090e+00,5.998647809029999944e-01,4.898233413699999872e+00,3.838588893410000424e-01,0.000000000000000000e+00
1.191501984199999953e+01,1.077598252340000062e+00,-7.271655136799999752e+00,-7.865984134750000578e+00,7.515532970430000015e-01,5.055915355679999834e+00,2.160946428779999817e-01,0.000000000000000000e+00
1.191986611499999960e+01,4.274631229499999963e-01,-7.505706469260001512e+00,-7.723734887669999161e+00,9.191862940790000991e-01,5.205655574800000629e+00,2.077519707379999955e-02,0.000000000000000000e+00
1.192490344600000007e+01,-3.142638831410000111e-01,-7.348706227769999266e+00,-7.598516270380000215e+00,1.096139311789999793e+00,5.334850788119999798e+00,-1.365085840230000069e-01,0.000000000000000000e+00
1.192991652899999977e+01,-1.141668573450000057e+00,-7.086178742410000453e+00,-7.548991484230000104e+00,1.238492012020000033e+00,5.491655826569999732e+00,-2.563953101629999898e-01,0.000000000000000000e+00
1.193489569399999972e+01,-1.690453233199999961e+00,-6.887320888410000563e+00,-7.629887560200000252e+00,1.380196332929999770e+00,5.636161327359999085e+00,-3.829825818540000260e-01,0.000000000000000000e+00
1.193986297999999913e+01,-2.035424608480000064e+00,-6.694292471219999818e+00,-7.738951746030000578e+00,1.521971821780000012e+00,5.788999557500000392e+00,-5.014550089839999725e-01,0.000000000000000000e+00
1.194488714999999956e+01,-2.323983045549999904e+00,-6.470403636330000374e+00,-7.824208939810000984e+00,1.654299259190000093e+00,5.910547256469999233e+00,-6.037576198580000275e-01,0.000000000000000000e+00
1.194995227599999943e+01,-2.555281864429999938e+00,-6.302157193689999382e+00,-7.885921591880000747e+00,1.814718842509999819e+00,5.984189033509999867e+00,-7.293270230289999878e-01,0.000000000000000000e+00
1.195485865500000067e+01,-2.987197363679999551e+00,-6.513070227150000058e+00,-8.097986717979999582e+00,1.941327452659999730e+00,6.021574974059999974e+00,-8.350777626040000179e-01,0.000000000000000000e+00
1.195981967099999999e+01,-3.282106192680000145e+00,-7.217684477160000611e+00,-8.688812676250000422e+00,2.114725112919999983e+00,6.041667461399999439e+00,-9.389933943749999568e-01,0.000000000000000000e+00
1.196489245200000084e+01,-3.850410230280000512e+00,-7.518443785750000607e+00,-9.319929143850000486e+00,2.238520860670000001e+00,6.010888576510000192e+00,-1.045526266099999990e+00,0.000000000000000000e+00
1.196995781300000061e+01,-4.556782137609999950e+00,-7.661344774730000751e+00,-9.984648605850001246e+00,2.314621925349999998e+00,6.008207797999999933e+00,-1.244744896889999897e+00,0.000000000000000000e+00
1.197483271699999996e+01,-5.489883363949999762e+00,-7.911948013539999991e+00,-1.078174123309999999e+01,2.353760004040000187e+00,5.977339744570000057e+00,-1.493675470349999923e+00,0.000000000000000000e+00
1.197989975600000001e+01,-6.647388096699999416e+00,-7.727895514489999229e+00,-1.135145016900000137e+01,2.392281293869999992e+00,5.939373970030000116e+00,-1.806383728979999992e+00,0.000000000000000000e+00
1.198489567000000022e+01,-7.815736879550000182e+00,-7.363554837339999715e+00,-1.186929681579999851e+01,2.395084381100000215e+00,5.946858406069999603e+00,-2.204931259159999879e+00,0.000000000000000000e+00
1.198993902900000030e+01,-8.807366574959999639e+00,-7.258387658939999376e+00,-1.237005554969999999e+01,2.485757350920000164e+00,5.938551425930000960e+00,-2.604567527770000002e+00,0.000000000000000000e+00
1.199496512800000048e+01,-9.734679573290000221e+00,-6.854289556430000374e+00,-1.293919983750000036e+01,2.584348201750000129e+00,5.940670490260000491e+00,-3.003870964049999870e+00,0.000000000000000000e+00
1.199986589899999956e+01,-1.079124438999999924e+01,-5.009304663820000059e+00,-1.324692723150000084e+01,2.711347103120000490e+00,5.910094261170000252e+00,-3.416323900220000098e+00,0.000000000000000000e+00
1.200488009600000083e+01,-1.211462182190000014e+01,-3.867150352679999958e+00,-1.354758424880000156e+01,2.833966493610000192e+00,5.840263366699999459e+00,-3.885859727860000223e+00,0.000000000000000000e+00
1.200990946299999962e+01,-1.404427003410000019e+01,-3.731901339750000268e+00,-1.423744867339999942e+01,2.970917701719999915e+00,5.767242908480000096e+00,-4.324698925019999862e+00,0.000000000000000000e+00
1.201488535200000030e+01,-1.619695075659999972e+01,-3.512537288819999493e+00,-1.493809752690000003e+01,3.112358570100000055e+00,5.652325153350000519e+00,-4.755293846130000723e+00,0.000000000000000000e+00
1.201981169199999933e+01,-1.858936611780000092e+01,-3.272492853420000181e+00,-1.546141529859999864e+01,3.182862520220000047e+00,5.575968742369999731e+00,-5.074557781220000230e+00,0.000000000000000000e+00
1.202496895099999996e+01,-2.023136175570000006e+01,-2.618405260079999852e+00,-1.591550463569999962e+01,3.204086780549999958e+00,5.486552715299999328e+00,-5.425652980800000691e+00,0.000000000000000000e+00
1.202995845499999916e+01,-2.251744323289999983e+01,-1.932194243370000120e+00,-1.612195192189999915e+01,3.153134822850000241e+00,5.407341480260000388e+00,-5.688913345340000483e+00,0.000000000000000000e+00
1.203503405000000015e+01,-2.490249128030000136e+01,-1.539401817109999904e+00,-1.620305082700000199e+01,3.072924137120000232e+00,5.331397056580000182e+00,-5.886270999909999802e+00,0.000000000000000000e+00
1.203982700000000072e+01,-2.758245633989999845e+01,-9.315017552540000301e-01,-1.625678007910000034e+01,2.914811134340000276e+00,5.239983558650000539e+00,-5.985098838810000821e+00,0.000000000000000000e+00
1.204492525899999933e+01,-2.994507978949999938e+01,4.317342609310000946e-03,-1.583040058670000150e+01,2.755698204040000654e+00,5.137815475460000059e+00,-6.014803409580000704e+00,0.000000000000000000e+00
1.204983399400000010e+01,-3.216700180600000181e+01,1.177387390960000113e+00,-1.514167130349999901e+01,2.564092636109999823e+00,5.020725250239999937e+00,-5.976549148559999303e+00,0.000000000000000000e+00
1.205488662700000013e+01,-3.417319315960000381e+01,2.374397474009999787e+00,-1.391776780670000058e+01,2.377930641170000303e+00,4.879271507260000362e+00,-5.855878353119999602e+00,0.000000000000000000e+00
1.205982759199999954e+01,-3.553796760090000362e+01,3.577523555730000027e+00,-1.227572423799999868e+01,2.164403676990000136e+00,4.699973583219999362e+00,-5.663981914519999883e+00,0.000000000000000000e+00
1.206487345300000058e+01,-3.684345515590000275e+01,4.581602690609999584e+00,-1.004428036000000013e+01,1.932139992710000032e+00,4.473671436310000082e+00,-5.333329677580000094e+00,0.000000000000000000e+00
1.206986382200000030e+01,-3.757014445960000160e+01,4.808612287869999058e+00,-7.645344072530000368e+00,1.669609427449999961e+00,4.181855201719999471e+00,-4.909313201899999868e+00,0.000000000000000000e+00
1.207501338500000010e+01,-3.761103994909999670e+01,4.184386748819999724e+00,-4.925459674919999919e+00,1.344412565230000078e+00,3.868228435519999842e+00,-4.408132553099999740e+00,0.000000000000000000e+00
1.207985690599999984e+01,-3.732342010810000232e+01,3.024407442649999833e+00,-2.370938273470000190e+00,9.310778975489999443e-01,3.465352773669999831e+00,-3.796912431720000036e+00,0.000000000000000000e+00
1.208475220699999930e+01,-3.666812664609999928e+01,1.716282524850000213e+00,-5.690802826659999841e-02,4.675669670100000563e-01,3.022294282909999907e+00,-3.124999046330000141e+00,0.000000000000000000e+00
1.208974158100000018e+01,-3.571489068639999687e+01,6.069118545409999399e-01,1.985449886609999881e+00,-1.310335937889999967e-03,2.525381088259999629e+00,-2.382114887240000201e+00,0.000000000000000000e+00
1.209482670599999921e+01,-3.508372862610000453e+01,2.920760897960000269e-01,3.570671497880000267e+00,-3.647516071800000481e-01,2.049059867860000050e+00,-1.613734841349999893e+00,0.000000000000000000e+00
1.209982093800000058e+01,-3.452504260399999936e+01,6.930393283550000394e-01,4.784442307730000010e+00,-5.807569026950000213e-01,1.584535837170000017e+00,-8.540939092640000840e-01,0.000000000000000000e+00
1.210484896700000057e+01,-3.368540262839999855e+01,1.296824648370000110e+00,5.300874119269999518e+00,-5.762077569960000201e-01,1.151558160779999840e+00,-1.668986082080000100e-01,0.000000000000000000e+00
1.210983669200000001e+01,-3.294996653909999651e+01,2.030013543219999939e+00,4.978099378219999593e+00,-3.606274127960000242e-01,7.973549962039999661e-01,3.554191291330000002e-01,0.000000000000000000e+00
1.211488306400000070e+01,-3.198186268070000082e+01,3.042888855759999789e+00,4.734908753750000088e+00,8.324353955689998974e-03,5.084301829339999967e-01,6.715121865270000656e-01,0.000000000000000000e+00
1.211987144799999960e+01,-2.997072393389999689e+01,3.815953833919999649e+00,4.976007374369999958e+00,4.269166886810000228e-01,2.774008512500000245e-01,7.801117300990000336e-01,0.000000000000000000e+00
1.212501257299999935e+01,-2.674700855540000077e+01,3.838390706660000262e+00,5.478706136380000480e+00,8.178887963290000229e-01,4.070823639630000157e-02,7.333134412770000443e-01,0.000000000000000000e+00
1.212993723099999954e+01,-2.275213578590000196e+01,2.996967939319999719e+00,5.893073703969999855e+00,1.172805309300000154e+00,-2.075843513010000030e-01,5.798808336259999585e-01,0.000000000000000000e+00
1.213485689300000026e+01,-1.438369020500000062e+01,2.041396230240000165e+00,4.595480993839999861e+00,1.381636261939999999e+00,-5.124638080600000256e-01,3.760264813900000003e-01,0.000000000000000000e+00
1.213991712700000036e+01,-1.747730737750000074e+01,-8.597082487060001554e+00,-4.077795675110000295e-01,-3.590099513530000119e-01,-2.108041644099999945e-01,-7.008599042890000241e-01,0.000000000000000000e+00
1.214491911700000060e+01,-1.271486384329999986e+01,-5.198851084119999300e+00,-2.175813322380000248e+00,-1.904988050459999638e+00,-1.852601051329999970e+00,-1.423967480660000229e+00,0.000000000000000000e+00
1.214985861899999975e+01,8.770618268280001573e+00,8.880795968310000177e-01,-7.089670676179999909e+00,-3.613874912260000016e+00,-2.268807172779999881e+00,-1.746072530749999796e+00,0.000000000000000000e+00
1.215475764299999994e+01,2.395145546099999834e+01,5.813691539700000632e+00,-1.256176703900000113e+01,-3.914196729659999541e+00,-2.999667167659999745e+00,-2.784923076629999716e+00,0.000000000000000000e+00
1.215988725599999931e+01,1.852215545289999810e+01,1.501608209940000016e+01,-1.536438817199999995e+01,-3.696888446810000062e+00,-3.522601604459999702e+00,-2.890021562580000314e+00,0.000000000000000000e+00
1.216502754799999941e+01,2.110526874250000162e+01,2.403399696610000191e+01,-1.975260325680000051e+01,-2.977127790449999978e+00,-4.667464733120000098e+00,-2.319071292879999913e+00,0.000000000000000000e+00
1.216975612899999959e+01,7.252299863460001106e+00,3.000374474449999695e+01,-3.156214089260000222e+01,-3.194363832469999664e+00,-6.352760314939999375e+00,-1.490156769749999999e+00,0.000000000000000000e+00
1.217481685499999955e+01,-3.122236767050000239e+01,2.349770280849999793e+01,-2.456426119590000212e+01,-3.351373195649999914e+00,-8.456250190730001393e+00,2.924587130549999858e-01,0.000000000000000000e+00
1.217997631200000086e+01,-5.046938287359999720e+01,1.712036908549999836e+01,-3.334527167889999788e+01,-2.779238939290000321e+00,-8.822986602780000354e+00,1.686546325679999958e+00,0.000000000000000000e+00
1.218488239999999934e+01,-4.512419205819999490e+01,5.411826310800000428e+00,-1.719695431259999907e+01,-1.943474411959999815e+00,-8.000144004819999211e+00,1.099033474920000142e+00,0.000000000000000000e+00
1.218977775799999996e+01,-2.806873412849999738e+01,-1.841197775279999860e+01,-4.079801461969999821e+00,2.194237411019999973e-01,-3.649633646010000287e+00,1.393269777299999790e+00,0.000000000000000000e+00
1.219488301099999994e+01,8.827931808609999820e+00,-2.782367683340000042e+01,-1.285747666299999992e+01,1.098597049709999940e+00,4.443901181220000218e-01,2.243278980259999944e+00,0.000000000000000000e+00
1.219988510900000023e+01,7.048010632060001335e+00,-1.513967691490000078e+01,-2.003743375930000070e+01,7.380563020710000366e-01,2.879916667940000341e+00,2.897827386859999965e+00,0.000000000000000000e+00
1.220490411099999939e+01,1.172492926140000158e+01,-1.471960119870000083e+00,-1.116422897680000048e+01,-9.397926330570000042e-01,3.251136779790000375e+00,2.487926721570000055e+00,0.000000000000000000e+00
1.220982555600000019e+01,-1.143640224239999981e+01,7.214234628959999895e+00,-5.809885717680000283e+00,-2.203618288040000373e+00,4.471910297869999829e-01,2.219338893890000275e+00,0.000000000000000000e+00
1.221483042200000035e+01,-2.388392213999999925e+01,8.198893316319999514e+00,-1.484914498579999886e+01,-3.217922687530000214e+00,-2.406805038449999934e+00,1.820611476899999914e+00,0.000000000000000000e+00
1.221989513099999947e+01,-6.557042347600000598e-01,3.162136581950000025e+00,-5.438010553369999833e+00,-3.111728906629999791e+00,-3.811976671219999613e+00,1.316433787350000051e+00,0.000000000000000000e+00
1.222486791300000064e+01,9.850087429060000455e-01,1.118499075589999947e+00,-7.942187084460001323e+00,-1.384383678439999876e+00,-2.780234575270000175e+00,3.821706473830000506e-01,0.000000000000000000e+00
1.223000425100000044e+01,-1.643355235800000003e+01,4.012532344820000096e-01,-1.153146771349999966e+01,-3.931137025360000314e-01,-1.619864344600000061e+00,3.071430623529999848e-01,0.000000000000000000e+00
1.223493251000000015e+01,-5.638541893539999350e+00,3.538075926959999951e+00,-8.786087055569998583e+00,3.681226074700000295e-01,-6.649789810180000149e-01,4.384596347810000294e-01,0.000000000000000000e+00
1.223987516300000067e+01,-5.671778392710000283e+00,1.923247989720000106e+00,-1.034234794530000023e+01,2.896282076839999942e-01,3.333851695060000009e-01,6.352131366730000561e-01,0.000000000000000000e+00
1.224488437499999982e+01,-4.224588703090000230e+00,-1.505734086919999992e+00,-9.787284205269999759e+00,-4.307241141800000617e-01,3.886221051219999612e-01,1.085147142409999876e+00,0.000000000000000000e+00
1.224991598499999945e+01,-7.783990326669999460e-01,-2.204641649720000096e+00,-1.024975149469999991e+01,-1.077830433849999991e+00,7.671954482789999918e-02,1.340987682339999987e+00,0.000000000000000000e+00
1.225478748599999967e+01,-2.538264678650000050e+00,-1.426153039079999907e+00,-9.806790285249999073e+00,-1.067250490189999956e+00,-2.471890486779999840e-02,1.264097690579999878e+00,0.000000000000000000e+00
1.226001383300000036e+01,-3.324224209700000099e+00,4.024129533100000156e-02,-1.055068791340000089e+01,-8.305737376209999523e-01,-2.259465903039999946e-01,1.038605809210000119e+00,0.000000000000000000e+00
1.226499180499999930e+01,-2.359295328079999976e+00,1.357056121969999918e+00,-1.053137647920000042e+01,-5.003545284270000115e-01,-4.621696472169999903e-01,6.702746748919999886e-01,0.000000000000000000e+00
1.226986534399999940e+01,-4.472320478119999443e+00,1.061471293400000127e+00,-9.616277065750001185e+00,-3.601910471920000134e-01,-5.082382559779999864e-01,5.599912405010000205e-01,0.000000000000000000e+00
1.227471747000000057e+01,-3.703322603259999735e+00,9.593908289810000323e-01,-1.018325394640000070e+01,-4.406653940680000381e-01,-5.925828218460000851e-01,5.141221880909999653e-01,0.000000000000000000e+00
1.227989477700000087e+01,-4.294638390869999434e+00,1.244752077440000049e+00,-9.877897373130000602e+00,-5.081326365470000272e-01,-4.212219119070000350e-01,4.833255708220000058e-01,1.000000000000000000e+00
1.228487379399999924e+01,-5.171089801489999971e+00,1.508923822869999931e+00,-9.928695832480000760e+00,-5.377651453019999250e-01,-1.210240572690000072e-01,4.808360636230000207e-01,1.000000000000000000e+00
1.228986046099999996e+01,-4.147645456400000263e+00,1.979832777379999964e+00,-9.755731713670000360e+00,-5.285995006560000320e-01,7.296856492760001034e-02,3.548738658429999582e-01,1.000000000000000000e+00
1.229493035499999998e+01,-4.124673453879999840e+00,2.114603066879999993e+00,-9.852091900750000519e+00,-4.392502605919999525e-01,8.934123069049999810e-02,2.159531563520000197e-01,1.000000000000000000e+00
1.229995428299999993e+01,-3.372761738379999930e+00,2.239072619369999906e+00,-1.033267878419999874e+01,-3.608044087889999973e-01,5.813949741419999727e-03,8.087269961830000423e-03,1.000000000000000000e+00
1.230485571600000050e+01,-2.819712553060000015e+00,9.261757379260000533e-01,-1.040800144389999993e+01,-3.226961791519999956e-01,-1.365529745819999974e-01,-1.049171015619999869e-01,1.000000000000000000e+00
1.230985081000000037e+01,-2.850304675199999860e+00,-4.183827215240000230e-01,-1.029202879390000014e+01,-2.766242027279999793e-01,-2.150958627459999828e-01,-1.623025834559999880e-01,1.000000000000000000e+00
1.231489789599999973e+01,-2.951660770870000228e+00,-9.421887150939999289e-01,-1.057853102910000054e+01,-3.109686672690000209e-01,-1.937283575529999968e-01,-1.197508648040000040e-01,1.000000000000000000e+00
1.231983083599999951e+01,-2.859968283339999751e+00,-7.991402804659999415e-01,-1.063185579199999964e+01,-3.316986858839999774e-01,-1.620888859029999962e-01,-6.503041833639999769e-02,1.000000000000000000e+00
1.232489377599999969e+01,-3.014865415059999609e+00,-7.358874132170000193e-01,-1.093405010190000048e+01,-3.130313754080000233e-01,-1.449503749609999947e-01,4.618234001100000874e-03,1.000000000000000000e+00
1.232992146299999980e+01,-2.515111182080000063e+00,-2.721941622399999816e-01,-1.118202182309999948e+01,-2.978384196759999991e-01,-2.596914768220000003e-01,5.026700720189999916e-02,0.000000000000000000e+00
1.233474735899999963e+01,-2.293963754859999593e+00,-4.000129886300000659e-01,-1.173413080499999950e+01,-2.928031682969999827e-01,-4.238451421259999963e-01,5.837976187469999523e-02,0.000000000000000000e+00
1.233967775200000005e+01,-2.085100201279999954e+00,-3.513504818670000196e-01,-1.210006722690000025e+01,-2.794419527049999963e-01,-6.303647160530000404e-01,3.320059925319999994e-02,0.000000000000000000e+00
1.234486305499999936e+01,-1.853143649139999960e+00,-1.979997028029999995e-01,-1.297194592279999981e+01,-3.283897340299999912e-01,-8.647346496580000652e-01,1.529351901259999938e-02,0.000000000000000000e+00
1.234987411000000002e+01,-1.863932754179999929e+00,-3.207480301290000640e-02,-1.320843646510000013e+01,-3.976690769200000308e-01,-1.063498854639999935e+00,-3.129784017799999707e-02,0.000000000000000000e+00
1.235486490099999912e+01,-1.948093677159999926e+00,3.660166110040000143e-01,-1.340692139410000117e+01,-4.831303358079999666e-01,-1.260405898089999921e+00,-5.316612496969999602e-02,0.000000000000000000e+00
1.235999188599999954e+01,-1.583090444450000023e+00,1.115634845270000008e+00,-1.376827867150000095e+01,-5.094195604319999848e-01,-1.461566925049999854e+00,-6.233863905069999406e-02,0.000000000000000000e+00
1.236496717800000056e+01,-1.073464951929999911e+00,1.456277689829999833e+00,-1.394246736369999873e+01,-4.825228750710000014e-01,-1.693709969520000191e+00,-9.902749210599999519e-02,0.000000000000000000e+00
1.236983269699999965e+01,-8.733831090889999649e-01,1.909838911440000286e+00,-1.381674255049999900e+01,-3.570707142350000307e-01,-1.981595635409999723e+00,-1.314418166880000072e-01,0.000000000000000000e+00
1.237489078700000000e+01,-8.654393835430000959e-01,1.891141225229999945e+00,-1.405728149140000127e+01,-2.252259254459999804e-01,-2.312743663790000070e+00,-1.670598387720000078e-01,0.000000000000000000e+00
1.237986680799999917e+01,-9.243104555109999954e-01,1.680690256329999910e+00,-1.421917184299999981e+01,-1.145342215900000127e-01,-2.674656867979999575e+00,-2.068696022029999915e-01,0.000000000000000000e+00
1.238472269300000050e+01,-9.191790109059999603e-01,1.516879750310000219e+00,-1.416759947660000130e+01,-6.489319354299999398e-02,-2.992074728009999962e+00,-2.250275760889999810e-01,0.000000000000000000e+00
1.238972741299999925e+01,-7.529737917709999895e-01,1.600374318339999880e+00,-1.427128080039999958e+01,-9.861779212950000373e-02,-3.279454708099999838e+00,-3.095836341379999967e-01,0.000000000000000000e+00
1.239487446699999929e+01,-6.251433845409999357e-01,1.479258167929999868e+00,-1.403806591880000099e+01,-1.857802122830000124e-01,-3.518628835680000400e+00,-3.609730601310000009e-01,0.000000000000000000e+00
1.240000010700000033e+01,-2.278213337620000056e-01,1.923508101959999772e+00,-1.341776661329999953e+01,-2.480602711440000052e-01,-3.769755125050000100e+00,-4.299956262110000149e-01,0.000000000000000000e+00
1.240481900300000007e+01,-1.878123265159999944e-01,2.368200226809999975e+00,-1.290442429219999987e+01,-3.018680810930000069e-01,-3.973487615590000299e+00,-5.303629636759999988e-01,0.000000000000000000e+00
1.240983580900000049e+01,-4.783056040999999481e-01,2.329404339939999957e+00,-1.251025312490000019e+01,-3.188339769839999560e-01,-4.216718196869999602e+00,-5.587871074679999772e-01,0.000000000000000000e+00
1.241486146499999954e+01,-3.614642449289999782e-01,2.282119441679999916e+00,-1.189537116829999874e+01,-2.646936178209999824e-01,-4.412864208219999362e+00,-6.000576019290000396e-01,0.000000000000000000e+00
1.241976484899999988e+01,-4.272828710120000206e-01,1.656249642560000179e+00,-1.150901973480000073e+01,-1.481747180219999960e-01,-4.596292972559999690e+00,-6.034802198409999763e-01,0.000000000000000000e+00
1.242483980299999935e+01,-7.625975793580000439e-02,1.256847442770000045e+00,-1.137858952040000027e+01,-5.846871063109999184e-02,-4.763577461239999700e+00,-4.873147010800000234e-01,0.000000000000000000e+00
1.242986205799999944e+01,3.157051314579999990e-01,5.257064203630000820e-01,-1.173907352209999999e+01,-1.253325585280000085e-02,-4.883738994599999828e+00,-3.877946734430000042e-01,0.000000000000000000e+00
1.243479227299999934e+01,-4.597118897240000113e-01,-2.311319378810000047e-01,-1.154990937910000071e+01,-2.705184556540000257e-02,-5.001070499419999926e+00,-2.828835248950000159e-01,0.000000000000000000e+00
1.243984026500000084e+01,-8.103632468790000765e-01,-1.234164632449999965e+00,-1.128995028289999958e+01,-1.394831389189999937e-01,-5.186832427980000659e+00,-1.298116743559999953e-01,0.000000000000000000e+00
1.244500208600000057e+01,-7.452820682240000050e-01,-2.021294230190000096e+00,-1.025735261730000047e+01,-3.369669914249999731e-01,-5.372012138369999690e+00,5.082797259090000158e-02,0.000000000000000000e+00
1.244985798199999927e+01,-4.951445472309999873e-01,-2.243627360070000076e+00,-9.745449389110000027e+00,-5.077164173129999902e-01,-5.611404895780000679e+00,2.318359315399999843e-01,0.000000000000000000e+00
1.245499102299999983e+01,-1.331031307750000003e+00,-1.806553747400000187e+00,-9.855431858830000280e+00,-6.806674599649999990e-01,-5.809962272640000869e+00,3.049968481060000292e-01,0.000000000000000000e+00
1.245999902600000020e+01,-4.146358923719999368e+00,-1.233718934510000143e+00,-1.011607601470000084e+01,-8.652034997939999084e-01,-6.100770950319999386e+00,4.006560444829999623e-01,0.000000000000000000e+00
1.246482423299999986e+01,-6.092825291950000555e+00,-1.177004748309999904e+00,-1.090258645760000000e+01,-9.880085587500000432e-01,-6.314710617070000254e+00,4.222109019759999748e-01,0.000000000000000000e+00
1.246968917100000063e+01,-8.212232105850000963e+00,-9.154987149590000373e-01,-1.143568795660000070e+01,-1.112925529480000009e+00,-6.488820552830000032e+00,4.003327786920000131e-01,0.000000000000000000e+00
1.247478401200000064e+01,-1.217712825469999949e+01,2.322420088809999672e-02,-1.213902794890000081e+01,-1.247179746629999864e+00,-6.574947834010000491e+00,3.245114088059999902e-01,0.000000000000000000e+00
1.247986918099999976e+01,-1.439312438829999863e+01,2.748165648990000265e-01,-1.297289752440000044e+01,-1.321805238720000109e+00,-6.521533012389999939e+00,2.614637017249999973e-01,0.000000000000000000e+00
1.248489321599999968e+01,-1.557012000349999958e+01,7.816936172329999044e-01,-1.441240425829999872e+01,-1.266715168950000026e+00,-6.255522727969998975e+00,1.650574505329999997e-01,0.000000000000000000e+00
1.248991849999999992e+01,-1.441570914509999923e+01,1.351541157940000071e+00,-1.439379541939999996e+01,-1.103499054909999888e+00,-5.979268550870000531e+00,1.432568281890000128e-01,0.000000000000000000e+00
1.249489809600000001e+01,-1.393040400089999942e+01,6.128860335789999558e-01,-1.458883517650000172e+01,-9.825555086139999839e-01,-5.620711326599999502e+00,2.847022414209999797e-01,0.000000000000000000e+00
1.249993467000000003e+01,-1.333801678470000063e+01,3.911429785519999758e-01,-1.505208864779999978e+01,-9.460633397100000064e-01,-5.344340801240000438e+00,4.543461501600000174e-01,0.000000000000000000e+00
1.250486826700000087e+01,-1.177698444279999990e+01,-3.491736492849999429e-01,-1.447123521750000030e+01,-1.117640256879999905e+00,-5.250666141509999996e+00,6.109264492989999740e-01,0.000000000000000000e+00
1.250997832200000026e+01,-1.270895900319999861e+01,-1.283061349829999864e+00,-1.551307534319999881e+01,-1.356031298639999827e+00,-5.231730937960000105e+00,6.637269258500000380e-01,0.000000000000000000e+00
1.251498651700000053e+01,-1.535561917460000103e+01,-2.222956912479999936e+00,-1.533094884380000167e+01,-1.684496641159999974e+00,-5.209972858430000464e+00,6.356166601179999986e-01,0.000000000000000000e+00
1.251988874799999962e+01,-2.102291662260000038e+01,-4.671839061049999908e-01,-1.891994481060000055e+01,-1.948853611949999953e+00,-4.992217540739999571e+00,4.022687375550000333e-01,0.000000000000000000e+00
1.252488523399999920e+01,-2.382218727610000286e+01,3.581588467080000227e-01,-1.889414050730000127e+01,-2.017290830609999919e+00,-4.447239398959999868e+00,9.457971155639999239e-02,0.000000000000000000e+00
1.252999378900000060e+01,-2.038987006369999833e+01,-2.937759159839999912e-01,-1.850962681069999860e+01,-1.929634809489999991e+00,-3.801065206530000573e+00,1.523884106429999885e-02,0.000000000000000000e+00
1.253484733300000009e+01,-1.418425250529999992e+01,-1.067241839630000078e+00,-1.991173349600000009e+01,-1.839022397990000224e+00,-2.942523002620000216e+00,1.291545331479999892e-01,0.000000000000000000e+00
1.253986886300000059e+01,-8.386139642989999032e+00,-3.058765054810000272e+00,-1.872448887400000217e+01,-1.849917292590000040e+00,-2.362264633179999684e+00,3.052161335949999943e-01,0.000000000000000000e+00
1.254490968700000053e+01,-9.427649806119999809e-01,-4.513371742689999522e+00,-1.565726987910000112e+01,-1.988874673840000051e+00,-1.881431460379999976e+00,4.388607442379999779e-01,0.000000000000000000e+00
1.254972909099999967e+01,4.781182721409999559e+00,-4.994561268200000015e+00,-1.029133905810000016e+01,-2.269988775249999868e+00,-1.612008929250000167e+00,4.613480865959999622e-01,0.000000000000000000e+00
1.255489507499999924e+01,1.538793037569999989e+01,-9.412303476169999072e+00,-4.036798478809999757e+00,-2.703129053120000513e+00,-1.133541226389999990e+00,5.860106945040000070e-01,0.000000000000000000e+00
1.256001047700000051e+01,-1.608731666190000098e+01,-5.377179360310000433e+00,-1.524398952219999970e+01,-2.974946260450000324e+00,-2.439999580379999866e+00,3.819149732590000346e-01,0.000000000000000000e+00
1.256499355300000076e+01,-2.207136885989999797e+01,-2.404826076149999992e+00,-2.521145318449999806e+01,-3.406666278839999951e+00,-2.911746263500000431e+00,4.666059613229999736e-01,0.000000000000000000e+00
1.256996965599999960e+01,-1.977112091020000051e+01,-7.024409976239999409e+00,-2.746558937140000012e+01,-3.388030529019999904e+00,-2.958698749539999895e+00,2.840763330459999958e-01,0.000000000000000000e+00
1.257487202499999945e+01,-9.668550858339999721e+00,-6.685957189069999806e+00,-2.664631881460000074e+01,-3.255208253859999790e+00,-2.480808258060000160e+00,7.843931764360000114e-02,0.000000000000000000e+00
1.258000014099999930e+01,-1.102954110489999984e+01,-2.733608094800000110e+00,-2.404294716530000287e+01,-3.119801044459999950e+00,-8.090342283249999378e-01,2.976104058329999760e-02,0.000000000000000000e+00
1.258479690399999917e+01,-1.068239823080000050e+01,-3.988286669090000292e+00,-2.161927858760000376e+01,-3.217649459840000059e+00,8.134649991989999496e-01,2.778395265339999795e-02,0.000000000000000000e+00
1.258997204199999942e+01,-4.967244222200000614e+00,-6.951817033719999372e+00,-1.972440825890000227e+01,-3.425440311430000051e+00,1.796832084659999884e+00,2.022669315339999940e-01,0.000000000000000000e+00
1.259492324200000013e+01,-1.110274560339999939e+00,-8.081645824039998871e+00,-1.741056432999999970e+01,-3.407020330429999966e+00,2.284286022190000320e+00,5.651612877849999661e-01,0.000000000000000000e+00
1.259978378899999996e+01,6.930024304109999589e-01,-5.784619758999999917e+00,-1.647614529910000059e+01,-3.247568130490000371e+00,2.320926904679999847e+00,8.012092113490000278e-01,0.000000000000000000e+00
1.260488360199999924e+01,3.546993977430000111e+00,-3.735325176719999973e+00,-1.606932274000000049e+01,-2.961491107940000145e+00,2.096174955369999982e+00,7.839818000789999797e-01,0.000000000000000000e+00
1.260988345600000038e+01,2.450155164179999900e+00,-2.088291544670000111e+00,-1.475091958930000047e+01,-2.718970537190000591e+00,1.910265803340000179e+00,8.048540353780000434e-01,0.000000000000000000e+00
1.261498368900000067e+01,3.055770549170000017e+00,-2.299950135790000072e+00,-1.488870776529999951e+01,-2.535597562790000037e+00,1.845099925990000056e+00,8.473621010780000296e-01,0.000000000000000000e+00
1.261980231299999922e+01,1.827288492400000117e-02,-3.218688782520000125e+00,-1.317601888109999919e+01,-2.290872812269999947e+00,2.177507400510000135e+00,1.068713188170000050e+00,0.000000000000000000e+00
1.262494078699999989e+01,-5.826072151719999259e-02,-3.843517840420000109e+00,-1.230885493880000148e+01,-2.026303291320000088e+00,2.734532833099999838e+00,1.277559757229999926e+00,0.000000000000000000e+00
1.262987007399999939e+01,5.006108498129999695e-01,-4.679056810409999656e+00,-1.156572069619999965e+01,-1.798747420309999789e+00,3.377954244609999712e+00,1.537191748620000187e+00,0.000000000000000000e+00
1.263472553899999973e+01,2.034085614969999956e+00,-5.657420781540000831e+00,-1.048242277089999952e+01,-1.750839829440000051e+00,3.820578575130000321e+00,1.778743028640000334e+00,0.000000000000000000e+00
1.263992977200000034e+01,3.684916301219999912e+00,-7.217212183470000042e+00,-9.362343221210000621e+00,-1.755575776100000152e+00,4.112575531010000063e+00,1.951837062840000137e+00,0.000000000000000000e+00
1.264499616400000015e+01,5.123740605819999239e+00,-8.023639625269998632e+00,-8.374544482260001033e+00,-1.819584488869999905e+00,4.202934265139999681e+00,2.101450920100000008e+00,0.000000000000000000e+00
1.264987978499999954e+01,5.722690833829999768e+00,-8.317089487639998779e+00,-7.333867555080000322e+00,-1.861858606340000000e+00,4.197371959690000764e+00,2.163386344910000147e+00,0.000000000000000000e+00
1.265488058799999926e+01,5.565595315280000399e+00,-8.119404184540000458e+00,-6.026019116130000519e+00,-1.919859766959999714e+00,4.150080204009999996e+00,2.188972711559999951e+00,0.000000000000000000e+00
1.265984300999999945e+01,4.947567461830000290e+00,-8.107747649020000225e+00,-5.092839271599999940e+00,-1.928022265429999882e+00,4.121721267699999913e+00,2.188996791840000178e+00,0.000000000000000000e+00
1.266492882300000034e+01,4.146968580050000241e+00,-8.239486607999999990e+00,-4.463612855530000090e+00,-1.936465263370000134e+00,4.174288272860000149e+00,2.146778345109999986e+00,0.000000000000000000e+00
1.266987456999999928e+01,3.260807384059999592e+00,-7.985630504869999591e+00,-3.822019125309999765e+00,-1.865851759909999963e+00,4.340487003329999816e+00,2.096802711490000082e+00,0.000000000000000000e+00
1.267496829799999958e+01,3.321635362250000334e+00,-7.553954659600000454e+00,-3.021406507270000041e+00,-1.704033970830000078e+00,4.562723159789999983e+00,2.010725975040000169e+00,0.000000000000000000e+00
1.267986245800000056e+01,3.707755325009999936e+00,-7.140152324660000716e+00,-2.061565158040000068e+00,-1.468759655950000020e+00,4.765619754790000329e+00,1.925395727159999959e+00,0.000000000000000000e+00
1.268486912700000069e+01,3.857434722089999823e+00,-6.841387989279999360e+00,-1.030248983599999946e+00,-1.117095589640000108e+00,4.838441371920000122e+00,1.829809069630000007e+00,0.000000000000000000e+00
1.268984082200000074e+01,3.833742880849999590e+00,-6.981790147180000794e+00,-1.026634154109999919e-01,-7.092431783679999935e-01,4.802756309509999433e+00,1.717354655270000086e+00,0.000000000000000000e+00
1.269484449299999973e+01,3.519122512430000516e+00,-7.389409409560000697e+00,4.640848075779999693e-01,-2.225348055359999966e-01,4.705934524539999941e+00,1.569872498510000103e+00,0.000000000000000000e+00
1.269994628100000078e+01,2.506851887779999899e+00,-7.947437260080000065e+00,6.968064258040000958e-01,2.395778000349999826e-01,4.592930316930000423e+00,1.405937552449999961e+00,0.000000000000000000e+00
1.270486612100000023e+01,1.718819349850000178e+00,-8.552339674489997989e+00,6.539645514859999675e-01,6.836473345760000209e-01,4.493196964260000037e+00,1.178723335270000172e+00,0.000000000000000000e+00
1.270987904899999954e+01,8.488452454860000440e-01,-9.233329887810000969e+00,4.646975326489999891e-01,1.083906292920000070e+00,4.389143943789999724e+00,9.119410514830000869e-01,0.000000000000000000e+00
1.271488250700000044e+01,-2.079210120329999870e-02,-9.928772989369999635e+00,2.273614246319999865e-01,1.429904103279999728e+00,4.341568946839999832e+00,5.733219385150000180e-01,0.000000000000000000e+00
1.271972721999999933e+01,-1.130473298759999912e+00,-1.070367833470000107e+01,-1.370782193779999936e-01,1.709231257439999929e+00,4.314885139469999409e+00,2.656284868719999692e-01,0.000000000000000000e+00
1.272500093300000046e+01,-1.611201563429999872e+00,-1.126329959190000096e+01,-4.463415725519999655e-01,1.945955514910000073e+00,4.349768638609999627e+00,-9.001436084510000546e-02,0.000000000000000000e+00
1.272987093200000075e+01,-1.818870062009999788e+00,-1.136390282339999835e+01,-7.652937596400000153e-01,2.134565353390000197e+00,4.404997348790000267e+00,-4.573942720889999647e-01,0.000000000000000000e+00
1.273484452499999975e+01,-1.660553038840000051e+00,-1.105635896920000150e+01,-9.364387001999999738e-01,2.269785165790000114e+00,4.428941726680000635e+00,-8.650975227359999353e-01,0.000000000000000000e+00
1.273986120300000024e+01,-1.464166689520000286e+00,-1.068976320660000034e+01,-9.773332398420000455e-01,2.486078739169999885e+00,4.444510936740000417e+00,-1.278133034709999949e+00,0.000000000000000000e+00
1.274497277300000064e+01,-1.586835622329999751e+00,-1.028442650220000054e+01,-1.156082590989999881e+00,2.715188503270000275e+00,4.368381500239999937e+00,-1.635502815249999964e+00,0.000000000000000000e+00
1.274988705500000030e+01,-2.064615777790000273e+00,-9.903610491060000243e+00,-1.484976691699999796e+00,3.018983840940000274e+00,4.291755199429999834e+00,-2.003131151199999849e+00,0.000000000000000000e+00
1.275485568200000053e+01,-2.481575992229999805e+00,-9.098997405209999556e+00,-1.875494012640000374e+00,3.286741495130000246e+00,4.197501659390000306e+00,-2.369019985200000011e+00,0.000000000000000000e+00
1.275997823199999992e+01,-2.677456291719999992e+00,-8.623975754679999994e+00,-2.153204307949999841e+00,3.549476385119999744e+00,4.080057144169999539e+00,-2.692489624020000250e+00,0.000000000000000000e+00
1.276487565899999943e+01,-2.762057359690000435e+00,-8.876752245880000558e+00,-2.691445361850000051e+00,3.799619913099999913e+00,4.003965377809999282e+00,-3.031280517579999945e+00,0.000000000000000000e+00
1.276983334900000067e+01,-3.166700236610000108e+00,-9.021184097689999959e+00,-3.282008285259999436e+00,4.032814979549999457e+00,3.897666215899999731e+00,-3.304607391359999813e+00,0.000000000000000000e+00
1.277481099100000073e+01,-3.411012558579999965e+00,-8.749069868810000372e+00,-3.817871065719999457e+00,4.279542446139999790e+00,3.769230604170000110e+00,-3.561246395109999963e+00,0.000000000000000000e+00
1.277997702500000088e+01,-3.451081534119999628e+00,-7.784483663150000510e+00,-4.257666796830000600e+00,4.500015258790000416e+00,3.607891798019999818e+00,-3.817830562590000198e+00,0.000000000000000000e+00
1.278482157400000041e+01,-3.426960069300000189e+00,-6.687620153840000192e+00,-4.510242212490000568e+00,4.749670028689999768e+00,3.424665212629999900e+00,-4.080673694609999735e+00,0.000000000000000000e+00
1.278976779099999916e+01,-3.555725857680000157e+00,-5.395068652750000027e+00,-4.568762790520000117e+00,5.080847263339999920e+00,3.211495399479999957e+00,-4.291541099549999849e+00,0.000000000000000000e+00
1.279479512400000019e+01,-3.893243702089999925e+00,-4.182186608430000341e+00,-4.338630969589999609e+00,5.497362136840000524e+00,2.929159879679999801e+00,-4.502292156220000230e+00,0.000000000000000000e+00
1.279984255799999993e+01,-4.830815936369999619e+00,-3.472924824869999760e+00,-4.100666555350000131e+00,6.006836414340000374e+00,2.640836715699999893e+00,-4.669049262999999783e+00,0.000000000000000000e+00
1.280469549700000087e+01,-5.508464145780000543e+00,-3.217207604049999503e+00,-4.221614071190000317e+00,6.516447067259999670e+00,2.263923645020000208e+00,-4.814125537869998972e+00,0.000000000000000000e+00
1.280968861100000034e+01,-5.909517473780000252e+00,-3.487430027830000334e+00,-4.549178092350000036e+00,6.928105831149999894e+00,1.848820805550000168e+00,-4.969393730159999301e+00,0.000000000000000000e+00
1.281475090200000011e+01,-6.270336991059999754e+00,-3.827578805269999496e+00,-5.520251029689999811e+00,7.212801933289999745e+00,1.357989668849999942e+00,-5.141522884369999602e+00,0.000000000000000000e+00
1.281971937600000011e+01,-7.792796733460000347e+00,-4.549295873510000199e+00,-8.041816502470000572e+00,7.375582695010000300e+00,7.337151169779999593e-01,-5.326428413389999506e+00,0.000000000000000000e+00
1.282478248199999982e+01,-1.160999121509999910e+01,-6.952533073029999677e+00,-1.143570783040000016e+01,7.380613803860000210e+00,5.614934116600000386e-02,-5.492209434509999433e+00,0.000000000000000000e+00
1.282986795699999938e+01,-1.791234130099999788e+01,-1.100199726439999992e+01,-1.373077925420000156e+01,7.193122386930000722e+00,-4.879588484759999623e-01,-5.552114486690000739e+00,0.000000000000000000e+00
1.283495566400000065e+01,-2.423723522719999934e+01,-1.392787419019999895e+01,-1.546152051249999992e+01,6.687642097469999491e+00,-7.913988828659999086e-01,-5.571733474730000246e+00,0.000000000000000000e+00
1.283985472200000011e+01,-2.792173388750000029e+01,-1.578294909969999971e+01,-1.692181518289999786e+01,5.862977027890000414e+00,-8.314813375470000434e-01,-5.579372406009999175e+00,0.000000000000000000e+00
1.284494912100000086e+01,-2.980894464140000011e+01,-1.671589864259999914e+01,-1.889102617469999856e+01,4.589293479920000252e+00,-4.976983368399999219e-01,-5.626049518589999465e+00,0.000000000000000000e+00
1.284986679000000009e+01,-3.129281424869999739e+01,-1.678468400950000117e+01,-2.028702928239999892e+01,3.124171257020000425e+00,1.032099053260000093e-01,-5.641109466549999674e+00,0.000000000000000000e+00
1.285485767599999996e+01,-3.466376601500000021e+01,-1.388919170059999963e+01,-2.018905172330000042e+01,1.739259719850000163e+00,8.657047748569999257e-01,-5.392087459559999907e+00,0.000000000000000000e+00
1.285993494799999937e+01,-3.685245211679999500e+01,-9.237111159910000424e+00,-1.886704674869999820e+01,6.469804644579999486e-01,1.552122592929999767e+00,-4.964743137360000169e+00,0.000000000000000000e+00
1.286497512200000060e+01,-3.818448865610000098e+01,-2.903672692770000285e+00,-1.575825655700000105e+01,-8.623899891969998704e-03,2.065232038500000034e+00,-4.384680271149999697e+00,0.000000000000000000e+00
1.286987337499999917e+01,-3.838811737780000044e+01,4.178016337009999859e+00,-1.195829962589999873e+01,-1.119046360249999900e-01,2.432412147520000012e+00,-3.721673727039999768e+00,0.000000000000000000e+00
1.287486127899999921e+01,-3.754109372170000114e+01,9.891757556179999966e+00,-8.575003926239999075e+00,2.816103994849999959e-01,2.675412654880000130e+00,-2.993664026259999833e+00,0.000000000000000000e+00
1.287997683799999926e+01,-3.669430855050000417e+01,1.307562607750000083e+01,-5.804069140349999323e+00,1.073264002800000005e+00,2.777604579929999762e+00,-2.121101856230000138e+00,0.000000000000000000e+00
1.288480111600000022e+01,-3.697484632439999785e+01,1.353307173930000040e+01,-3.581154313450000348e+00,2.017864704129999964e+00,2.711822509770000167e+00,-1.010135769839999975e+00,0.000000000000000000e+00
1.288985840700000018e+01,-3.659968848510000328e+01,1.222972353439999971e+01,-8.062178176369999560e-01,2.806242942809999530e+00,2.548766136170000252e+00,2.382189333439999890e-01,0.000000000000000000e+00
1.289497926600000000e+01,-3.527729188090000179e+01,1.009621629889999994e+01,2.617248783520000011e+00,3.361552000050000100e+00,2.353976249690000078e+00,1.429640054699999885e+00,0.000000000000000000e+00
1.289990137100000034e+01,-3.372698551559999913e+01,6.829250392239999634e+00,5.627485662000000666e+00,3.592366695400000420e+00,2.230668544769999873e+00,2.440172672270000120e+00,0.000000000000000000e+00
1.290483639600000032e+01,-3.194185332640000041e+01,2.376371550560000045e+00,7.683907904199999805e+00,3.560719728469999623e+00,2.093307495119999917e+00,3.333946704860000221e+00,0.000000000000000000e+00
1.290994506200000025e+01,-3.029102790090000141e+01,-1.353507051189999810e+00,9.274457432489999320e+00,3.360468149190000364e+00,1.924260258670000168e+00,4.142663478850000303e+00,0.000000000000000000e+00
1.291484622499999979e+01,-2.781683792729999993e+01,-2.294488070989999962e+00,1.096451772079999998e+01,3.064459800720000349e+00,1.612054347990000025e+00,4.789191246030000570e+00,0.000000000000000000e+00
1.291995330399999986e+01,-2.717305253219999628e+01,-1.613914914049999982e+00,6.181643977610000285e+00,2.680850505830000063e+00,1.178250908849999945e+00,5.110297203060000015e+00,0.000000000000000000e+00
1.292483409099999925e+01,-3.515403725710000060e+01,-3.356168973949999668e+01,8.375834522070000787e+00,1.594872951509999970e+00,1.187494158740000083e+00,6.150179386139999593e+00,0.000000000000000000e+00
1.292985056600000071e+01,-2.118929727130000273e+01,-4.178614653609999863e+01,8.052413299810000424e+00,2.083005197350000157e-02,1.156888082619999952e-01,8.720195770260000145e+00,0.000000000000000000e+00
1.293483313499999987e+01,2.204603509670000072e+00,-2.070105548920000160e+01,4.640866195959999274e+00,-3.855284214019999656e+00,6.653861403469999436e-01,9.148777008060001492e+00,0.000000000000000000e+00
1.293987181099999972e+01,-1.999846251589999824e+01,2.786621599840000130e+01,-2.239260981550000196e+00,-9.092026710510001664e+00,7.368213534360000816e-01,8.595356941220000380e+00,0.000000000000000000e+00
1.294485731299999998e+01,-2.359008766219999842e+01,2.690841141570000161e+01,-2.145488063710000048e+01,-9.493288993840000245e+00,-8.062976002689998811e-01,6.274549961089999961e+00,0.000000000000000000e+00
1.294996412999999968e+01,-2.244805814649999931e+01,-3.474835773059999910e-01,-1.919810474940000233e+01,-9.567261695860000970e+00,4.395442605020000171e-01,3.483927011490000059e+00,0.000000000000000000e+00
1.295494437400000010e+01,-3.023656916550000062e+01,2.267350122510000077e+01,-1.584531758530000012e+01,-9.612672805789999941e+00,2.381444215770000206e+00,1.391111850739999989e+00,0.000000000000000000e+00
1.295985708000000081e+01,-1.241813832029999887e+01,5.925281561520000650e+01,-2.234353043509999637e+00,-9.476588249209999759e+00,4.592798709870000273e+00,7.403014898299999924e-01,0.000000000000000000e+00
1.296496928100000012e+01,8.322735969089999131e+00,6.304742417100000296e+01,-1.327770347799999939e+01,-5.515545368189999742e+00,4.912266254430000423e+00,7.780446670949999442e-03,0.000000000000000000e+00
1.296999983899999975e+01,-1.381112178799999946e+01,2.889191162959999915e+01,-1.625025915290000000e+01,-2.883720636370000090e+00,4.118789672850000194e+00,1.358858108519999996e+00,0.000000000000000000e+00
1.297484332900000048e+01,-5.273619032590000089e+00,6.582965601149999735e+00,-1.294296532749999962e+01,-2.329715967179999847e+00,3.284837007520000185e+00,1.483256220820000193e+00,0.000000000000000000e+00
1.297985679299999973e+01,1.486343450010000122e+00,1.401687816929999997e+01,-1.429047533019999960e+01,-2.073061943049999911e+00,2.253783702849999848e+00,1.431158542629999753e+00,0.000000000000000000e+00
1.298476593700000059e+01,-4.270452044119999790e+00,2.156864028729999916e+01,-1.817634178149999968e+01,-2.559584140779999739e+00,1.211885213850000031e+00,2.034830749029999941e-01,0.000000000000000000e+00
1.298976320300000076e+01,6.689865302419999438e+00,1.550942091229999953e+01,-1.835990035960000100e+01,-1.997703552249999959e+00,1.323030591010000201e+00,-3.894733786580000245e-01,0.000000000000000000e+00
1.299498913000000044e+01,7.999876472369999547e+00,8.319599424630000684e+00,-1.777883065620000025e+01,-5.626006126399999419e-01,1.362676262860000209e+00,-4.867900907989999859e-01,0.000000000000000000e+00
1.299983905799999917e+01,1.538387379380000031e+00,4.663257475990000067e+00,-1.204223463109999948e+01,1.111513972279999818e+00,1.316926479339999956e+00,-2.088979929689999959e-01,0.000000000000000000e+00
1.300477187299999926e+01,1.873028207050000171e+00,-3.168020087029999932e+00,-1.481283799309999871e+01,1.773486971859999928e+00,1.241840481759999948e+00,1.871590614319999790e-01,0.000000000000000000e+00
1.300995788900000072e+01,5.659812645110000595e+00,-5.087916428239999789e+00,-1.568211556660000028e+01,1.622599244119999895e+00,2.752621099349999642e-02,2.856321036819999826e-01,0.000000000000000000e+00
1.301496095100000083e+01,1.566674585570000167e+00,-3.803287829100000295e+00,-1.413955528540000017e+01,6.209400296210000336e-01,-6.884384751319999607e-01,3.083994388580000301e-01,0.000000000000000000e+00
1.301992791800000049e+01,-1.987344322059999779e+00,-3.106969406010000156e+00,-1.054488127289999966e+01,-4.122014939790000221e-01,-8.943161368369999531e-01,7.708070427179999906e-02,0.000000000000000000e+00
1.302482180800000044e+01,-2.925629965299999746e+00,-3.379258991439999971e+00,-9.196596778689999141e+00,-9.593606591220000812e-01,-9.734507799150000640e-01,-2.251101434230000087e-01,0.000000000000000000e+00
1.302993262100000038e+01,-5.037395032270000073e+00,2.485072529109999817e-01,-8.604321206139999845e+00,-1.058004975320000041e+00,-7.974273562429999851e-01,-2.314282953740000037e-01,0.000000000000000000e+00
1.303487628999999970e+01,-5.214623822790000141e+00,3.558895719890000198e+00,-8.055958425069999151e+00,-6.913981437680000175e-01,-5.526701807980000103e-01,1.481918850910000050e-03,0.000000000000000000e+00
1.303963225500000078e+01,-5.622479816540000286e+00,3.698066290169999437e+00,-8.911146098390000603e+00,-2.022697478530000037e-01,-2.512286305429999866e-01,2.316769957539999980e-01,0.000000000000000000e+00
1.304480921699999918e+01,-4.001713136900000300e+00,1.495902282610000134e+00,-8.888012475560001846e+00,1.079616099599999962e-01,-1.032637506719999987e-01,2.372856587169999976e-01,0.000000000000000000e+00
1.304984062599999994e+01,-2.724626623699999861e+00,1.405961369719999909e-01,-9.489909862939999385e+00,1.450771391389999998e-01,-4.366987198589999952e-02,1.065891534090000065e-01,0.000000000000000000e+00
1.305485226100000062e+01,-2.302831390320000171e+00,7.350064565310000797e-02,-9.921616103350000770e+00,1.449019368739999994e-02,-1.666252017019999865e-01,-2.489438280460000083e-02,1.000000000000000000e+00
1.305985694700000010e+01,-5.034920751109999593e+00,-1.591547891679999938e-01,-9.431236724699999741e+00,-7.832344621419999597e-02,-2.773174643519999982e-01,-8.923777192829999982e-02,1.000000000000000000e+00
1.306494967999999979e+01,-1.318387807010000135e+00,-1.017775432610000141e+00,-9.207270732919999645e+00,4.398908838630000151e-02,-1.631629616020000006e-01,6.486804038290000518e-02,1.000000000000000000e+00
1.306984306600000068e+01,-3.228705734140000505e+00,7.009875108799999976e-01,-9.539317744710000824e+00,7.626413553949999702e-02,-4.387556910509999852e-01,1.092928126450000009e-01,1.000000000000000000e+00
1.307496646000000062e+01,-3.596296937519999570e+00,-5.875808388659999881e-01,-9.188626822730000754e+00,8.747627586130000965e-02,-1.851447522639999843e-01,1.492020934820000033e-01,1.000000000000000000e+00
1.307996971799999919e+01,-3.285176101650000291e+00,-5.762103172089999559e-01,-9.820761527460000195e+00,1.060865223409999947e-01,-2.972724735739999957e-01,1.726633757350000131e-01,1.000000000000000000e+00
1.308485471400000044e+01,-3.737835698240000060e+00,-1.625595218610000059e-02,-9.005424803019998592e+00,1.667081005870000091e-02,-1.576865911480000160e-01,1.176432892679999953e-01,1.000000000000000000e+00
1.308985867200000008e+01,-3.230090174240000334e+00,-6.726759008930001116e-01,-9.254377936530000071e+00,-4.449508711699999564e-02,-1.725168824199999895e-01,1.507159173490000004e-01,1.000000000000000000e+00
1.309483377199999943e+01,-3.088875530909999778e+00,-2.084866282930000203e-01,-9.461667518789999676e+00,-8.036944270130000345e-02,-1.748980432749999980e-01,1.525670140979999978e-01,1.000000000000000000e+00
1.309994879399999945e+01,-2.848324899559999679e+00,-2.370857682510000009e-01,-1.018145361899999912e+01,-7.386962324380000333e-02,-1.409747749570000042e-01,1.677330583330000069e-01,1.000000000000000000e+00
1.310483074799999947e+01,-2.409720570200000189e+00,5.941689120190000173e-01,-1.059238069070000066e+01,-7.244559377430000169e-02,-1.657974272969999774e-01,1.558922529219999853e-01,1.000000000000000000e+00
1.310986298699999963e+01,-2.433209143940000097e+00,1.020886550359999978e+00,-1.063765775629999943e+01,-1.081423759459999995e-01,-2.047936171290000162e-01,1.431053280829999996e-01,1.000000000000000000e+00
1.311484104600000045e+01,-2.253470562560000001e+00,1.646049881709999996e+00,-1.079955512220000102e+01,-9.577133506539999008e-02,-2.857199907300000397e-01,7.912477850910000499e-02,1.000000000000000000e+00
1.311971443200000031e+01,-1.996770322050000157e+00,1.954233641220000095e+00,-1.106975153469999995e+01,-6.556699424980000357e-02,-3.942837715149999922e-01,4.353464022280000012e-02,1.000000000000000000e+00
1.312471789199999961e+01,-1.930841367460000013e+00,1.858092795979999989e+00,-1.113899165970000027e+01,1.898291148249999991e-02,-5.165294408799999681e-01,2.932519279420000083e-02,1.000000000000000000e+00
1.312977179399999983e+01,-1.980691440039999973e+00,1.576270535310000165e+00,-1.116767999400000022e+01,1.203343793749999946e-01,-5.778354406360000084e-01,-6.329308263960000194e-03,0.000000000000000000e+00
1.313476640500000059e+01,-2.054081378159999804e+00,1.542717371399999760e+00,-1.119163019390000180e+01,1.941774338479999862e-01,-6.726894378659998841e-01,1.510843867440000250e-03,0.000000000000000000e+00
1.313978943899999940e+01,-1.971895846900000082e+00,1.804910071849999964e+00,-1.127433770329999874e+01,2.877938449379999764e-01,-7.721073627469999812e-01,-3.756729513409999555e-02,0.000000000000000000e+00
1.314485082400000060e+01,-2.060284032190000225e+00,1.870301412429999921e+00,-1.144452008240000040e+01,3.634543716910000333e-01,-8.803395032879999249e-01,-6.746685504909999409e-02,0.000000000000000000e+00
1.314995690399999972e+01,-1.823241701220000177e+00,1.528460736379999796e+00,-1.181390050729999963e+01,4.321967363359999759e-01,-9.889175891879999902e-01,-9.905021637679999047e-02,0.000000000000000000e+00
1.315479305799999921e+01,-1.445814748010000095e+00,1.535137437670000216e+00,-1.171492926089999997e+01,5.130151510239999713e-01,-1.154444217679999829e+00,-1.346038579939999869e-01,0.000000000000000000e+00
1.315973816300000010e+01,-1.844365445530000036e+00,1.304842681260000026e+00,-1.169458556109999847e+01,5.467046499250000080e-01,-1.299075484279999859e+00,-1.670750230549999937e-01,0.000000000000000000e+00
1.316477956399999982e+01,-1.960437756559999967e+00,1.140591445739999932e+00,-1.132501458199999966e+01,6.253836154940000114e-01,-1.478562712670000279e+00,-1.763661950829999991e-01,0.000000000000000000e+00
1.316994087600000007e+01,-1.928114865109999743e+00,1.885194701390000005e-01,-1.124169215569999913e+01,6.994772553439999596e-01,-1.621814131739999887e+00,-1.964484155180000191e-01,0.000000000000000000e+00
1.317490023100000052e+01,-2.224141592220000074e+00,-3.192120162009999540e-02,-1.111920325559999867e+01,7.410573959350000850e-01,-1.739717006679999844e+00,-1.965844184159999952e-01,0.000000000000000000e+00
1.317996636200000005e+01,-2.172975468609999794e+00,-3.543049842909999914e-01,-1.068900449720000090e+01,7.253871560100001448e-01,-1.843618988990000096e+00,-1.933496147390000031e-01,0.000000000000000000e+00
1.318483119599999931e+01,-2.081904327849999792e+00,-4.370718590990000374e-01,-1.046946742779999973e+01,7.230619788169999618e-01,-1.932164549829999745e+00,-2.044151127340000096e-01,0.000000000000000000e+00
1.318982798799999934e+01,-2.173338748960000011e+00,-1.250284723260000064e+00,-1.028709893629999961e+01,6.446862220760000151e-01,-2.030770540240000255e+00,-1.656576693060000105e-01,0.000000000000000000e+00
1.319483518300000036e+01,-2.490675536740000418e+00,-1.818309067129999956e+00,-1.007718309720000072e+01,6.188470721239999195e-01,-2.068511247629999605e+00,-1.211369708180000115e-01,0.000000000000000000e+00
1.319979713000000032e+01,-2.887046552139999722e+00,-2.088939048789999919e+00,-9.638092591710000434e+00,5.295180678369999505e-01,-2.080927133559999920e+00,-9.035965055230001097e-02,0.000000000000000000e+00
1.320484207800000043e+01,-2.891305086370000055e+00,-2.292877274799999920e+00,-9.825945067579999304e+00,4.591706395149999786e-01,-2.177121400829999942e+00,-4.035982862109999819e-02,0.000000000000000000e+00
1.320996064799999914e+01,-3.089262192140000085e+00,-2.689801978560000251e+00,-9.773608731139999506e+00,3.485163450240000294e-01,-2.176818847659999889e+00,-4.393485188480000109e-02,0.000000000000000000e+00
1.321494284899999982e+01,-3.189302236779999689e+00,-3.598206278269999725e+00,-9.758151634289999876e+00,2.206648886199999993e-01,-2.213889598849999807e+00,-2.498329430819999988e-02,0.000000000000000000e+00
1.321976075499999936e+01,-3.227093915030000204e+00,-3.344659387230000114e+00,-9.856610254959999651e+00,1.310091465709999903e-01,-2.265120744709999911e+00,3.620380908249999641e-02,0.000000000000000000e+00
1.322480292300000038e+01,-2.931359156600000127e+00,-2.844943148170000491e+00,-9.842335061369999138e+00,4.895175341520000521e-03,-2.328260660170000218e+00,1.165586635469999938e-01,0.000000000000000000e+00
1.322985864300000003e+01,-2.770281874940000222e+00,-3.017061756069999934e+00,-9.868707519980000953e+00,-8.649848401550000454e-02,-2.433114767070000184e+00,2.049247473480000081e-01,0.000000000000000000e+00
1.323478617900000032e+01,-2.922429415689999921e+00,-3.146618694829999896e+00,-9.482250872619999882e+00,-1.594611704349999937e-01,-2.516450881959999997e+00,3.291593790049999746e-01,0.000000000000000000e+00
1.323992027000000071e+01,-3.347378875320000002e+00,-2.926345420090000093e+00,-9.108180828620000113e+00,-1.856312602760000208e-01,-2.611104011540000158e+00,4.254880547519999667e-01,0.000000000000000000e+00
1.324479226499999918e+01,-3.949486982840000326e+00,-2.488919340729999874e+00,-8.614450970489999193e+00,-2.440249919889999897e-01,-2.648117542270000069e+00,4.659883081910000113e-01,0.000000000000000000e+00
1.324988312400000012e+01,-4.607470414579999840e+00,-1.864658145850000004e+00,-8.110156463730000098e+00,-3.317027091979999898e-01,-2.641606330870000185e+00,4.785568714139999957e-01,0.000000000000000000e+00
1.325481272000000033e+01,-5.100374927799999902e+00,-1.700996692909999997e+00,-7.815749739030000143e+00,-3.767529129980000113e-01,-2.613497018809999961e+00,4.970266818999999892e-01,0.000000000000000000e+00
1.325991881600000077e+01,-5.763292893330000943e+00,-1.342167764920000117e+00,-7.680310171970000432e+00,-4.214411675929999879e-01,-2.530035495759999531e+00,5.667212009430000474e-01,0.000000000000000000e+00
1.326483970900000031e+01,-5.839973397430000546e+00,-6.964310896850000043e-01,-7.454808056669999239e+00,-4.275981187820000473e-01,-2.430097341540000233e+00,6.331804394719999785e-01,0.000000000000000000e+00
1.326986473200000027e+01,-5.740845499199999757e+00,-3.808625902189999857e-01,-7.360590726830000818e+00,-4.032328724859999824e-01,-2.379103183749999850e+00,7.129688858989999822e-01,0.000000000000000000e+00
1.327483527899999949e+01,-5.789075569359999562e+00,-1.814981018680000002e-01,-7.433454302989998652e+00,-3.393830358980000073e-01,-2.298153161999999750e+00,7.916817665100001067e-01,0.000000000000000000e+00
1.327984875299999956e+01,-5.761700071179999938e+00,1.774983099089999794e-01,-7.608198875479999401e+00,-2.266187071800000175e-01,-2.265774011610000027e+00,8.403930068019999089e-01,0.000000000000000000e+00
1.328479646000000081e+01,-6.063730714889999263e+00,7.243303194800000400e-01,-7.498167890439999539e+00,-1.267693191769999894e-01,-2.242470026019999896e+00,8.848067522050000466e-01,0.000000000000000000e+00
1.328984159700000056e+01,-6.166124336910000281e+00,8.114312414359999837e-01,-7.387356568689999570e+00,-8.537624031310000333e-03,-2.215293645860000105e+00,9.085987806319999471e-01,0.000000000000000000e+00
1.329491584300000007e+01,-6.196777833849999695e+00,1.429796254419999912e-01,-7.394893393930000336e+00,9.705703705550000615e-02,-2.150027513499999987e+00,9.322371482850000390e-01,0.000000000000000000e+00
1.329984298299999956e+01,-6.485070459590000169e+00,-8.320086039099999775e-01,-7.568364293220000150e+00,1.641250252720000136e-01,-2.058605670930000020e+00,1.003040552140000097e+00,0.000000000000000000e+00
1.330478352299999933e+01,-6.294772928659999600e+00,-1.539240927459999853e+00,-7.556589684269999552e+00,2.022273689510000194e-01,-1.962718486790000272e+00,1.088036179539999981e+00,0.000000000000000000e+00
1.330994304100000036e+01,-6.366510131139999196e+00,-1.599524131249999925e+00,-7.692725416900001001e+00,2.610044181349999715e-01,-1.898772120479999881e+00,1.156105875970000030e+00,0.000000000000000000e+00
1.331494842200000051e+01,-6.731376877979999840e+00,-1.584983564720000127e+00,-7.782165449330000762e+00,3.692912161349999889e-01,-1.886182904240000235e+00,1.262001037600000153e+00,0.000000000000000000e+00
1.331976232300000085e+01,-6.640638622439999139e+00,-1.546107013839999933e+00,-7.644743184019999305e+00,4.980249106880000332e-01,-1.903268933300000132e+00,1.375793099400000052e+00,0.000000000000000000e+00
1.332487633999999943e+01,-6.299775851510000635e+00,-1.788038870419999871e+00,-7.696976644610001195e+00,6.673781871799999710e-01,-1.918334841729999685e+00,1.487826228140000095e+00,0.000000000000000000e+00
1.332999274500000020e+01,-6.311171690269999246e+00,-2.303987720749999912e+00,-8.066206262839999752e+00,7.995578646659999844e-01,-1.901383876799999983e+00,1.619115233420000077e+00,0.000000000000000000e+00
1.333483216099999957e+01,-6.325670755750000041e+00,-2.960667084150000239e+00,-8.456276424530001279e+00,9.470139741899999963e-01,-1.907016634940000177e+00,1.799983024600000148e+00,0.000000000000000000e+00
1.333984978700000035e+01,-6.327859205700000267e+00,-3.600701894480000220e+00,-8.887745933579999758e+00,1.079563736919999961e+00,-1.899057269100000056e+00,1.974355459209999664e+00,0.000000000000000000e+00
1.334475425199999954e+01,-6.405459747250000113e+00,-4.143277616580000711e+00,-8.810652757019999726e+00,1.162662506099999993e+00,-1.875614166259999882e+00,2.141760587690000328e+00,0.000000000000000000e+00
1.334997554699999966e+01,-6.780444568010000062e+00,-4.160929885390000749e+00,-8.646118028380000098e+00,1.261802911760000034e+00,-1.852807998659999900e+00,2.340819120409999954e+00,0.000000000000000000e+00
1.335480236999999981e+01,-6.060004387840000284e+00,-5.030681213850000333e+00,-8.287672254489999446e+00,1.347714900970000018e+00,-1.950657367709999868e+00,2.484562396999999923e+00,0.000000000000000000e+00
1.335995086199999982e+01,-7.492534268470000036e+00,-4.969333887960000418e+00,-9.164730983360000138e+00,1.431843876839999918e+00,-1.912746429440000062e+00,2.692233324049999599e+00,0.000000000000000000e+00
1.336483630899999930e+01,-7.294371411000000194e+00,-4.878774496110000136e+00,-9.511098781439999428e+00,1.537346959110000189e+00,-1.992638468740000057e+00,2.861727476120000002e+00,0.000000000000000000e+00
1.336990835900000008e+01,-7.573104765750000134e+00,-4.815364100210000053e+00,-9.588950082880000281e+00,1.666187644000000079e+00,-1.949934482570000016e+00,3.028033256530000106e+00,0.000000000000000000e+00
1.337482254500000067e+01,-7.347057291519999644e+00,-4.586655005569999943e+00,-9.185416043989999224e+00,1.775832056999999908e+00,-1.910552263259999828e+00,3.194442272190000320e+00,0.000000000000000000e+00
1.337996265299999976e+01,-6.822066618210000044e+00,-4.438004951540000853e+00,-8.815461618610001437e+00,1.928638696669999986e+00,-1.772173762320000012e+00,3.388419866559999605e+00,0.000000000000000000e+00
1.338483266699999952e+01,-6.256416017740000335e+00,-4.369811997540000270e+00,-8.423884559489998480e+00,2.079468727110000081e+00,-1.693568825719999893e+00,3.555248022080000236e+00,0.000000000000000000e+00
1.338986509299999916e+01,-6.009252690249999418e+00,-4.411038618680000134e+00,-8.250033136449999915e+00,2.256970882420000102e+00,-1.654872655870000209e+00,3.758471965790000091e+00,0.000000000000000000e+00
1.339491360799999953e+01,-5.893156121560000571e+00,-3.995828755040000235e+00,-8.370436462420000723e+00,2.431606769559999659e+00,-1.624469399449999907e+00,3.915708065030000018e+00,0.000000000000000000e+00
1.339986771000000054e+01,-5.336345830139999968e+00,-3.310247414540000044e+00,-8.657466520870000792e+00,2.646862745289999985e+00,-1.556995749469999968e+00,4.052192211150000389e+00,0.000000000000000000e+00
1.340485907200000071e+01,-4.840514615819999200e+00,-2.680037540389999862e+00,-9.163211226439999635e+00,2.881414890290000308e+00,-1.384021759029999910e+00,4.192553043369999344e+00,0.000000000000000000e+00
1.340995535999999966e+01,-3.634257834860000091e+00,-1.975128837480000010e+00,-9.126081226970001126e+00,3.168110609049999749e+00,-1.158622860909999996e+00,4.340038776400000131e+00,0.000000000000000000e+00
1.341482372199999951e+01,-2.464304247170000295e+00,-1.899993224729999985e+00,-8.753026497489999613e+00,3.442896842960000203e+00,-9.359579086299999462e-01,4.498771190640000306e+00,0.000000000000000000e+00
1.341990084100000047e+01,-1.806221008320000099e+00,-2.242416669099999815e+00,-8.377306932710000709e+00,3.680775403979999805e+00,-7.891259789470000952e-01,4.600383281710000105e+00,0.000000000000000000e+00
1.342480916899999954e+01,-1.946304163400000009e+00,-2.305529689490000145e+00,-8.449854282529999594e+00,3.896862745290000429e+00,-7.071846723559999104e-01,4.698816776280000163e+00,0.000000000000000000e+00
1.342994711400000085e+01,-1.991684835479999860e+00,-2.080750920029999840e+00,-9.185528272190000010e+00,4.042485713959999671e+00,-6.688752174380000470e-01,4.767727375029999770e+00,0.000000000000000000e+00
1.343471262899999985e+01,-2.168191449200000065e+00,-1.961896430940000213e+00,-9.280634659820000465e+00,4.199144840239999787e+00,-6.520993709560000129e-01,4.825017452240000004e+00,0.000000000000000000e+00
1.343983143400000024e+01,-2.249748327170000284e+00,-1.983759303179999822e+00,-9.934144745530000264e+00,4.266203403469999600e+00,-5.786790847780000080e-01,4.862676620480000267e+00,0.000000000000000000e+00
1.344477230400000067e+01,-1.834062954970000048e+00,-1.473163504309999983e+00,-1.108323411660000168e+01,4.295347213750000392e+00,-4.553597271440000260e-01,4.925349712370000077e+00,0.000000000000000000e+00
1.344987047100000055e+01,-2.022811795149999980e+00,-1.580919384029999986e+00,-1.153499354950000111e+01,4.259634017940000739e+00,-2.866964340209999795e-01,4.971555233000000129e+00,0.000000000000000000e+00
1.345484738699999916e+01,-1.427584533179999893e+00,-1.835739802140000210e+00,-1.188359655930000081e+01,4.242053985600000132e+00,-5.250865966080000419e-02,5.007233619690000026e+00,0.000000000000000000e+00
1.345982057900000051e+01,-6.896480784810000708e-01,-8.653700446340000241e-01,-1.172825752900000040e+01,4.200811386109999823e+00,2.055496275420000130e-01,5.069822311400000281e+00,0.000000000000000000e+00
1.346480611299999985e+01,8.478310269419999656e-01,-1.075698487699999935e-02,-1.091603046099999830e+01,4.178108215330000874e+00,4.410402774809999982e-01,5.106013774870000077e+00,0.000000000000000000e+00
1.346984105299999968e+01,1.564134253439999789e+00,6.206276606820000374e-01,-1.012244262709999987e+01,4.186772346499999742e+00,6.747849583630000092e-01,5.116438865660000168e+00,0.000000000000000000e+00
1.347484261600000011e+01,2.168859703849999931e+00,9.231213187909999007e-01,-9.119188544840000077e+00,4.266215801240000438e+00,8.377455472949999482e-01,5.163545131680000289e+00,0.000000000000000000e+00
1.347990850799999940e+01,1.898836163650000186e+00,1.325322428580000045e+00,-8.523805069399999823e+00,4.426614284519999387e+00,8.888815641399998579e-01,5.217845439909999605e+00,0.000000000000000000e+00
1.348479909599999971e+01,9.250414001340000469e-01,1.554117009560000096e+00,-8.355574408849999912e+00,4.610727787019999191e+00,8.951550126080000114e-01,5.241685390469999817e+00,0.000000000000000000e+00
1.348990213099999913e+01,1.064481361939999982e+00,1.763003213359999988e+00,-8.507713181779999800e+00,4.802790164950000218e+00,8.698702454569999798e-01,5.241721153259999433e+00,0.000000000000000000e+00
1.349486443600000030e+01,4.339555171769999831e-01,1.734391889769999917e+00,-7.939975838150000520e+00,4.916190147400000043e+00,7.882525920870000480e-01,5.254838943480000246e+00,0.000000000000000000e+00
1.349990734300000028e+01,1.305636900379999910e+00,9.839658097239999401e-01,-8.099626886410000282e+00,4.988777637480000138e+00,7.626574039460000121e-01,5.268734455109999715e+00,0.000000000000000000e+00
1.350476317100000045e+01,1.108512738299999967e+00,6.991848453730000745e-01,-8.873178479039999900e+00,4.934397220610000190e+00,7.184216380119999856e-01,5.171044349669999818e+00,0.000000000000000000e+00
1.350985046899999986e+01,7.945804982699998797e-01,1.177425896339999944e+00,-9.694019061599998821e+00,4.808474540709999800e+00,6.133296489720000411e-01,5.047446250919999322e+00,0.000000000000000000e+00
1.351483028200000014e+01,8.826602021310000490e-01,1.239723435619999981e+00,-1.076749760369999898e+01,4.670677185059999736e+00,5.452703833580000436e-01,4.833854675290000458e+00,0.000000000000000000e+00
1.351976736499999987e+01,1.022098337310000105e+00,1.473715439110000025e+00,-1.155470713480000100e+01,4.569430351260000300e+00,5.746328234669999535e-01,4.633152008059999716e+00,0.000000000000000000e+00
1.352481537000000067e+01,1.379461138270000164e+00,2.407267185699999867e+00,-1.209682663749999953e+01,4.529884815219999972e+00,6.375245451929999474e-01,4.447462558749999850e+00,0.000000000000000000e+00
1.352996043599999965e+01,1.373277042800000070e+00,3.499506250069999602e+00,-1.243646775769999913e+01,4.531554698939999959e+00,6.957551240920000213e-01,4.304261207579999748e+00,0.000000000000000000e+00
1.353493230199999964e+01,1.258600570050000034e+00,4.257123483730000046e+00,-1.275774320010000018e+01,4.580933570860000081e+00,7.422909736630000088e-01,4.168035507199999934e+00,0.000000000000000000e+00
1.353980327000000017e+01,1.017160734770000019e+00,4.729298804909999987e+00,-1.302329850890000174e+01,4.644845485690000331e+00,7.546940445899998906e-01,3.996469974519999635e+00,0.000000000000000000e+00
1.354498337799999952e+01,4.928953435320000409e-01,4.968676885349999850e+00,-1.319315121770000054e+01,4.720455169680000118e+00,7.427960038190000169e-01,3.834330797200000251e+00,0.000000000000000000e+00
1.354992094900000055e+01,1.886529785920000035e-01,5.034001298179999750e+00,-1.360913440380000061e+01,4.779512405400000219e+00,7.475318908689999597e-01,3.660676956180000108e+00,0.000000000000000000e+00
1.355482298599999957e+01,-4.438275439039999770e-01,4.869079031530000989e+00,-1.410103295480000085e+01,4.765849590299999328e+00,7.447481751440000464e-01,3.476176261900000064e+00,0.000000000000000000e+00
1.355982683500000086e+01,-1.184852758399999928e+00,4.801010872950000063e+00,-1.428634276040000017e+01,4.719137668610000169e+00,8.095350265499999809e-01,3.306051969529999912e+00,0.000000000000000000e+00
1.356487879200000002e+01,-1.880073157120000227e+00,4.966702370410000178e+00,-1.421984053599999953e+01,4.701727867130000682e+00,9.119107127189999273e-01,3.182371616359999766e+00,0.000000000000000000e+00
1.356984226800000037e+01,-2.347472057690000113e+00,5.216430579949999924e+00,-1.411694364059999884e+01,4.643270492550000128e+00,1.039967417720000231e+00,3.094823598859999692e+00,0.000000000000000000e+00
1.357482276800000065e+01,-2.617080733479999921e+00,5.399738982640000629e+00,-1.392857561650000164e+01,4.613718509669999079e+00,1.127754807470000120e+00,3.020164012910000029e+00,0.000000000000000000e+00
1.357983346299999994e+01,-3.101506756690000088e+00,5.795906292159999751e+00,-1.352671915540000036e+01,4.604514122009999433e+00,1.243316531179999851e+00,3.003362655640000156e+00,0.000000000000000000e+00
1.358483493199999970e+01,-3.414448085990000159e+00,6.235022516569999063e+00,-1.281187811040000035e+01,4.584737777710000017e+00,1.295310974119999958e+00,2.983504056930000203e+00,0.000000000000000000e+00
1.358992621099999987e+01,-3.850769711240000337e+00,6.383923038230000735e+00,-1.211727204419999993e+01,4.558362960819999365e+00,1.331367015839999945e+00,2.997071981429999976e+00,0.000000000000000000e+00
1.359492473999999973e+01,-4.206117519110000202e+00,6.205351600930000266e+00,-1.145558274369999907e+01,4.539090633389999851e+00,1.364196777339999889e+00,3.014741182329999880e+00,0.000000000000000000e+00
1.359990581599999970e+01,-4.541051484509999625e+00,5.542846892370000056e+00,-1.076810901359999839e+01,4.476548194890000332e+00,1.377536296839999785e+00,3.031498432159999812e+00,0.000000000000000000e+00
1.360473250999999983e+01,-4.758703763099999762e+00,4.815485096239999763e+00,-1.009945104310000019e+01,4.361881732940000589e+00,1.349559903140000072e+00,3.051752090449999955e+00,0.000000000000000000e+00
1.360973229999999923e+01,-4.675101935299999845e+00,4.303298374930000669e+00,-9.609482583300000158e+00,4.197857856749999783e+00,1.297342896460000006e+00,3.055403947829999911e+00,0.000000000000000000e+00
1.361472242900000040e+01,-4.342631145149999483e+00,4.229571459939999833e+00,-9.142624365489998794e+00,3.992470026019999896e+00,1.243428230289999936e+00,2.947932958600000042e+00,0.000000000000000000e+00
1.361980726900000072e+01,-4.253201341849999650e+00,4.158418779349999816e+00,-8.558265557410001279e+00,3.789418458939999734e+00,1.168626546860000115e+00,2.799447774890000407e+00,0.000000000000000000e+00
1.362483584900000011e+01,-4.160641131580000263e+00,4.047004815520000243e+00,-8.211009870569998981e+00,3.610471010209999498e+00,1.072244644170000205e+00,2.628377676009999941e+00,0.000000000000000000e+00
1.362984404300000030e+01,-4.463636528660000380e+00,4.092276620399999842e+00,-8.056711289269999909e+00,3.482244730000000121e+00,9.405279755589999180e-01,2.444171667100000001e+00,0.000000000000000000e+00
1.363487323899999915e+01,-4.977969029830000558e+00,4.477750101949999895e+00,-7.715980620289998981e+00,3.421763896939999938e+00,8.285487294200000186e-01,2.244678974149999728e+00,0.000000000000000000e+00
1.363982564199999992e+01,-5.346306083139999998e+00,4.692586154069999793e+00,-7.126124383830000575e+00,3.398794412609999593e+00,7.439815402030000024e-01,2.001899242399999945e+00,0.000000000000000000e+00
1.364484041499999911e+01,-5.626790665469999730e+00,4.523734439010000052e+00,-6.401662108540000062e+00,3.388389825820000034e+00,6.757735610009999450e-01,1.765684485440000229e+00,0.000000000000000000e+00
1.364995955899999913e+01,-5.451733373779999781e+00,3.873997734350000055e+00,-5.684503434249999820e+00,3.370627880099999807e+00,5.737941265110000355e-01,1.512267589570000181e+00,0.000000000000000000e+00
1.365479571100000022e+01,-5.164414561509999224e+00,3.464180085140000198e+00,-5.064275440410000328e+00,3.341147422790000654e+00,4.478047788139999930e-01,1.285023093220000190e+00,0.000000000000000000e+00
1.365979574900000060e+01,-5.124606867259999810e+00,3.846571967290000504e+00,-4.149002131709999652e+00,3.325833797450000073e+00,2.343874871730000087e-01,1.061203360560000197e+00,0.000000000000000000e+00
1.366489398400000077e+01,-5.504612146529999528e+00,4.408276460490000659e+00,-3.229111392340000108e+00,3.362474918370000232e+00,-3.224747255439999738e-02,7.636350393299999872e-01,0.000000000000000000e+00
1.366987054600000029e+01,-6.422412635619998866e+00,4.447340935159999731e+00,-2.793144864129999849e+00,3.437168121340000049e+00,-3.215495347980000251e-01,4.760293960570000094e-01,0.000000000000000000e+00
1.367479334000000080e+01,-7.403533796499999653e+00,3.757629070730000187e+00,-2.507868955870000249e+00,3.470838785169999774e+00,-5.945575833320000392e-01,1.639505177739999930e-01,0.000000000000000000e+00
1.367979111600000053e+01,-7.964483671950000954e+00,2.911282290990000465e+00,-1.953481215419999861e+00,3.415742874150000219e+00,-7.738054990770000252e-01,-1.055454760789999863e-01,0.000000000000000000e+00
1.368478411699999953e+01,-7.720116112660000418e+00,2.608570971549999840e+00,-1.099269109139999978e+00,3.261070251459999625e+00,-9.115761518480000047e-01,-3.787503838539999501e-01,0.000000000000000000e+00
1.368984621399999924e+01,-6.851151842919999346e+00,2.780273692120000195e+00,4.171550794250000194e-01,3.058716773990000082e+00,-1.005847930910000132e+00,-6.383255720139999756e-01,0.000000000000000000e+00
1.369495158500000009e+01,-5.569460174010000486e+00,3.319157866219999864e+00,2.346501459090000186e+00,2.770904302599999980e+00,-1.132902622220000044e+00,-8.716028928760000127e-01,0.000000000000000000e+00
1.369978930399999939e+01,-3.933175607250000372e+00,4.288583913140000092e+00,4.880343060600000449e+00,2.514796018600000238e+00,-1.403378963470000018e+00,-1.015808224679999983e+00,0.000000000000000000e+00
1.370480051500000052e+01,-1.565645388659999915e+00,-1.362753281480000034e+01,4.526835619899999941e+00,2.185128450390000143e+00,-1.891750335690000062e+00,-5.420669913290000475e-01,0.000000000000000000e+00
1.370986927400000077e+01,-1.024969771860000023e+01,3.685895667640000095e+00,-1.210432240010000049e+00,8.100429773330000138e-01,-2.005860328670000303e+00,4.071032404900000179e-01,0.000000000000000000e+00
1.371484472200000049e+01,-7.241873162000000086e+00,1.149937804629999949e+00,-9.763768889650000560e+00,-1.016772985460000056e+00,-2.425611734389999885e+00,1.341181397439999978e+00,0.000000000000000000e+00
1.371987717400000051e+01,-2.249461414599999998e+01,3.651441024849999994e+00,-2.543822897300000108e+01,-3.043174982070000034e+00,-2.429209947589999974e+00,2.276820421220000057e+00,0.000000000000000000e+00
1.372470563699999957e+01,-4.755534953029999912e+01,3.098416097189999974e+01,-1.823492841050000024e+01,-4.889095783230000158e+00,-2.324176549909999778e+00,1.847421407700000184e+00,0.000000000000000000e+00
1.372995306800000037e+01,-1.174536882279999972e+01,1.745493772480000061e+01,-1.930250269699999910e+00,-4.158678531650000565e+00,4.674713313579999946e-02,6.559798717499999432e-01,0.000000000000000000e+00
1.373484479600000085e+01,-1.409181036839999912e+01,5.068350727030000336e+00,-5.397470453190000406e+00,-1.772514700890000183e+00,2.100666522979999673e+00,-1.249433904890000085e-01,0.000000000000000000e+00
1.373979819500000055e+01,-1.597329982209999955e+01,1.006080245570000109e+01,-1.276594521130000182e+01,-7.195932269100000500e-01,4.200303077700000109e+00,6.543257236480000127e-01,0.000000000000000000e+00
1.374480149699999920e+01,-4.577315295620000279e-01,5.884432716880001024e+00,-1.157281796099999838e+01,-4.148983061309999831e-01,4.412260055540000003e+00,9.600282907489999795e-01,0.000000000000000000e+00
1.374997352399999961e+01,3.645919923349999703e+00,-6.447650537250000369e-01,-1.034693176590000085e+01,-1.999701112510000045e-01,2.886522054669999893e+00,3.251950442790000340e-01,0.000000000000000000e+00
1.375486783700000082e+01,-8.298360091120000614e-01,-2.416715397519999975e+00,-1.125304590890000078e+01,-5.411354899410000252e-01,1.314110279079999888e+00,-2.443671226500000182e-01,0.000000000000000000e+00
1.375985934899999918e+01,-5.456031363230001041e+00,-5.384311111889999779e+00,-9.035818772239998964e+00,-1.017575263979999978e+00,6.867024302480000397e-01,1.915184855460000113e-01,0.000000000000000000e+00
1.376492316699999918e+01,-5.110770065080000535e+00,-4.451194395719999974e+00,-1.059359766529999902e+01,-1.135369420049999967e+00,5.439936518669999943e-01,1.415025740860000047e-01,0.000000000000000000e+00
1.376983386999999937e+01,-5.673384658869999875e+00,-1.021571829210000004e+00,-9.884868381189999553e+00,-9.394861459729999531e-01,7.630157470699999722e-01,-1.582036316390000030e-01,0.000000000000000000e+00
1.377486794300000028e+01,-5.927980182180000668e+00,2.938340686050000095e+00,-1.042993504330000043e+01,-7.522656917569999768e-01,1.180893421170000179e+00,-3.456726968289999813e-01,0.000000000000000000e+00
1.377995322399999978e+01,-5.092282806760000113e+00,3.600777297809999666e+00,-1.023606666820000122e+01,-6.242762804029999835e-01,1.481281161310000094e+00,-1.954552531239999724e-01,0.000000000000000000e+00
1.378493165799999964e+01,-5.307851557059999337e+00,4.533439255950000302e-01,-1.006516415809999998e+01,-5.997072458269999684e-01,1.589266180990000166e+00,1.233921870589999997e-01,0.000000000000000000e+00
1.378984087000000081e+01,-3.381919442830000122e+00,-1.300162999020000099e+00,-9.578374328329999798e+00,-5.274454355240000281e-01,1.512757658960000029e+00,2.632550299170000052e-01,0.000000000000000000e+00
1.379483101599999983e+01,-3.783735864150000072e+00,-8.196535647279999948e-01,-1.000099534499999976e+01,-5.113663077350000252e-01,1.357053518300000094e+00,2.594504952430000122e-01,0.000000000000000000e+00
1.379989892400000073e+01,-3.772959618590000286e+00,-2.875512510489999785e-01,-9.932211147120000305e+00,-4.470170736310000170e-01,1.220153450970000053e+00,1.056874021890000098e-01,0.000000000000000000e+00
1.380477142600000029e+01,-2.813138143109999767e+00,-7.538399801459999550e-01,-1.022075920890000056e+01,-4.504595696929999948e-01,9.631519913670000266e-01,-4.620381072159999991e-02,0.000000000000000000e+00
1.380963560700000059e+01,-2.958969048060000162e+00,-1.550464478400000123e+00,-1.010824225230000017e+01,-4.278443455699999509e-01,7.465347051620000451e-01,-3.138294816019999989e-02,0.000000000000000000e+00
1.381472154699999955e+01,-3.657702715600000154e+00,-1.463738673370000187e+00,-1.061135427129999975e+01,-4.428185820579999543e-01,6.707794666290000096e-01,7.270388305189999512e-02,0.000000000000000000e+00
1.381983523200000086e+01,-4.084261071730000303e+00,-4.041751863430000369e-01,-1.053986841320000067e+01,-4.463807642459999836e-01,6.927373409270000115e-01,1.794367283580000083e-01,0.000000000000000000e+00
1.382483591899999986e+01,-4.319211106590000071e+00,2.985904949250000051e-01,-1.031954691540000013e+01,-4.357936382289999688e-01,7.364687323569999444e-01,1.994441896680000104e-01,0.000000000000000000e+00
1.382996060600000021e+01,-3.932975993019999894e+00,5.552419552559999943e-02,-1.011478422130000077e+01,-3.892400860790000139e-01,7.855035066600001281e-01,1.651734858749999979e-01,1.000000000000000000e+00
1.383483205099999935e+01,-1.917108610180000117e+00,-8.224251483329999557e-01,-1.063273725100000000e+01,-2.833704650400000191e-01,6.835384368899999341e-01,1.753527969119999808e-01,1.000000000000000000e+00
1.383979655199999925e+01,-4.022234239140000334e+00,-1.536551688379999892e+00,-9.813827928810001211e+00,-2.482193857429999817e-01,6.027963161470000220e-01,1.306686997409999829e-01,1.000000000000000000e+00
1.384490156999999932e+01,-2.663772342020000128e+00,-8.422709085969999343e-01,-1.035506012729999981e+01,-2.464935779569999985e-01,3.235331177710000228e-01,1.318503022189999874e-01,1.000000000000000000e+00
1.384991630700000087e+01,-4.147027032240000466e+00,-2.764185293360000087e-02,-9.847997909430000973e+00,-2.474729418749999910e-01,2.400093674659999898e-01,1.816747039559999943e-01,1.000000000000000000e+00
1.385475713700000000e+01,-3.516818911660000158e+00,3.615382234810000095e-01,-1.059314173819999993e+01,-2.510138452050000302e-01,1.310194283720000075e-01,1.446238011119999889e-01,1.000000000000000000e+00
1.385990147400000083e+01,-4.283590927159999673e+00,5.995253975509999833e-01,-1.006276177310000008e+01,-2.079599946740000038e-01,1.851876229049999878e-01,1.230296269060000003e-01,1.000000000000000000e+00
1.386482101800000066e+01,-4.011151704110000438e+00,2.463197893360000168e-01,-1.020726259849999984e+01,-1.317254751920000078e-01,1.094564646480000042e-01,1.137566119429999911e-01,1.000000000000000000e+00
1.386996250700000033e+01,-3.947222837300000009e+00,-1.724537946689999879e-01,-9.899462723730000135e+00,-5.816012248400000140e-02,7.784328609700000290e-02,1.244244202970000018e-01,1.000000000000000000e+00
1.387484679599999993e+01,-3.633174715799999621e+00,-4.103880695090000308e-01,-1.020392497849999991e+01,-2.697000280019999988e-02,7.994148880240000213e-03,1.134804114700000005e-01,1.000000000000000000e+00
1.387969153000000055e+01,-3.567365734330000482e+00,-2.289346835649999912e-01,-1.036536291020000000e+01,1.808921806510000070e-03,-1.284818351270000103e-01,1.154720634220000042e-01,1.000000000000000000e+00
1.388480195200000011e+01,-3.573379587790000311e+00,8.264845432589999763e-02,-1.052069258809999930e+01,2.762368135149999987e-02,-2.654111981389999930e-01,1.066235825420000088e-01,1.000000000000000000e+00
1.388986430799999994e+01,-3.470701303609999844e+00,2.475271740980000135e-01,-1.041259227890000005e+01,8.511021733280001167e-02,-3.358503282069999485e-01,7.445921003819999662e-02,1.000000000000000000e+00
1.389489703499999962e+01,-3.687940909730000438e+00,-1.096410998030000056e-01,-1.025083519820000078e+01,1.373901665210000012e-01,-4.323592185969999946e-01,6.087407097219999647e-02,1.000000000000000000e+00
1.389976739599999966e+01,-3.575573298440000602e+00,-5.459530895780000392e-01,-1.015483799919999974e+01,1.592012047770000049e-01,-4.878021180630000009e-01,7.700269669289999674e-02,1.000000000000000000e+00
1.390477998000000071e+01,-4.104586359140000695e+00,-4.887560517700000329e-01,-9.529574933850000207e+00,1.816141158340000006e-01,-5.507397055630000038e-01,1.033466309310000081e-01,0.000000000000000000e+00
1.390976983300000036e+01,-4.060686134870000075e+00,8.894496065420000319e-02,-1.055582352269999902e+01,1.899397820230000200e-01,-6.622139215469999840e-01,8.185309916730000579e-02,0.000000000000000000e+00
1.391491074400000016e+01,-3.595662439009999822e+00,-2.891098056020000029e-01,-9.942951152319999153e+00,1.829427033659999924e-01,-7.097628116609999704e-01,4.335271939640000793e-02,0.000000000000000000e+00
1.391978219800000005e+01,-4.102308477330000258e+00,-4.231775180529999680e-01,-9.823276140629999986e+00,2.171919047830000171e-01,-8.053303956990001122e-01,2.391691133380000056e-02,0.000000000000000000e+00
1.392474026300000034e+01,-4.157018557159999794e+00,-6.592569588059999930e-01,-9.629591305349999075e+00,2.472608238459999830e-01,-8.522560596470000194e-01,1.322153676299999900e-02,0.000000000000000000e+00
1.392956819099999954e+01,-3.886213072799999502e+00,-7.127084899429999565e-01,-9.639949033239998855e+00,2.538166940209999889e-01,-9.198975563050000304e-01,1.089242286979999821e-02,0.000000000000000000e+00
1.393481980299999989e+01,-4.475303293319999653e+00,-9.687263742120000298e-01,-9.771731246830000828e+00,2.455980479720000220e-01,-9.603465199470000435e-01,1.783078536390000218e-02,0.000000000000000000e+00
1.393982799900000025e+01,-4.162284807130000708e+00,-8.931985472799998105e-01,-9.462270160860001056e+00,2.521875500679999771e-01,-1.040056228639999913e+00,-6.217841524630000026e-03,0.000000000000000000e+00
1.394492865399999992e+01,-4.375198366750000289e+00,-6.141274119430000233e-01,-9.584600070980000552e+00,2.498400062320000059e-01,-1.101016759870000028e+00,-7.456492632630000797e-03,0.000000000000000000e+00
1.394986282200000005e+01,-4.094348458239999822e+00,-5.482076270399999229e-01,-9.692956985319998608e+00,2.581645548339999707e-01,-1.135279178620000051e+00,-1.760693453250000012e-02,0.000000000000000000e+00
1.395482096499999969e+01,-4.260781713980000163e+00,-3.913036490060000094e-01,-9.756102885069999786e+00,2.777697741990000080e-01,-1.208840847020000053e+00,-5.106825381520000220e-03,0.000000000000000000e+00
1.395981540800000076e+01,-3.977045728630000276e+00,-3.481023302590000035e-01,-9.894182152979999145e+00,3.184785246849999862e-01,-1.290767788889999990e+00,-2.238620258869999935e-02,0.000000000000000000e+00
1.396476634200000078e+01,-4.058660474259999873e+00,-4.292485815950000116e-01,-9.942437942110000648e+00,3.649401366709999484e-01,-1.370976686479999929e+00,-1.952214539050000155e-02,0.000000000000000000e+00
1.396985442399999933e+01,-3.968855407920000022e+00,-4.977332850819999877e-01,-9.997338576069999760e+00,3.783501386640000241e-01,-1.476756811140000014e+00,-3.137141466140000445e-02,0.000000000000000000e+00
1.397482628999999932e+01,-3.945210328430000413e+00,-4.703848210380000006e-01,-9.976419706679999777e+00,3.987640440460000213e-01,-1.566309571270000145e+00,-2.714996971190000025e-02,0.000000000000000000e+00
1.397991825799999965e+01,-3.817276022440000194e+00,-3.023245668860000124e-01,-1.017466381270000042e+01,4.065813720229999872e-01,-1.673685073849999982e+00,-4.166976734999999765e-02,0.000000000000000000e+00
1.398483323499999997e+01,-3.872596635380000318e+00,2.615141801299999957e-02,-1.044208023909999916e+01,4.384002983569999512e-01,-1.796509504320000117e+00,-4.358698055150000278e-02,0.000000000000000000e+00
1.398983949800000026e+01,-3.538183186730000429e+00,-1.200059789479999972e-01,-1.073458317610000101e+01,4.436045289039999839e-01,-1.948784112929999868e+00,-8.702500909569998999e-02,0.000000000000000000e+00
1.399486533199999982e+01,-3.363601403590000150e+00,-4.984587589459999607e-02,-1.120600358719999967e+01,5.026039481159999545e-01,-2.102622509000000139e+00,-1.185543164609999950e-01,0.000000000000000000e+00
1.399981718499999950e+01,-3.079954265569999627e+00,3.510906984200000136e-01,-1.161644316769999996e+01,5.365453362459999820e-01,-2.292286396029999729e+00,-1.324993818999999906e-01,0.000000000000000000e+00
1.400490380399999957e+01,-2.533116794370000147e+00,8.212262939370000847e-01,-1.193771861009999924e+01,6.049622297290000450e-01,-2.529347896580000032e+00,-1.820787042379999887e-01,0.000000000000000000e+00
1.400976188899999997e+01,-2.296369646959999677e+00,1.119729348039999905e+00,-1.211424188270000002e+01,6.974036097529999756e-01,-2.760088920590000328e+00,-2.196822166440000057e-01,0.000000000000000000e+00
1.401481526699999947e+01,-2.331228632759999808e+00,1.255576692180000009e+00,-1.220923721119999961e+01,7.701397538190000169e-01,-3.045909404750000160e+00,-2.164897173639999950e-01,0.000000000000000000e+00
1.401996025500000087e+01,-2.239375986229999782e+00,1.458788211349999919e+00,-1.223097324220000104e+01,8.655200600619999962e-01,-3.315358877179999997e+00,-2.542852759360000325e-01,0.000000000000000000e+00
1.402459118800000049e+01,-2.165727835570000259e+00,1.210620309929999916e+00,-1.201416238290000038e+01,9.817515015600000172e-01,-3.609791517260000138e+00,-2.860341072079999880e-01,0.000000000000000000e+00
1.402986293200000034e+01,-1.993943720320000113e+00,7.309262836790000328e-01,-1.157628651390000130e+01,1.120195627209999989e+00,-3.885940313339999896e+00,-3.187260329720000285e-01,0.000000000000000000e+00
1.403484484600000037e+01,-1.873190704129999773e+00,1.687157954509999891e-01,-1.129848897869999824e+01,1.220018863679999788e+00,-4.102827072140000197e+00,-2.923351526260000166e-01,0.000000000000000000e+00
1.403979092600000023e+01,-2.446574967599999706e+00,1.000112423210000046e+00,-1.141455749030000000e+01,1.322861671449999887e+00,-4.383790969849999719e+00,-2.725926637650000206e-01,0.000000000000000000e+00
1.404490484799999983e+01,-2.639244634489999797e+00,2.195215357469999962e+00,-1.158095333670000038e+01,1.423524379729999900e+00,-4.695997714999999850e+00,-3.059957325459999877e-01,0.000000000000000000e+00
1.404988307800000058e+01,-3.067199997940000422e+00,3.647762044080000710e+00,-1.262406070589999985e+01,1.582736253739999821e+00,-4.994033336640000265e+00,-4.125189185140000214e-01,0.000000000000000000e+00
1.405485730200000027e+01,-3.434889108729999752e+00,5.513669313209999423e+00,-1.332065063940000016e+01,1.790525674820000024e+00,-5.352679729460000146e+00,-6.195550560949999452e-01,0.000000000000000000e+00
1.405979102100000055e+01,-4.696691251299999870e+00,6.614714492110000066e+00,-1.234991760150000140e+01,2.140272378920000218e+00,-5.720474243159999972e+00,-9.519420266150000476e-01,0.000000000000000000e+00
1.406489211399999917e+01,-6.875562646080000562e+00,6.442059585380000009e+00,-1.345792326709999998e+01,2.622339487080000087e+00,-5.976089954380000790e+00,-1.341753721239999919e+00,0.000000000000000000e+00
1.406986138299999922e+01,-9.988324079489999008e+00,6.929485959450000898e+00,-1.443232593339999958e+01,3.056345939639999898e+00,-6.154163837430000505e+00,-1.648372411729999820e+00,0.000000000000000000e+00
1.407479695500000005e+01,-1.276138243339999967e+01,5.799850645880000322e+00,-1.534788945720000086e+01,3.536565303799999782e+00,-6.216501712799999524e+00,-1.897152900699999867e+00,0.000000000000000000e+00
1.407988583200000043e+01,-1.545885743079999841e+01,3.831885562550000124e+00,-1.516864698869999906e+01,4.049522399899999847e+00,-5.957683563230000701e+00,-1.847331047059999731e+00,0.000000000000000000e+00
1.408497308900000000e+01,-1.448477157539999993e+01,-9.814726046690001038e-01,-1.586768139279999978e+01,4.342869281769999645e+00,-5.834569454190000393e+00,-1.705163717270000046e+00,0.000000000000000000e+00
1.408988004999999966e+01,-1.862151715979999977e+01,-2.459004971720000210e+00,-1.639761361420000085e+01,4.485888004300000453e+00,-5.480269908910000431e+00,-1.450741291049999937e+00,0.000000000000000000e+00
1.409484310200000046e+01,-1.771749794329999972e+01,-4.088901006489999546e+00,-1.427010591140000173e+01,4.287430286409999347e+00,-5.092586040500000522e+00,-1.198831200599999924e+00,0.000000000000000000e+00
1.409994656299999960e+01,-1.506748612339999838e+01,-6.559863542499999589e+00,-1.521493177009999975e+01,4.096625328060000015e+00,-4.798389434809999798e+00,-1.034359812739999995e+00,0.000000000000000000e+00
1.410493352399999978e+01,-1.575866104609999852e+01,-7.790402531799999863e+00,-1.328129945670000112e+01,3.791339635850000001e+00,-4.563596248630000574e+00,-9.223244190220000194e-01,0.000000000000000000e+00
1.410984687200000032e+01,-1.533014571070000009e+01,-7.158651273430000295e+00,-1.551659767209999963e+01,3.602960824969999809e+00,-4.324786663060000258e+00,-9.286335706710000526e-01,0.000000000000000000e+00
1.411493155500000007e+01,-1.798543693239999897e+01,-6.069471888890000777e+00,-1.549762175349999893e+01,3.497865438459999421e+00,-4.173013687130000982e+00,-1.029445886610000027e+00,0.000000000000000000e+00
1.411982653499999962e+01,-2.301047341829999837e+01,-2.962645983009999817e+00,-1.996987238119999830e+01,3.622907161710000157e+00,-3.681434869769999896e+00,-1.038624882699999974e+00,0.000000000000000000e+00
1.412481846800000085e+01,-1.933219290190000095e+01,-3.578654532519999765e-01,-1.690709575269999831e+01,3.933236360550000033e+00,-3.162636280059999638e+00,-8.353893756870000020e-01,0.000000000000000000e+00
1.412982525900000041e+01,-1.235159284119999867e+01,1.804156184740000057e+00,-1.789492371769999934e+01,4.334553241730000117e+00,-2.228007316590000286e+00,-6.207553148269999710e-01,0.000000000000000000e+00
1.413486403899999999e+01,-1.257019935180000125e+01,2.208332832389999986e-02,-1.758135928809999982e+01,4.509327411650000172e+00,-1.376077055929999959e+00,-3.789136707779999780e-01,0.000000000000000000e+00
1.413975877000000025e+01,-6.507735880380000282e+00,-2.529114280729999997e+00,-1.619676604769999884e+01,4.494785785680000423e+00,-1.361681371929999995e-01,1.609570086000000066e-01,0.000000000000000000e+00
1.414471301300000050e+01,6.034207683280000900e+00,-2.214662254609999881e+00,-1.858726885329999945e+01,4.479495525359999952e+00,1.130669116970000054e+00,1.159114003179999797e+00,0.000000000000000000e+00
1.414982752300000080e+01,6.755777744269999552e+00,-6.716984341630000133e-01,-1.994203744880000073e+01,4.535485267640000373e+00,2.065910816190000165e+00,2.866668701170000055e+00,0.000000000000000000e+00
1.415486556799999995e+01,-1.149556550220000251e+00,-6.658334876520000112e-01,-2.052366712419999928e+01,4.354686737059999757e+00,2.435966730120000090e+00,4.415069580079999945e+00,0.000000000000000000e+00
1.415979103899999991e+01,-6.026930385760000064e+00,3.630318157330000517e+00,-2.166251450280000057e+01,4.182834148409999564e+00,2.634285688399999881e+00,5.438218593600000261e+00,0.000000000000000000e+00
1.416482704300000073e+01,-1.852414165820000180e+00,4.696562948740000465e+00,-2.006651255430000091e+01,4.182404041289999874e+00,2.998336791989999917e+00,5.759140491490000180e+00,0.000000000000000000e+00
1.416994482900000030e+01,4.004062330380000034e+00,1.164324422700000028e+00,-1.739541235359999760e+01,4.442470550540000396e+00,3.816703557969999938e+00,5.688514709470000597e+00,0.000000000000000000e+00
1.417484200300000019e+01,5.498529611740000433e+00,-6.235301771910000124e-01,-1.244226153869999862e+01,4.614223957060000103e+00,4.704627513890000223e+00,5.973278045650000756e+00,0.000000000000000000e+00
1.417981649100000041e+01,6.262317350730000953e+00,-1.172253900529999893e+00,-1.108623855919999990e+01,4.655072689059999824e+00,5.212567806240000046e+00,6.316118717190000176e+00,0.000000000000000000e+00
1.418488570599999932e+01,7.390573192639999789e+00,-3.202893247500000040e+00,-1.040874378669999878e+01,4.455985069269999599e+00,5.181023120880000832e+00,6.624543666840000178e+00,0.000000000000000000e+00
1.418983907900000041e+01,8.331355328880000854e+00,-6.374052801599999540e+00,-9.545203880139998986e+00,4.066028118130000202e+00,4.767775058749999850e+00,6.821709632869999318e+00,0.000000000000000000e+00
1.419481087299999977e+01,9.052210519590000004e+00,-7.677141478800000307e+00,-9.119689480099999912e+00,3.568590402599999933e+00,4.551296710969999104e+00,6.906081199650000002e+00,0.000000000000000000e+00
1.419977546299999993e+01,8.437088324460001232e+00,-8.373540273650000643e+00,-9.655289225710001588e+00,2.903957843780000214e+00,4.528505325319999386e+00,6.693165779110000102e+00,0.000000000000000000e+00
1.420477622299999965e+01,9.306355376530000001e+00,-7.609880544960000215e+00,-9.714982939169999554e+00,2.093673944469999881e+00,4.476435184480000551e+00,6.068113327030000725e+00,0.000000000000000000e+00
1.420982697800000061e+01,1.007694928839999982e+01,-7.142855738400000654e+00,-9.474032494850000319e+00,1.210675120349999911e+00,4.369882583619999927e+00,5.518323421479999880e+00,0.000000000000000000e+00
1.421475275999999965e+01,9.782888600660001543e+00,-7.040116079419998840e+00,-9.770388600049999539e+00,4.864981770519999915e-01,4.356667041780000638e+00,5.162109375000000000e+00,0.000000000000000000e+00
1.421976744900000078e+01,8.812525565159999630e+00,-5.739698667249999886e+00,-1.010546694239999965e+01,4.257831349969999624e-02,4.343876838679999963e+00,4.991202831269999862e+00,0.000000000000000000e+00
1.422466347599999992e+01,7.261869655839999993e+00,-2.882181868719999596e+00,-1.015217257940000017e+01,-1.551122665410000212e-01,4.407706260680000376e+00,4.806287288670000102e+00,0.000000000000000000e+00
1.422994812900000028e+01,6.222704302270000376e+00,1.911008466680000073e-01,-9.861183554220000147e+00,-1.333951652049999992e-01,4.528243064880000723e+00,4.529840469359999844e+00,0.000000000000000000e+00
1.423489430999999961e+01,5.640545050060000065e+00,2.265070253330000227e+00,-8.663615691149999520e+00,1.323757916689999869e-01,4.650587081909999476e+00,4.228295326230000484e+00,0.000000000000000000e+00
1.423977341299999999e+01,5.343157848239999730e+00,3.163876995879999932e+00,-7.987907802150000514e+00,5.092766880989999523e-01,4.837043762209999542e+00,3.964050769810000041e+00,0.000000000000000000e+00
1.424487726499999951e+01,4.862202131490000134e+00,3.100823158339999885e+00,-7.431936884169999757e+00,1.004736304279999937e+00,5.015143871309999390e+00,3.800781011580000701e+00,0.000000000000000000e+00
1.424967143499999978e+01,4.242822571180000502e+00,3.052382368029999515e+00,-6.908027576350000309e+00,1.532229661939999987e+00,5.150107860569999474e+00,3.724221229549999901e+00,0.000000000000000000e+00
1.425488181699999934e+01,4.022587290359999734e+00,3.075772011449999788e+00,-6.681254125939999788e+00,1.960633158680000099e+00,5.228938102719999925e+00,3.599774360659999672e+00,0.000000000000000000e+00
1.425978150699999958e+01,3.629822482759999414e+00,2.547954298020000063e+00,-6.608233897919999045e+00,2.268363237380000008e+00,5.278421878809999690e+00,3.387220382689999809e+00,0.000000000000000000e+00
1.426491280800000006e+01,2.817079866470000304e+00,1.861716101049999850e+00,-6.726380969390000075e+00,2.445151090620000023e+00,5.282196521760000429e+00,3.087978601459999695e+00,0.000000000000000000e+00
1.426982484900000081e+01,1.862287032800000075e+00,9.510415913740000171e-01,-6.865806391219999583e+00,2.498348236080000007e+00,5.286947727200000280e+00,2.690115690229999856e+00,0.000000000000000000e+00
1.427480296200000076e+01,7.542799059329999833e-01,2.882999505239999816e-01,-7.081058330660001232e+00,2.502298355099999760e+00,5.289170742030000483e+00,2.272742509840000480e+00,0.000000000000000000e+00
1.427975909699999946e+01,3.194590406310000019e-01,5.751097355559999791e-01,-7.138551319210000301e+00,2.432663679120000033e+00,5.393873214720000142e+00,1.811399698259999802e+00,0.000000000000000000e+00
1.428481958999999968e+01,-1.122305409070000065e-01,1.426726162789999863e+00,-7.197953940770000614e+00,2.368545055390000265e+00,5.462917327879999618e+00,1.328922510149999958e+00,0.000000000000000000e+00
1.428972180499999922e+01,-5.439397039289999292e-01,2.573074126229999870e+00,-7.156403202239999928e+00,2.341069698330000115e+00,5.555562019349999048e+00,8.216312527660000198e-01,0.000000000000000000e+00
1.429493529400000007e+01,-1.742664920340000201e+00,5.284576479940000127e+00,-6.749454386469999179e+00,2.421292543409999887e+00,5.599971294400000410e+00,3.132595121860000109e-01,0.000000000000000000e+00
1.429987617499999963e+01,-3.465287461860000029e+00,8.027778624770000704e+00,-5.357324320760000091e+00,2.592718124390000156e+00,5.540207386019999625e+00,-1.813645958900000077e-01,0.000000000000000000e+00
1.430475332800000032e+01,-4.003813616309999546e+00,6.985801720910000512e+00,-5.186249961219999705e+00,2.808924198150000162e+00,5.426035404210000301e+00,-5.293564796449999887e-01,0.000000000000000000e+00
1.430977101799999929e+01,-5.202245402730000023e+00,6.739447956240001147e+00,-4.558375836540000670e+00,3.031113147739999736e+00,5.288778781890000502e+00,-6.611222028729999423e-01,0.000000000000000000e+00
1.431470599500000063e+01,-6.438248502660000483e+00,7.482858093110000830e+00,-4.792848901540000206e+00,3.243264675139999831e+00,5.161780357359999627e+00,-6.232662200930000340e-01,0.000000000000000000e+00
1.431976399100000030e+01,-7.129785244430000724e+00,7.702627217719999919e+00,-5.093998963030000660e+00,3.320981979370000392e+00,5.055272579190000393e+00,-5.694404840469999840e-01,0.000000000000000000e+00
1.432469523500000008e+01,-8.348795123980000454e+00,7.819942514540000111e+00,-5.107624168269999210e+00,3.303184747699999591e+00,4.946865558619999881e+00,-5.330163836479999695e-01,0.000000000000000000e+00
1.432982451800000057e+01,-9.661851652959999370e+00,7.549042922160000835e+00,-5.416511838269999934e+00,3.166162967680000051e+00,4.864367961880000202e+00,-4.289410710329999987e-01,0.000000000000000000e+00
1.433488605700000029e+01,-1.037131685009999948e+01,7.299971130700000366e+00,-5.613303991909999624e+00,3.037539482120000134e+00,4.774592399599999482e+00,-3.169395327569999865e-01,0.000000000000000000e+00
1.433978949800000002e+01,-1.134455748690000121e+01,7.392569334900000122e+00,-5.723103506280000197e+00,2.853707790370000108e+00,4.677069187159999863e+00,-1.678592413660000005e-01,0.000000000000000000e+00
1.434487879099999930e+01,-1.226560850220000098e+01,7.667918892430000355e+00,-5.603098239720000429e+00,2.701537132259999918e+00,4.542944431299999586e+00,-3.765363013369999855e-03,0.000000000000000000e+00
1.434992009299999971e+01,-1.301072193589999948e+01,7.625102664009999920e+00,-5.176400182860000143e+00,2.560055494309999791e+00,4.309962749480000355e+00,2.026811838149999712e-01,0.000000000000000000e+00
1.435475015699999979e+01,-1.342311732660000168e+01,7.407055540890000067e+00,-4.410142838879999694e+00,2.467419862749999915e+00,4.082019805909999910e+00,4.182996153829999786e-01,0.000000000000000000e+00
1.435978065399999970e+01,-1.366245799770000069e+01,7.172301613119999253e+00,-3.566192306640000531e+00,2.412868976589999992e+00,3.787033081050000138e+00,6.572458147999999944e-01,0.000000000000000000e+00
1.436491535899999938e+01,-1.352010938190000111e+01,6.801952635469999286e+00,-2.895398785419999843e+00,2.399394035340000286e+00,3.351300239559999561e+00,8.445807099339999180e-01,0.000000000000000000e+00
1.436983597799999934e+01,-1.386993170430000077e+01,6.269824949880000275e+00,-2.268047807839999930e+00,2.451251745220000000e+00,2.767828941349999905e+00,1.007228970529999934e+00,0.000000000000000000e+00
1.437490099300000068e+01,-1.505283099059999863e+01,5.632696090130000499e+00,-1.407764711079999786e+00,2.505919456480000029e+00,2.128308057789999985e+00,1.057197213170000039e+00,0.000000000000000000e+00
1.437987046099999944e+01,-1.664967581959999876e+01,4.658887590339999996e+00,-8.801197969329999093e-01,2.552600860600000132e+00,1.386306881899999954e+00,9.730545878409999627e-01,0.000000000000000000e+00
1.438490796900000035e+01,-1.904888215619999770e+01,2.161952700940000138e+00,-1.796597439929999984e+00,2.502208232879999716e+00,6.261335015300000251e-01,8.288300633429999120e-01,0.000000000000000000e+00
1.438983130999999993e+01,-2.295052017709999959e+01,-1.729107227370000111e+00,-5.453277096089999887e+00,2.438004493709999831e+00,-3.238055482510000110e-02,7.395412325860000191e-01,0.000000000000000000e+00
1.439486381899999934e+01,-2.850130370769999999e+01,-3.252771377130000197e+00,-1.120057571690000131e+01,2.341694593429999749e+00,-4.597249329090000169e-01,6.176152229310000186e-01,0.000000000000000000e+00
1.439967190800000019e+01,-3.471972814069999913e+01,-1.641513115069999973e+00,-1.307856739160000004e+01,2.305976629259999910e+00,-5.896019935609999596e-01,5.706713795660000033e-01,0.000000000000000000e+00
1.440479143600000000e+01,-3.703715869590000409e+01,1.167496330739999921e+00,-1.225475393069999974e+01,2.291309595109999986e+00,-4.930319190030000298e-01,4.233590066430000243e-01,0.000000000000000000e+00
1.440984871500000075e+01,-3.703934714580000076e+01,3.177878048700000235e+00,-9.670086981869999931e+00,2.422461509700000182e+00,6.868111342190000301e-02,2.251513898370000044e-01,0.000000000000000000e+00
1.441475153800000086e+01,-3.619330081039999669e+01,2.934800529229999899e+00,-7.514902752150000254e+00,2.656620264049999847e+00,1.135571479800000061e+00,3.020106554029999835e-01,0.000000000000000000e+00
1.441973864600000077e+01,-3.130067256090000072e+01,1.782672667209999950e+00,-3.163283998420000298e+00,2.911748170849999706e+00,1.730079054829999796e+00,4.924705326560000485e-01,0.000000000000000000e+00
1.442473529599999971e+01,-2.662138077270000025e+01,2.607787127690000428e+00,2.987436213929999806e-01,3.207475185390000316e+00,1.875061750409999783e+00,7.649453282359999218e-01,0.000000000000000000e+00
1.442992974899999936e+01,-2.267185754949999676e+01,3.540665943450000075e+00,3.167903767179999885e+00,3.384370565410000253e+00,1.378942847250000048e+00,9.758304953579999275e-01,0.000000000000000000e+00
1.443488362499999944e+01,-2.157664122290000108e+01,3.398325803220000108e+00,4.090501135159999357e+00,3.591032266619999191e+00,2.319398522380000105e-01,1.174978971479999856e+00,0.000000000000000000e+00
1.443988107100000029e+01,-2.222145771459999963e+01,2.679030409170000127e+00,3.180223735049999778e+00,3.589468240740000038e+00,-9.031876921649999446e-01,1.194331407550000002e+00,0.000000000000000000e+00
1.444473413400000084e+01,-2.466096683540000001e+01,1.130605181520000002e+00,1.964367058829999957e+00,3.532103538509999918e+00,-1.569237470629999853e+00,1.257641553879999874e+00,0.000000000000000000e+00
1.444990547499999956e+01,-2.461282327449999840e+01,4.764439384139999567e-01,1.054530680489999872e+00,3.405862808230000205e+00,-1.902212738990000096e+00,1.184388875960000087e+00,0.000000000000000000e+00
1.445479977099999935e+01,-3.258911311960000035e+01,-3.884588218849999919e+01,-7.432866858489999728e+00,2.344366788859999939e+00,-1.648069739339999895e+00,1.460268616679999854e+00,0.000000000000000000e+00
1.445983401800000046e+01,-2.568059512940000033e+01,-3.787217861039999889e+01,-8.609317699249999123e+00,5.809764266010000178e-01,-8.538209795950000291e-01,3.140592098239999963e+00,0.000000000000000000e+00
1.446490971899999955e+01,-1.640778780220000144e+01,7.084907991830000640e+00,-1.051538396029999944e+01,-4.451412200930000118e+00,4.945973455910000482e-01,4.209979534150000369e+00,0.000000000000000000e+00
1.446974601500000013e+01,-1.929009329730000033e+01,2.978035450670000017e+01,-1.901084030259999835e+01,-9.115254402160001490e+00,4.154353141780000036e-01,3.638310909269999893e+00,0.000000000000000000e+00
1.447481561000000028e+01,-1.158659631099999920e+01,5.892293951769999261e+00,-1.341367729809999965e+01,-9.575201034550000045e+00,1.059704184529999926e+00,2.589867591860000040e+00,0.000000000000000000e+00
1.447990714400000023e+01,-5.100983415089999973e+00,-7.746767972739998953e+00,-4.059868388750000001e+00,-9.295698165890000197e+00,2.816886186600000119e+00,1.661143898960000032e+00,0.000000000000000000e+00
1.448476944999999994e+01,9.397891796719999302e-01,3.840506383640000188e+00,-7.176160042110001136e+00,-6.723380565640000306e+00,3.544523715969999600e+00,2.054190397259999745e+00,0.000000000000000000e+00
1.448975124500000078e+01,-1.414118317890000087e+00,2.440680268929999741e+01,-1.081179267249999931e+01,-5.013381958010000083e+00,2.562427520750000021e+00,2.011534690860000030e+00,0.000000000000000000e+00
1.449473492799999974e+01,-1.947490888970000222e+00,2.570765849289999849e+01,-1.399651459569999901e+01,-4.079159736630000310e+00,1.057940959929999813e+00,1.427579879760000114e+00,0.000000000000000000e+00
1.449986916599999986e+01,-3.991373821459999860e+00,9.636177113480000500e+00,-1.399880358339999908e+01,-3.601878643040000050e+00,-2.395241707559999933e-01,7.945458292960000390e-01,0.000000000000000000e+00
1.450482217200000079e+01,-8.825320749319999436e+00,2.213599593809999710e+00,-1.091985089609999982e+01,-2.895084142680000028e+00,-4.832605421540000501e-01,7.104860544200000128e-01,0.000000000000000000e+00
1.450974197200000049e+01,-1.069383849320000124e+01,8.328836039530001401e+00,-1.354221249259999915e+01,-2.908527135850000001e+00,-1.322277486319999862e-01,5.141966938970000678e-01,0.000000000000000000e+00
1.451474566899999985e+01,-1.435593593660000167e+01,2.089016001099999897e+01,-1.670527904889999959e+01,-2.479997158050000206e+00,7.442795634270000793e-01,6.158019229770000241e-02,0.000000000000000000e+00
1.451980960000000032e+01,-4.331778034960000134e+00,1.421627144540000032e+01,-1.357853234470000103e+01,-2.150642871859999694e+00,1.877918362620000003e+00,9.582948870959999421e-03,0.000000000000000000e+00
1.452471598200000003e+01,4.347972213909999439e+00,4.429759101240000163e+00,-1.689089397500000089e+01,-1.088824033739999919e+00,2.265964984890000089e+00,2.086037993430000237e-01,0.000000000000000000e+00
1.452992488699999996e+01,1.373187757089999961e+00,-1.997331316929999989e+00,-1.263895198550000032e+01,-5.234322547909999734e-01,1.951725006100000215e+00,6.212650537489999847e-01,0.000000000000000000e+00
1.453488672299999962e+01,9.310489699860000634e-01,8.377377952119999804e-01,-1.293215050349999906e+01,-1.359750628470000056e-01,1.118328452110000093e+00,6.394748687740000603e-01,0.000000000000000000e+00
1.453977644499999933e+01,3.332722865720000094e+00,1.579621307040000033e+00,-1.350278882920000001e+01,-1.925093084569999835e-01,3.414090275760000015e-01,4.656538367270000034e-01,0.000000000000000000e+00
1.454489107000000025e+01,3.254563228979999945e+00,1.772803599620000226e+00,-1.262464055160000065e+01,-4.274507164959999717e-01,-4.182140827179999798e-01,1.599526107310000056e-01,0.000000000000000000e+00
1.454982816100000065e+01,1.591784330779999701e+00,-8.781568993619999208e-01,-9.919610024229999823e+00,-4.640103876589999898e-01,-6.301283836359999890e-01,-7.694812864069999758e-02,0.000000000000000000e+00
1.455478047899999972e+01,8.835170381559999120e-01,-2.902719045309999579e+00,-9.646623104169998797e+00,-5.370696187019999845e-01,-5.377814769740000278e-01,-1.116711646319999973e-01,0.000000000000000000e+00
1.455978025499999973e+01,-4.852176119780000074e-01,-1.930416566179999904e+00,-9.699175713709999869e+00,-5.782135725020000061e-01,-4.251573085779999928e-01,7.484579831359999824e-02,0.000000000000000000e+00
1.456470690099999921e+01,-2.439059331279999743e+00,9.104186443479999474e-03,-1.111980063700000088e+01,-5.629503130909999653e-01,-2.428454905750000170e-01,5.937314629550000111e-01,0.000000000000000000e+00
1.456985247799999961e+01,-7.200508885950000604e+00,3.880667129110000335e-01,-8.966241962669998955e+00,-8.117789626119999991e-01,4.229406267400000197e-02,6.749613881110000380e-01,0.000000000000000000e+00
1.457487017599999923e+01,-7.774336947660000163e+00,1.626169123199999955e+00,-8.512288234610000615e+00,-8.671942949299998871e-01,4.850468784570000080e-02,6.107593774800000874e-01,0.000000000000000000e+00
1.457974530299999927e+01,-7.340526428450000473e+00,1.243116877450000102e+00,-8.555872524789998934e+00,-8.058746457100001148e-01,1.170771494510000066e-01,4.461441040039999528e-01,1.000000000000000000e+00
1.458494733999999937e+01,-4.156621959059999760e+00,1.152987182260000187e+00,-9.155800657929999531e+00,-6.435325741770000496e-01,1.817180663349999836e-01,2.499422132970000043e-01,1.000000000000000000e+00
1.458974300300000060e+01,-2.731963542459999950e+00,6.649133771320000497e-01,-9.874537541309999611e+00,-3.958526849750000354e-01,2.027071863410000174e-01,1.905217915769999715e-01,1.000000000000000000e+00
1.459489745499999991e+01,-2.692148249420000194e+00,3.937169572249999416e-01,-1.022524716799999922e+01,-2.420077323910000133e-01,2.515549361709999987e-01,1.863631308080000160e-01,1.000000000000000000e+00
1.459972972599999963e+01,-1.739772998290000317e+00,7.283687812160000163e-01,-1.084170850279999954e+01,-1.763323694469999814e-01,2.412676662209999878e-01,2.327501773829999954e-01,1.000000000000000000e+00
1.460486518599999961e+01,-1.658639898699999948e+00,1.732970040279999902e+00,-1.091131453839999921e+01,-1.852508932349999915e-01,2.268676459789999988e-01,2.227030098440000161e-01,1.000000000000000000e+00
1.460984059699999982e+01,-1.884917674540000254e+00,1.481319484370000161e+00,-1.030548098070000052e+01,-1.954218000169999914e-01,1.627259254460000082e-01,1.545721143480000004e-01,1.000000000000000000e+00
1.461472245300000061e+01,-2.469872110429999879e+00,6.642138505610000188e-01,-9.853113645009999644e+00,-1.299160420890000112e-01,7.233358919620000438e-02,8.753020316360000941e-02,1.000000000000000000e+00
1.461987496499999928e+01,-2.801443029140000540e+00,6.588183481930000029e-01,-9.743989837950000066e+00,-7.800241559739999608e-02,-6.655539385970000131e-03,7.619662582870000145e-02,1.000000000000000000e+00
1.462474462499999994e+01,-2.899095886380000042e+00,5.571687494670000129e-01,-9.961544793639999895e+00,-9.678522124889999551e-03,-5.371841788290000752e-02,9.340576082469999319e-02,1.000000000000000000e+00
1.462984006299999962e+01,-2.539092361649999852e+00,5.580056386830000159e-01,-1.043838606080000098e+01,2.355918288230000185e-02,-5.452270805840000317e-02,6.667697429659999453e-02,1.000000000000000000e+00
1.463478081100000061e+01,-2.706023045519999837e+00,6.832246943699998853e-01,-1.045792545850000010e+01,3.080821968620000087e-02,-8.423591405149999378e-02,5.469253286719999441e-02,1.000000000000000000e+00
1.463967609600000053e+01,-2.662800282120000084e+00,6.713039549519999039e-01,-1.045358713709999954e+01,-3.334908932450000169e-02,-1.063197627659999978e-01,2.976819686590000125e-02,1.000000000000000000e+00
1.464494995899999985e+01,-2.545844466259999717e+00,7.352913470199998747e-01,-1.027744029660000002e+01,-6.444804370400000759e-02,-1.589784473179999824e-01,2.783476375040000450e-02,1.000000000000000000e+00
1.464983835700000014e+01,-2.773560750479999726e+00,5.783039650199999215e-01,-1.036313237460000103e+01,-2.834371849890000156e-02,-2.345822900529999921e-01,3.335466608409999589e-02,1.000000000000000000e+00
1.465478377200000004e+01,-2.668669174159999713e+00,5.557927484060000145e-01,-1.058990933219999953e+01,2.589886076750000030e-02,-3.086740076539999933e-01,3.198837861420000123e-02,1.000000000000000000e+00
1.465984720299999999e+01,-2.791424616210000043e+00,6.790239547449999913e-01,-1.054739822420000017e+01,1.063001900909999881e-01,-3.691582679750000096e-01,4.370318725709999852e-02,1.000000000000000000e+00
1.466480867199999949e+01,-3.184216896340000158e+00,4.996939541629999981e-01,-1.028957847809999926e+01,1.574780195949999906e-01,-4.331020116809999876e-01,2.591237984600000197e-02,1.000000000000000000e+00
1.466984809400000067e+01,-2.946363248990000017e+00,3.105323684629999748e-01,-1.046158456559999905e+01,1.670608669520000089e-01,-4.722466170790000084e-01,1.877068355680000175e-02,1.000000000000000000e+00
1.467479289999999992e+01,-3.087049776790000255e+00,5.155285790899999387e-01,-1.075543657900000127e+01,1.440427154299999957e-01,-5.208449363710000446e-01,1.921948743980000148e-03,1.000000000000000000e+00
1.467989042099999963e+01,-3.196318253019999833e+00,8.660757086849999453e-01,-1.044687682580000043e+01,1.476164758210000150e-01,-5.497016906739999875e-01,-3.751181066039999817e-02,0.000000000000000000e+00
1.468487218799999994e+01,-2.927392591060000271e+00,1.020764312220000081e+00,-1.083805173380000042e+01,1.972737461329999997e-01,-5.942480564119999586e-01,-2.720564417540000113e-02,0.000000000000000000e+00
1.468992526899999973e+01,-2.412872604489999961e+00,1.234076808039999973e+00,-1.089913894749999912e+01,2.293999493120000011e-01,-6.420340538019999599e-01,-7.242265343669999911e-02,0.000000000000000000e+00
1.469477930899999940e+01,-2.106039967329999651e+00,1.452275176200000129e+00,-1.149695286490000079e+01,2.988584637639999930e-01,-7.735708355899999500e-01,-6.947914510969999125e-02,0.000000000000000000e+00
1.469968883599999998e+01,-2.308898435270000160e+00,1.438956844939999868e+00,-1.191457037420000020e+01,3.721887171270000239e-01,-9.466382861139999161e-01,-1.050376966600000128e-01,0.000000000000000000e+00
1.470485011699999944e+01,-1.698935230340000047e+00,1.211564970369999994e+00,-1.235322716439999979e+01,4.419605731960000172e-01,-1.147966742519999972e+00,-1.153890117999999965e-01,0.000000000000000000e+00
1.470983854800000046e+01,-1.327102589999999971e+00,1.312141752229999847e+00,-1.282092767829999858e+01,4.947193562980000126e-01,-1.363983511920000113e+00,-1.375656276939999922e-01,0.000000000000000000e+00
1.471489986699999974e+01,-1.260243953339999834e+00,8.740151233820000476e-01,-1.257115796769999960e+01,5.240063667300000061e-01,-1.569662094119999907e+00,-1.648784726860000049e-01,0.000000000000000000e+00
1.471976779899999954e+01,-1.347698364910000057e+00,7.306539695429999925e-01,-1.267412851279999941e+01,5.417129993439999680e-01,-1.818782806399999785e+00,-1.821010112759999799e-01,0.000000000000000000e+00
1.472479842699999963e+01,-1.224308059020000172e+00,5.760830740999999255e-01,-1.274186407849999902e+01,5.123779773709999930e-01,-2.071946144099999998e+00,-1.803756803269999931e-01,0.000000000000000000e+00
1.472994629299999936e+01,-1.051820252479999995e+00,6.392500166310000065e-01,-1.306268125569999938e+01,4.906449019910000264e-01,-2.317380428309999907e+00,-1.669928580519999817e-01,0.000000000000000000e+00
1.473493119399999962e+01,-9.136297062160000371e-01,3.832422153639999940e-01,-1.290688980549999876e+01,4.819805026049999719e-01,-2.536273956300000076e+00,-1.576467007400000064e-01,0.000000000000000000e+00
1.473978757799999961e+01,-6.862505449979999783e-01,4.546205579339999692e-01,-1.284377313180000080e+01,5.149921774860000134e-01,-2.798223257059999636e+00,-1.819833219049999951e-01,0.000000000000000000e+00
1.474473933300000006e+01,-5.876178098750000078e-01,3.861936490489999985e-01,-1.275100015559999989e+01,5.550814867019999710e-01,-3.014794826509999748e+00,-2.170727849009999877e-01,0.000000000000000000e+00
1.474986751600000012e+01,-8.928118860500000586e-01,-4.126109697220000094e-01,-1.266912266739999993e+01,5.836020112040000152e-01,-3.241298675540000396e+00,-2.324222773310000156e-01,0.000000000000000000e+00
1.475480420999999964e+01,-7.428890356080000146e-01,-1.155145090950000064e+00,-1.251812195859999832e+01,6.147103905680000313e-01,-3.464201688769999787e+00,-2.572759389879999969e-01,0.000000000000000000e+00
1.475982416699999966e+01,-6.039657180859999697e-01,-8.291480999129999807e-01,-1.253876376460000053e+01,6.082751750949999536e-01,-3.680417299269999720e+00,-2.139083594079999873e-01,0.000000000000000000e+00
1.476480869999999967e+01,-7.950762458979999669e-01,-5.436979310630000173e-01,-1.225961832190000145e+01,5.248938798899999147e-01,-3.908202409740000327e+00,-2.242562919860000281e-01,0.000000000000000000e+00
1.476983745899999967e+01,-9.774119311009999977e-01,-5.322808668499999785e-01,-1.194532557800000028e+01,4.656260013579999746e-01,-4.124972343440000522e+00,-1.849015951159999893e-01,0.000000000000000000e+00
1.477467173099999975e+01,-1.332414432670000037e+00,-1.530189167610000178e-01,-1.172817335789999937e+01,4.297090768810000183e-01,-4.317699432369999535e+00,-1.710820198059999908e-01,0.000000000000000000e+00
1.477957753199999935e+01,-1.715425031239999898e+00,2.415222893939999727e-01,-1.190407119209999998e+01,4.396068155769999874e-01,-4.503622055050000128e+00,-1.198556870219999876e-01,0.000000000000000000e+00
1.478464674900000020e+01,-1.664833638770000013e+00,4.868173753249999680e-01,-1.183461596299999918e+01,4.809748530390000609e-01,-4.703660488130000594e+00,-3.882517293099999739e-02,0.000000000000000000e+00
1.478974821799999972e+01,-1.212177476239999940e+00,7.330549662710000858e-01,-1.195230476940000131e+01,5.258157849310000076e-01,-4.897015094760000409e+00,1.009590830649999965e-02,0.000000000000000000e+00
1.479484930199999937e+01,-6.075745927660000101e-01,5.321983761990000117e-01,-1.208273849099999886e+01,5.489344000820000069e-01,-5.120037078859999369e+00,8.470372110610001337e-02,0.000000000000000000e+00
1.479979181300000057e+01,-5.124461394370000145e-02,-2.022205171029999859e-01,-1.219568448670000116e+01,5.525491833690000520e-01,-5.384293079380000790e+00,1.620043814179999986e-01,0.000000000000000000e+00
1.480470980199999964e+01,4.283357410660000308e-01,-8.597390530089999983e-01,-1.248516661440000064e+01,4.752191305160000101e-01,-5.680424690249999742e+00,2.968015074729999925e-01,0.000000000000000000e+00
1.480954486999999986e+01,2.467072177509999908e-01,-1.863810296850000103e+00,-1.301828448010000017e+01,3.815708160400000382e-01,-5.967533111569999882e+00,4.173159301280000011e-01,0.000000000000000000e+00
1.481458829800000032e+01,-1.015768074840000118e-01,-1.801861790200000035e+00,-1.291405838190000033e+01,3.016290664669999955e-01,-6.359347343439999634e+00,5.179706215860000462e-01,0.000000000000000000e+00
1.481962994200000061e+01,-1.566089771420000165e+00,-1.276542323319999950e+00,-1.376896840740000094e+01,1.742018908260000165e-01,-6.761172294619999690e+00,5.715576410289999743e-01,0.000000000000000000e+00
1.482462424300000059e+01,-3.029797318999999600e+00,-1.490782163110000003e+00,-1.464010709849999969e+01,1.070726141329999964e-01,-7.142329216000000258e+00,5.145501494409999710e-01,0.000000000000000000e+00
1.482995395600000066e+01,-5.644799200369999603e+00,-8.650813638850000098e-01,-1.560886795950000128e+01,8.587654680009999819e-02,-7.437231063839999656e+00,4.431712925429999728e-01,0.000000000000000000e+00
1.483486139899999934e+01,-8.818432743380000716e+00,-8.813256655910000070e-01,-1.709898961289999875e+01,1.556795239450000090e-01,-7.636239051819999624e+00,2.759222388270000104e-01,0.000000000000000000e+00
1.483966941799999972e+01,-1.256116615050000007e+01,-1.247912295039999897e+00,-1.622658250920000000e+01,2.198450714350000113e-01,-7.720325946810000950e+00,8.121470361949999217e-02,0.000000000000000000e+00
1.484484613400000086e+01,-1.412020293469999999e+01,2.548759476920000044e-01,-1.694193676449999941e+01,2.743578851219999892e-01,-7.652795314789999637e+00,6.085272505880000293e-02,0.000000000000000000e+00
1.484994641199999954e+01,-1.364218560950000025e+01,2.299456507059999488e+00,-1.682296317900000204e+01,3.268602788450000185e-01,-7.352608203889999139e+00,1.045520901679999892e-01,0.000000000000000000e+00
1.485480117800000066e+01,-1.209315467099999886e+01,6.851648686529999699e-01,-1.610369262720000094e+01,4.456970691680000041e-01,-7.027313232420000055e+00,2.448605298999999846e-01,0.000000000000000000e+00
1.485980954899999951e+01,-1.108968606930000078e+01,8.272275071140000602e-01,-1.674691337400000180e+01,6.704437136649999962e-01,-6.722071170809999607e+00,4.782024621959999888e-01,0.000000000000000000e+00
1.486492783099999926e+01,-9.822039292310000391e+00,-3.399001364400000003e-01,-1.603428415990000033e+01,7.939900159839999860e-01,-6.590864658359999240e+00,6.307590603830000031e-01,0.000000000000000000e+00
1.486986207400000026e+01,-1.031306690570000129e+01,-2.159689139930000223e+00,-1.632991896509999918e+01,8.656525611880000470e-01,-6.622779846189999375e+00,6.556818485259999774e-01,0.000000000000000000e+00
1.487489847099999984e+01,-1.211293839890000079e+01,-3.761692374639999947e+00,-1.533958340109999874e+01,8.166142106059999239e-01,-6.648625373840000741e+00,5.912988185880000414e-01,0.000000000000000000e+00
1.487985247700000002e+01,-1.684189935019999851e+01,-3.867771699439999988e+00,-1.879968761510000164e+01,7.865516543389999837e-01,-6.485494136809999866e+00,3.868414759639999811e-01,0.000000000000000000e+00
1.488493255999999931e+01,-2.021183404840000009e+01,-2.685984758349999613e+00,-1.778865880720000092e+01,8.155080676079999868e-01,-5.980339527130000832e+00,3.151442408560000130e-01,0.000000000000000000e+00
1.488984468900000024e+01,-1.500560863609999807e+01,-1.029569403840000064e+00,-1.734310232069999813e+01,8.424012064929999877e-01,-5.399941921229999942e+00,3.813847005370000209e-01,0.000000000000000000e+00
1.489481496700000029e+01,-9.226896639889998752e+00,1.041196494070000034e+00,-1.895426325980000115e+01,9.100335836409999546e-01,-4.553995609280000245e+00,5.673795938490000523e-01,0.000000000000000000e+00
1.489986287600000026e+01,-9.060760321269999196e+00,1.113898449929999757e+00,-1.783941868810000031e+01,8.997489809990000253e-01,-4.112671375269999707e+00,6.514155864720000411e-01,0.000000000000000000e+00
1.490485217200000001e+01,-8.439431672710000498e+00,1.015033677879999957e-01,-1.435042389520000050e+01,9.355971217159999576e-01,-3.566852331159999778e+00,6.603429317469999837e-01,0.000000000000000000e+00
1.490986288600000087e+01,2.479653280539999838e-01,-1.650388203179999902e+00,-1.481294905230000047e+01,1.122484445570000045e+00,-2.653586864469999806e+00,8.673048019410001253e-01,0.000000000000000000e+00
1.491494865399999981e+01,1.384203247449999985e+01,1.394424003590000183e-01,-2.058684692619999979e+01,1.367911577220000119e+00,-1.709938883779999808e+00,1.278633475299999933e+00,0.000000000000000000e+00
1.491988209400000009e+01,1.020907929250000024e+01,1.243439241269999940e+00,-1.789871258859999870e+01,1.647866964339999907e+00,-1.262482643130000026e+00,1.753105640409999832e+00,0.000000000000000000e+00
1.492461924000000018e+01,-1.056086531629999881e+00,-2.167204776250000187e+00,-1.889050828829999773e+01,1.587120532989999999e+00,-1.306275606160000047e+00,2.080627679820000075e+00,0.000000000000000000e+00
1.492995125799999911e+01,-7.436932208239999120e+00,-1.038305594939999965e+00,-2.286367892900000243e+01,1.496799111369999880e+00,-1.265439391139999925e+00,2.625084638600000186e+00,0.000000000000000000e+00
1.493483814000000010e+01,9.246867780099998768e-02,-8.949929564159999629e-01,-2.049382143649999932e+01,1.361971974370000060e+00,-8.838441371920000567e-01,2.678342103959999942e+00,0.000000000000000000e+00
1.493972585600000080e+01,6.311305545789999805e+00,-1.866841188980000066e+00,-1.810416852570000046e+01,1.463710546489999986e+00,1.879231184719999947e-01,2.514356136319999990e+00,0.000000000000000000e+00
1.494474555600000087e+01,6.160737383180000748e+00,-1.761430849479999949e+00,-1.485443490890000184e+01,1.448532700539999940e+00,1.214757323269999967e+00,2.446795940399999925e+00,0.000000000000000000e+00
1.494986661999999988e+01,6.934535059530000822e+00,-1.293463939770000071e+00,-1.411016669390000189e+01,1.133433699610000067e+00,1.830415129659999973e+00,2.503432273859999668e+00,0.000000000000000000e+00
1.495480539299999911e+01,8.203055112180001274e+00,-3.057268094249999901e+00,-1.288297000069999854e+01,9.686482548710000362e-01,1.987126946450000098e+00,2.733578205109999715e+00,0.000000000000000000e+00
1.495961493499999939e+01,1.009705567239999979e+01,-2.563023272340000158e+00,-1.153713173059999875e+01,9.797701835629999412e-01,1.789513945579999987e+00,2.891482591629999988e+00,0.000000000000000000e+00
1.496490044099999928e+01,1.074888058150000170e+01,-1.043811517139999895e-01,-1.085198907380000044e+01,1.234993219379999951e+00,1.625887513160000131e+00,2.878491401669999838e+00,0.000000000000000000e+00
1.496989256300000015e+01,9.540227845289999564e+00,1.463066473190000050e+00,-1.067981698210000019e+01,1.374896049499999773e+00,1.621545910839999882e+00,2.711619138719999711e+00,0.000000000000000000e+00
1.497488074199999986e+01,9.703624509810000021e+00,1.371363464270000110e+00,-9.855736979249998697e+00,1.529850482939999923e+00,1.585960268970000087e+00,2.471903324129999913e+00,0.000000000000000000e+00
1.497989853700000040e+01,8.458307638099999082e+00,4.470401127430000399e-01,-9.736151983930000142e+00,1.745009899140000043e+00,1.731871008870000006e+00,2.355955123899999837e+00,0.000000000000000000e+00
1.498495888200000081e+01,7.520904038389999435e+00,-1.102103236589999785e-02,-1.021996659720000089e+01,2.058376073839999876e+00,1.972319126130000155e+00,2.316550254820000099e+00,0.000000000000000000e+00
1.498975713799999987e+01,6.554333380900000172e+00,3.298192162019999985e-03,-1.091422428839999981e+01,2.332656145100000078e+00,2.250787019729999727e+00,2.256767034529999716e+00,0.000000000000000000e+00
1.499488672800000089e+01,4.612500517700000024e+00,-8.280231144709999935e-02,-1.127205572979999992e+01,2.554646015170000339e+00,2.668557167050000345e+00,2.149884223940000449e+00,0.000000000000000000e+00
1.499977790199999994e+01,3.630513095380000443e+00,-1.073002448980000106e-01,-1.112392034730000034e+01,2.750030994420000319e+00,3.039919614790000502e+00,1.995742321009999820e+00,0.000000000000000000e+00
1.500488388299999976e+01,3.530705398189999844e+00,-1.608657578040000036e-01,-1.069428506789999922e+01,2.949846506120000100e+00,3.459640502930000583e+00,1.769125938419999988e+00,0.000000000000000000e+00
1.500986914299999953e+01,3.374699136179999837e+00,-7.868305782630000134e-02,-1.033587728799999894e+01,3.125260114670000089e+00,3.872543334960000028e+00,1.561442494390000046e+00,0.000000000000000000e+00
1.501485581000000025e+01,3.330491161140000322e+00,6.182838740349999584e-02,-9.899515330699999893e+00,3.215167045590000328e+00,4.275054931640000611e+00,1.406491279599999977e+00,0.000000000000000000e+00
1.501971952499999929e+01,3.629416240049999853e+00,2.287146658720000114e-01,-9.468585919880000645e+00,3.304013490680000054e+00,4.603418350219999233e+00,1.260159373280000050e+00,0.000000000000000000e+00
1.502461317100000038e+01,3.841893746340000249e+00,6.488580951929999729e-01,-9.082448421469999644e+00,3.425768852230000050e+00,4.800947666169999906e+00,1.119073629379999879e+00,0.000000000000000000e+00
1.502995628999999944e+01,3.787114985190000116e+00,1.025525243019999921e+00,-8.893790474439999372e+00,3.511714458469999300e+00,4.915513992310000191e+00,9.636218547820000202e-01,0.000000000000000000e+00
1.503488467500000070e+01,3.200259684120000170e+00,1.263879971759999998e+00,-8.929620497230001064e+00,3.588314533230000158e+00,4.950221538540000132e+00,8.310906887050000247e-01,0.000000000000000000e+00
1.503981065900000047e+01,2.423054975809999512e+00,1.789182341359999873e+00,-9.020905865269998714e+00,3.724179983139999983e+00,4.911250591279999966e+00,7.059008479119999180e-01,0.000000000000000000e+00
1.504479872299999954e+01,1.848101124930000116e+00,2.264008615449999873e+00,-9.398009577879999910e+00,3.794554471969999732e+00,4.932800292969999667e+00,5.475699305529999616e-01,0.000000000000000000e+00
1.504987290400000077e+01,1.107618858199999945e+00,2.646930805079999782e+00,-1.008919034580000051e+01,3.850349664690000395e+00,4.998590946200000218e+00,4.400297105309999846e-01,0.000000000000000000e+00
1.505482501400000039e+01,4.514430969420000217e-01,2.659545079719999983e+00,-1.083542021630000107e+01,3.947245359419999655e+00,5.089310646060000387e+00,3.303986191750000190e-01,0.000000000000000000e+00
1.505978860099999928e+01,-5.917414656770000336e-01,2.899564672929999976e+00,-1.169406533660000136e+01,4.019235610959999150e+00,5.201474189759999867e+00,2.475398480889999808e-01,0.000000000000000000e+00
1.506494827799999925e+01,-1.488745688849999915e+00,3.583012800790000174e+00,-1.214368308130000074e+01,4.090702533720000034e+00,5.327166080469999621e+00,1.486134231089999980e-01,0.000000000000000000e+00
1.506987801300000029e+01,-2.361429563630000228e+00,3.852246505790000164e+00,-1.260046355719999944e+01,4.140962123869999623e+00,5.464838504789999440e+00,5.324450135230000131e-02,0.000000000000000000e+00
1.507490800699999944e+01,-2.961277325000000182e+00,3.720699854519999406e+00,-1.296934012420000037e+01,4.219953060149999935e+00,5.605524063109999844e+00,-7.756350189450000876e-02,0.000000000000000000e+00
1.507988925699999960e+01,-3.366585387829999831e+00,3.477149456830000318e+00,-1.336471540650000023e+01,4.259545803069999970e+00,5.816379547120000382e+00,-1.737999916079999985e-01,0.000000000000000000e+00
1.508477683499999955e+01,-3.254464444779999965e+00,3.227852332190000340e+00,-1.368065650219999974e+01,4.246538639069999732e+00,5.964046955110000603e+00,-2.667945623399999855e-01,0.000000000000000000e+00
1.508994470999999926e+01,-3.295240984059999434e+00,2.922572331290000047e+00,-1.404919638460000009e+01,4.224872112269999924e+00,6.071368694310000258e+00,-3.355741798879999793e-01,0.000000000000000000e+00
1.509477143300000002e+01,-3.349566740749999827e+00,3.170469818270000406e+00,-1.432042856990000068e+01,4.157113552090000219e+00,6.179558277130000832e+00,-4.349020719529999579e-01,0.000000000000000000e+00
1.509979502500000059e+01,-3.933755160700000086e+00,4.366902832090000075e+00,-1.430158826039999909e+01,4.106122016909999672e+00,6.240121364590000219e+00,-5.246179699899999882e-01,0.000000000000000000e+00
1.510472193600000068e+01,-4.781426759300000384e+00,6.278416252619999582e+00,-1.384186062510000070e+01,4.096240043639999939e+00,6.253273963929999901e+00,-6.371117830279999783e-01,0.000000000000000000e+00
1.510987752800000017e+01,-5.299649545909999482e+00,7.171901215619999270e+00,-1.361526253130000086e+01,4.169083118440000568e+00,6.279979228969999383e+00,-7.372763752940000304e-01,0.000000000000000000e+00
1.511490112999999980e+01,-6.381328345560000059e+00,7.627514401330000027e+00,-1.356403854000000031e+01,4.322251319890000332e+00,6.276241779330001158e+00,-7.333512306209999387e-01,0.000000000000000000e+00
1.511988172699999922e+01,-7.601883700980000214e+00,8.410464521430000673e+00,-1.342171330509999905e+01,4.536773204800000237e+00,6.252408027649999589e+00,-6.454131007190000435e-01,0.000000000000000000e+00
1.512488155900000031e+01,-8.428629123669999501e+00,9.097773416369999921e+00,-1.325568103130000175e+01,4.684532165530000292e+00,6.213309288019999599e+00,-5.794079303739999576e-01,0.000000000000000000e+00
1.512994463699999947e+01,-9.639359835169999613e+00,8.839452150530000551e+00,-1.323937170160000143e+01,4.739229202269999774e+00,6.122292995449999609e+00,-5.298452973370000318e-01,0.000000000000000000e+00
1.513491931299999926e+01,-1.109053362599999915e+01,7.354636786869999554e+00,-1.369895320640000058e+01,4.625924587250000108e+00,6.033462047580000487e+00,-4.350749254230000251e-01,0.000000000000000000e+00
1.513990214600000073e+01,-1.236581075170000155e+01,5.601757931030000748e+00,-1.413329856309999855e+01,4.330828189850000065e+00,5.926183223719999837e+00,-2.985480725770000010e-01,0.000000000000000000e+00
1.514483751300000058e+01,-1.352251410490000083e+01,4.412302939529999968e+00,-1.427095229910000107e+01,3.817382097240000327e+00,5.758521080019999516e+00,-1.098673418160000109e-01,0.000000000000000000e+00
1.514999526899999971e+01,-1.483210032749999918e+01,3.631563481209999722e+00,-1.426413443579999907e+01,3.125367164609999637e+00,5.498173236849999590e+00,1.035950779909999980e-01,0.000000000000000000e+00
1.515476645000000033e+01,-1.660204429990000108e+01,3.322626419120000119e+00,-1.417755154630000192e+01,2.365315437320000047e+00,5.199864387509999908e+00,3.940947055819999933e-01,0.000000000000000000e+00
1.515973151999999935e+01,-1.895918493410000139e+01,4.004017322190000172e+00,-1.438554080130000123e+01,1.641686201100000186e+00,4.827958583830000094e+00,7.693266868590000751e-01,0.000000000000000000e+00
1.516492696599999945e+01,-2.251308036150000191e+01,5.192445893249999500e+00,-1.551418710380000121e+01,1.110046267510000018e+00,4.458372116090000503e+00,1.176046013829999959e+00,0.000000000000000000e+00
1.516992745299999967e+01,-2.743656902860000102e+01,7.738223431749999826e+00,-1.651176957019999847e+01,8.329260349269999031e-01,4.110073566439999659e+00,1.614498972890000106e+00,0.000000000000000000e+00
1.517477269599999978e+01,-3.142197254350000080e+01,1.111768349869999817e+01,-1.616981608140000048e+01,7.878685593610000870e-01,3.815764427190000418e+00,1.929657697680000172e+00,0.000000000000000000e+00
1.517986179699999916e+01,-3.476762854049999873e+01,1.352106215260000077e+01,-1.454641876099999820e+01,9.887260198589999938e-01,3.684564113620000025e+00,2.134008646009999843e+00,0.000000000000000000e+00
1.518489570999999927e+01,-3.713688748260000239e+01,1.427512461630000118e+01,-1.231431086609999959e+01,1.356686472890000106e+00,3.834135293959999746e+00,2.258447170259999748e+00,0.000000000000000000e+00
1.518992433899999916e+01,-3.753194712319999837e+01,1.288441610789999991e+01,-9.262302884310001261e+00,1.767873406409999681e+00,4.148941516879999902e+00,2.340605735779999641e+00,0.000000000000000000e+00
1.519493726199999983e+01,-3.666718907290000118e+01,1.071742862760000037e+01,-5.480641488350000756e+00,1.995039105419999848e+00,4.251037597659999889e+00,2.392402648930000097e+00,0.000000000000000000e+00
1.519971962500000018e+01,-3.450608305200000103e+01,7.768278962799999299e+00,-1.138081654879999904e+00,1.926134109499999969e+00,4.013233661650000172e+00,2.364097833630000256e+00,0.000000000000000000e+00
1.520481590500000024e+01,-3.155098587690000045e+01,4.741698852280000764e+00,2.460650985360000043e+00,1.617538809779999864e+00,3.421422958369999989e+00,2.266805171969999755e+00,0.000000000000000000e+00
1.520975733699999921e+01,-3.017984482320000339e+01,2.946032409599999902e+00,5.100748437290000048e+00,1.227327466010000201e+00,2.549199342730000151e+00,2.083454608920000339e+00,0.000000000000000000e+00
1.521476376500000072e+01,-2.964591681019999925e+01,3.393571302170000248e+00,6.647019263389999821e+00,8.776259422299999002e-01,1.500287652020000140e+00,1.761304140090000026e+00,0.000000000000000000e+00
1.521991376499999937e+01,-2.936955953689999888e+01,4.252146864360000222e+00,7.603373062760000245e+00,6.311261057850000578e-01,4.821517467499999432e-01,1.300268650050000030e+00,0.000000000000000000e+00
1.522478058799999978e+01,-2.907753240079999912e+01,4.824966041299999731e+00,7.580110260589998816e+00,5.700550079349999688e-01,-2.846018075940000003e-01,7.238775491710000010e-01,0.000000000000000000e+00
1.522993622999999985e+01,-2.856905680899999922e+01,5.213736518560000199e+00,7.208799159910000753e+00,6.302049756049999951e-01,-8.195915818210000037e-01,1.347690075640000096e-01,0.000000000000000000e+00
1.523486756099999972e+01,-2.715323724019999929e+01,4.422259685400000251e+00,6.713444915449999328e+00,7.662085890770000685e-01,-1.121423721310000010e+00,-3.617644011969999851e-01,0.000000000000000000e+00
1.523979907999999917e+01,-2.287100649539999964e+01,4.131919479480000490e+00,4.159341447150000093e+00,8.406621813770001062e-01,-1.382238626479999954e+00,-7.523962259289999066e-01,0.000000000000000000e+00
1.524487441399999987e+01,-2.537793203300000044e+01,-7.515035438620000008e+00,-8.642479087360001033e-01,-8.380840420720000461e-01,-1.833512663840000112e+00,-1.496179461479999917e+00,0.000000000000000000e+00
1.524987977900000047e+01,-2.862588870329999935e+01,-7.622134461849999099e+00,8.883234009109999718e+00,-2.693196296690000491e+00,-2.736358881000000132e+00,-2.047072648999999966e+00,0.000000000000000000e+00
1.525486978500000035e+01,-2.370353400870000016e+01,-9.574590718139999623e+00,5.745736778370000408e+00,-5.529110908509999867e+00,-2.943724155429999989e+00,-2.570644378659999951e+00,0.000000000000000000e+00
1.525982377499999920e+01,-2.907017210119999717e+01,-3.190384303699999791e+01,-5.775244027890000353e+00,-9.077642440800000045e+00,-3.264788866040000404e+00,-3.035356283190000060e+00,0.000000000000000000e+00
1.526491736900000085e+01,-2.180432652749999889e+01,-2.483349899260000271e+01,-9.569081014810000951e+00,-9.677523612979999967e+00,-3.033917665479999748e+00,-1.118085384370000046e+00,0.000000000000000000e+00
1.526974733499999992e+01,-1.663507329380000144e+01,2.181066975899999960e+01,-2.625267371709999864e+01,-9.616213798520000466e+00,-2.702270984649999708e+00,1.372819423679999984e+00,0.000000000000000000e+00
1.527479269600000045e+01,-1.090323410779999946e+01,6.199502290379999891e+01,-2.535919459929999675e+01,-9.619876861569998994e+00,-1.938829183579999782e+00,8.679241538049999871e-01,0.000000000000000000e+00
1.527986250200000029e+01,-5.322770309250000054e+00,6.354240665959999745e+01,-2.461454878309999827e+01,-6.368961811070000145e+00,-3.816449046129999911e-01,1.922804355620000072e+00,0.000000000000000000e+00
1.528485243199999921e+01,-7.010822764919999450e+00,6.143838504629999875e+01,-3.300570420849999920e+01,-2.058886528019999940e+00,-4.485146999360000164e-01,1.416177868839999965e+00,0.000000000000000000e+00
1.528965803800000067e+01,-1.130056286239999963e+01,1.603675785649999952e+01,-1.313213531569999937e+01,9.713155031200000344e-01,-6.956471502780001148e-02,8.003425002099999741e-01,0.000000000000000000e+00
1.529485111800000041e+01,1.931355162200000031e+00,-7.224834933430000383e+00,-4.264535805809999580e+00,2.480791568759999954e+00,-5.224757790569999338e-01,2.083528414370000234e-02,0.000000000000000000e+00
1.529977296300000056e+01,4.071602957950000601e+00,-1.082501221950000136e+01,-1.458931916059999878e+01,1.851717710490000224e+00,-9.810487627980000180e-01,-5.685061216350000279e-01,0.000000000000000000e+00
1.530466120200000013e+01,2.203516372019999892e-01,-6.758854082969999233e+00,-1.290809275150000168e+01,-4.380487799639999902e-01,-1.822381615640000119e+00,-3.960071802139999986e-01,0.000000000000000000e+00
1.530967211199999944e+01,-4.681969482990000486e+00,2.349995584809999816e+00,-1.081599538480000078e+01,-1.727012753490000163e+00,-2.058621644970000109e+00,-3.663567900660000265e-01,0.000000000000000000e+00
1.531470232300000056e+01,-8.542045074969999874e+00,5.422718291689999859e+00,-9.090016810889999022e+00,-2.206983327870000178e+00,-1.841451406480000053e+00,-5.227929353710000226e-01,0.000000000000000000e+00
1.531977309500000040e+01,-1.124709196890000129e+01,-3.339050607440000040e-01,-7.624655504760000646e+00,-1.135049343109999942e+00,-5.224974751470000678e-01,2.168132364750000041e-01,0.000000000000000000e+00
1.532472054700000008e+01,-3.859912510380000494e+00,-1.650722403569999885e+00,-9.821285259069998830e+00,-3.483957648279999986e-01,3.200105726720000043e-01,7.565403580670000405e-01,0.000000000000000000e+00
1.532989352000000061e+01,-3.955103945940000365e+00,1.100347332829999969e+00,-9.291648805790000409e+00,1.524348109960000086e-01,1.641546785830000077e-01,6.656888723370000260e-01,0.000000000000000000e+00
1.533493820900000060e+01,-7.005522320419999005e+00,4.056745872809999653e+00,-1.109827620289999928e+01,-1.725709438320000011e-01,-8.941850811239998587e-02,3.266298472879999859e-01,0.000000000000000000e+00
1.533977533600000065e+01,-1.282999828899999972e+00,3.012313100230000096e+00,-1.228688743710000075e+01,-5.535495877269999143e-01,-7.077037096020000195e-01,1.918877214189999847e-01,0.000000000000000000e+00
1.534476313000000047e+01,-3.785234286010000115e+00,1.874670129040000077e+00,-1.125684179400000140e+01,-6.524109840389999970e-01,-4.867781698699999438e-01,-3.480032458900000208e-02,0.000000000000000000e+00
1.534994608000000049e+01,-3.789994340019999797e+00,-2.873869455990000210e-01,-1.082131921020000043e+01,-1.869180649520000015e-01,-5.175809860230000670e-01,5.225147679449999860e-02,0.000000000000000000e+00
1.535478724799999917e+01,-3.614333821730000285e+00,6.448621756899999835e-02,-1.043149337870000082e+01,2.115697413679999972e-01,-2.192392945290000117e-01,5.016680061819999564e-02,1.000000000000000000e+00
1.535979815399999993e+01,-2.664075124360000046e+00,2.596376968139999963e+00,-1.172307749609999838e+01,1.129203364250000036e-01,-2.581602632999999702e-01,7.142966985699999993e-02,1.000000000000000000e+00
1.536489036100000050e+01,-3.940623000640000040e+00,2.437403965280000140e+00,-9.911247854069999974e+00,-1.572309434409999984e-01,-4.360181987289999950e-01,4.067123681309999655e-02,1.000000000000000000e+00
1.536990369499999964e+01,-4.498979060199999935e+00,1.740390984059999813e+00,-9.886118088989999109e+00,-1.461984664200000061e-01,-4.596097767350000307e-01,-1.481676381080000021e-02,1.000000000000000000e+00
1.537491606100000041e+01,-4.156333789769999676e+00,7.993296655580001131e-01,-9.232171949939999678e+00,1.212517078970000092e-02,-5.482689142230000590e-01,-8.822128176689998658e-02,1.000000000000000000e+00
1.537990556099999928e+01,-4.605273489060000003e+00,9.314975540030000223e-02,-9.477758821900000186e+00,1.546590477229999872e-01,-4.262679517270000495e-01,-1.184855327009999987e-01,1.000000000000000000e+00
1.538487036100000083e+01,-3.883467281230000179e+00,-1.027922805679999829e+00,-9.646790861960001351e+00,1.598927974700000143e-01,-3.349107205869999992e-01,-1.324109286069999891e-01,1.000000000000000000e+00
1.538984824399999951e+01,-3.621450375739999838e+00,-3.971021792170000286e-01,-1.055168393870000010e+01,2.054548636079999921e-02,-3.105739951129999898e-01,-9.837500751019999379e-02,1.000000000000000000e+00
1.539489958599999930e+01,-3.418138464940000176e+00,-1.434920319430000035e-01,-1.032064932369999966e+01,-1.569357961419999836e-01,-3.063462972639999782e-01,-8.847282826899999231e-02,1.000000000000000000e+00
1.539981326999999922e+01,-3.207360163780000217e+00,4.259120210510000115e-01,-1.039413892279999985e+01,-1.420773267750000124e-01,-2.666713595390000080e-01,-5.780199170110000145e-02,1.000000000000000000e+00
1.540491481900000004e+01,-3.073918784800000026e+00,1.329283879559999937e+00,-1.001116485690000069e+01,-2.619860693810000234e-03,-2.564850747590000091e-01,-4.287648200989999797e-02,1.000000000000000000e+00
1.540977484599999947e+01,-2.880633762490000027e+00,1.429901285689999968e+00,-1.065476203580000103e+01,1.861658245329999850e-01,-3.241474926469999907e-01,-4.077717661860000634e-03,1.000000000000000000e+00
1.541486097800000010e+01,-2.747712900249999812e+00,1.697723954850000050e+00,-1.076666875160000103e+01,3.231769502160000140e-01,-4.511768519879999495e-01,-2.910722419620000168e-02,1.000000000000000000e+00
1.541984921399999919e+01,-2.671452959659999848e+00,1.760220158509999910e+00,-1.090732576109999918e+01,4.417102038860000190e-01,-5.900800228120000046e-01,-1.935349963609999877e-02,1.000000000000000000e+00
1.542481777000000065e+01,-3.200011554580000084e+00,1.570911784750000040e+00,-1.102765777539999981e+01,5.093705654140000538e-01,-6.818535923960000744e-01,-3.145676478740000448e-02,1.000000000000000000e+00
1.542992820599999959e+01,-2.695641644490000211e+00,1.502454480729999764e+00,-1.130563768140000036e+01,5.243030190470000518e-01,-7.880423665050000359e-01,-4.134386777880000308e-02,0.000000000000000000e+00
1.543493326099999940e+01,-2.200672161570000007e+00,1.213652298039999966e+00,-1.179623508670000120e+01,5.861535668370000396e-01,-7.986251115800000466e-01,-9.574462473389999673e-02,0.000000000000000000e+00
1.543979185599999937e+01,-1.919612555830000122e+00,5.515441510509999645e-01,-1.188355681180000012e+01,6.244503259660000305e-01,-9.500424861910000685e-01,-1.219936534759999969e-01,0.000000000000000000e+00
1.544475247199999934e+01,-1.943303812540000175e+00,2.899985711360000273e-01,-1.236605157470000016e+01,6.554685235020000222e-01,-1.113699674610000079e+00,-7.215958833689999075e-02,0.000000000000000000e+00
1.544995418599999937e+01,-1.488846665010000070e+00,3.462380707569999716e-01,-1.234062019630000151e+01,6.663952469830000114e-01,-1.345477104189999995e+00,-9.899292886260001312e-02,0.000000000000000000e+00
1.545481181999999976e+01,-1.211176920900000065e+00,8.069800524469999958e-02,-1.282633333670000120e+01,6.609556674959999878e-01,-1.614631175990000056e+00,-1.444751620289999872e-01,0.000000000000000000e+00
1.545975067600000052e+01,-1.166230110189999891e+00,5.129097383609999561e-01,-1.289514909880000104e+01,6.200270652770000224e-01,-1.894116401670000061e+00,-1.860776841640000012e-01,0.000000000000000000e+00
1.546481774899999984e+01,-1.053164798959999926e+00,7.477298267030000334e-01,-1.276146543549999990e+01,5.815564990039999715e-01,-2.160103559489999991e+00,-1.861160546539999960e-01,0.000000000000000000e+00
1.546977428699999990e+01,-1.069117570369999992e+00,5.587656632699999903e-01,-1.264182549509999909e+01,5.995030403140000352e-01,-2.392294406890000058e+00,-2.182674854989999913e-01,0.000000000000000000e+00
1.547480656299999957e+01,-9.599950784849999863e-01,6.874568520480000000e-01,-1.226959611060000022e+01,6.622349619870000481e-01,-2.610698938370000111e+00,-2.144793570039999764e-01,0.000000000000000000e+00
1.547974861099999977e+01,-1.037834178029999777e+00,9.736340199979999221e-01,-1.207880115150000044e+01,7.409782409669999348e-01,-2.856478452680000224e+00,-2.008468210700000145e-01,0.000000000000000000e+00
1.548472875600000087e+01,-1.215022417349999939e+00,7.635290149889999434e-01,-1.156764611130000198e+01,7.705718874929999851e-01,-3.055899143220000447e+00,-2.005500346420000246e-01,0.000000000000000000e+00
1.548974792499999964e+01,-1.318896194929999766e+00,9.190317113899999502e-01,-1.111812773539999988e+01,8.173644542689999515e-01,-3.258354425429999868e+00,-2.204083204270000096e-01,0.000000000000000000e+00
1.549472928600000010e+01,-1.437227536929999827e+00,9.679113315019999275e-01,-1.129492339519999966e+01,8.355426192279999942e-01,-3.465987682340000209e+00,-2.385941743849999963e-01,0.000000000000000000e+00
1.549975559499999989e+01,-1.631000196620000064e+00,8.544313750549999975e-01,-1.114710599260000023e+01,8.739974498749999432e-01,-3.670603275299999524e+00,-2.402060329909999903e-01,0.000000000000000000e+00
1.550467545300000083e+01,-1.749685174359999928e+00,7.536424848119999131e-01,-1.089525070789999894e+01,9.200429916379999629e-01,-3.851267814639999898e+00,-2.492386251689999999e-01,0.000000000000000000e+00
1.550971339200000010e+01,-1.795229512569999963e+00,8.890566982350001091e-01,-1.080048100489999996e+01,9.698821902280000407e-01,-3.981759548189999887e+00,-2.577177584170000091e-01,0.000000000000000000e+00
1.551474928999999925e+01,-1.554535673359999981e+00,8.215884052480000310e-01,-1.091924883859999973e+01,1.014563441279999978e+00,-4.146870613099999936e+00,-2.389066964390000047e-01,0.000000000000000000e+00
1.551988352799999937e+01,-1.504673033560000039e+00,6.832859961040000929e-01,-1.066532434640000027e+01,1.076109647750000065e+00,-4.302715301509999257e+00,-2.205228060480000085e-01,0.000000000000000000e+00
1.552478519699999993e+01,-2.092948576690000451e+00,5.720414705590000093e-01,-1.055859064929999924e+01,1.088802695270000065e+00,-4.460787296300000371e+00,-1.839714050290000014e-01,0.000000000000000000e+00
1.552977912599999932e+01,-1.341615391739999996e+00,3.653986252359999742e-01,-1.024160793570000116e+01,1.128785967829999848e+00,-4.659645080569999820e+00,-1.788126677269999965e-01,0.000000000000000000e+00
1.553492380600000011e+01,-1.988100108859999882e+00,7.607903107400000309e-01,-1.017340124539999913e+01,1.176995635029999931e+00,-4.868869304659999564e+00,-1.607037931680000142e-01,0.000000000000000000e+00
1.553989599500000018e+01,-2.124939459720000201e+00,8.190140977809999834e-01,-1.011039563090000115e+01,1.234445095059999886e+00,-5.018927097319999753e+00,-1.337018013000000061e-01,0.000000000000000000e+00
1.554485026400000081e+01,-2.516632400299999794e+00,1.375548348739999760e+00,-1.002908512890000026e+01,1.296441197399999856e+00,-5.200781822200000626e+00,-1.196473091840000030e-01,0.000000000000000000e+00
1.554977290499999931e+01,-3.362216963490000321e+00,2.163770271759999808e+00,-1.017124085250000043e+01,1.344055414199999854e+00,-5.409919738769999320e+00,-1.239703446629999983e-01,0.000000000000000000e+00
1.555481535100000023e+01,-4.886309567790000585e+00,3.126904525050000050e+00,-1.077961824960000037e+01,1.417687177659999964e+00,-5.620084762569999448e+00,-2.149716913699999954e-01,0.000000000000000000e+00
1.555974420599999952e+01,-5.875733862119999706e+00,2.075148131590000222e+00,-1.096598019460000017e+01,1.542244195939999729e+00,-5.785935401919998888e+00,-3.264268934730000238e-01,0.000000000000000000e+00
1.556489539200000038e+01,-6.657524290789999633e+00,1.659675525349999958e+00,-1.186789980849999893e+01,1.726072072979999872e+00,-5.875912189480001047e+00,-4.245126843450000020e-01,0.000000000000000000e+00
1.556996743300000041e+01,-8.386216799879999684e+00,2.002024881580000137e+00,-1.300002167819999954e+01,1.914422750470000212e+00,-5.899414062500000000e+00,-5.011222958559999885e-01,0.000000000000000000e+00
1.557488916400000001e+01,-9.638417001360000569e+00,9.553658112489999965e-01,-1.321167120920000038e+01,2.070550918579999955e+00,-5.889822959900000043e+00,-5.538840889930000122e-01,0.000000000000000000e+00
1.557991532499999998e+01,-1.028161261380000013e+01,1.367490714489999926e+00,-1.272908292279999998e+01,2.227529287340000330e+00,-5.859733104709999196e+00,-6.170614361760000666e-01,0.000000000000000000e+00
1.558488787199999948e+01,-1.120883150410000084e+01,2.013860719190000204e+00,-1.455094646759999932e+01,2.332619667050000345e+00,-5.747388839720000142e+00,-6.684003472330000140e-01,0.000000000000000000e+00
1.558984021400000053e+01,-1.171763442819999845e+01,2.797465357680000153e+00,-1.535658012859999921e+01,2.435271263120000196e+00,-5.602048873900000281e+00,-7.487556934360000138e-01,0.000000000000000000e+00
1.559478834199999930e+01,-1.097409452750000014e+01,2.066106162470000118e+00,-1.429333013509999972e+01,2.623821496959999777e+00,-5.530820846560000170e+00,-7.754999399190000142e-01,0.000000000000000000e+00
1.559972858100000082e+01,-1.157635782559999882e+01,1.109245436489999959e+00,-1.527779476119999913e+01,2.876343488690000338e+00,-5.398450374600000323e+00,-7.990108132359999837e-01,0.000000000000000000e+00
1.560490538400000027e+01,-1.132911324950000065e+01,4.955287607750000212e-01,-1.497228621230000023e+01,3.008874654770000046e+00,-5.387611866000000305e+00,-7.525816559790000637e-01,0.000000000000000000e+00
1.560984185100000055e+01,-1.056181721019999920e+01,-3.703132852839999822e-01,-1.498053849230000090e+01,3.088366270070000308e+00,-5.399160385130000073e+00,-7.832500338550000274e-01,0.000000000000000000e+00
1.561479007400000008e+01,-1.180354862460000120e+01,-9.668442319929999862e-02,-1.482082373119999907e+01,3.134336948389999655e+00,-5.370698928830000440e+00,-8.396595716479999805e-01,0.000000000000000000e+00
1.561980110300000035e+01,-1.254235272900000098e+01,-1.400712600609999914e+00,-1.572472955039999931e+01,3.180734634399999816e+00,-5.311160564419999730e+00,-9.063331484790000392e-01,0.000000000000000000e+00
1.562477790600000027e+01,-1.370495741519999910e+01,-3.044083910759999956e+00,-1.354895436809999865e+01,3.146475076679999816e+00,-5.161304950709999950e+00,-9.862557053569999121e-01,0.000000000000000000e+00
1.562976967400000028e+01,-1.884197777390000184e+01,-3.839703542819999260e+00,-2.001015762990000013e+01,3.303794622419999882e+00,-4.951316833499999959e+00,-1.023513436320000247e+00,0.000000000000000000e+00
1.563478696499999998e+01,-1.743353136410000204e+01,-1.559902461090000081e+00,-1.830265111670000167e+01,3.324616432190000470e+00,-4.531747341159999998e+00,-8.164793848989999603e-01,0.000000000000000000e+00
1.563982979300000054e+01,-1.127172956660000125e+01,1.985228498950000198e+00,-1.882153353620000047e+01,3.340584516529999881e+00,-4.218382835389999919e+00,-7.488936185840000537e-01,0.000000000000000000e+00
1.564476648099999956e+01,-1.036771736429999891e+01,2.247574490259999891e+00,-1.919462216799999865e+01,3.414268970490000221e+00,-3.766898870469999938e+00,-6.928809285160000275e-01,0.000000000000000000e+00
1.564984490800000039e+01,-1.047859298350000046e+01,5.404333763090000131e-01,-1.804622253269999987e+01,3.395704984659999592e+00,-3.327672481540000504e+00,-4.919008016590000198e-01,0.000000000000000000e+00
1.565475991099999931e+01,-6.661613021410000002e+00,-2.201706728779999900e-01,-1.656548479379999961e+01,3.375400304790000305e+00,-2.781948328019999916e+00,-1.746042668820000088e-01,0.000000000000000000e+00
1.565967520000000057e+01,9.206701993120000038e-01,3.273097906640000110e-01,-1.673400713070000023e+01,3.428026914599999753e+00,-2.070698022840000263e+00,2.498978376390000034e-01,0.000000000000000000e+00
1.566479972399999987e+01,1.555822147589999993e+01,2.371010608050000190e+00,-1.731282174869999935e+01,3.720227718349999879e+00,-1.281437516210000016e+00,1.109130620960000035e+00,0.000000000000000000e+00
1.566994988899999974e+01,7.329434541070000364e+00,1.823135025979999879e+00,-1.671898374910000129e+01,3.682495355609999965e+00,-1.129018545150000108e+00,2.278825759890000135e+00,0.000000000000000000e+00
1.567488028200000016e+01,-1.237536768460000047e+01,-3.358461994869999856e+00,-2.455766778899999991e+01,3.412070035929999801e+00,-1.537440419199999964e+00,3.746998071669999764e+00,0.000000000000000000e+00
1.567989224099999923e+01,-1.497891702859999974e+01,-3.292610051040000485e+00,-2.544252871610000000e+01,3.174517869949999849e+00,-1.550110459329999912e+00,4.936060905459999759e+00,0.000000000000000000e+00
1.568490016199999992e+01,-5.194990317040000249e+00,2.618900057859999908e+00,-2.365397356669999951e+01,3.025401353839999974e+00,-1.150324344639999996e+00,5.063116550450000197e+00,0.000000000000000000e+00
1.568987537399999965e+01,8.377537964990000585e-01,2.933137272190000200e+00,-2.178835738949999978e+01,2.790556907649999641e+00,3.399412631989999767e-01,4.898942470549999761e+00,0.000000000000000000e+00
1.569478201799999972e+01,-1.711749338399999876e-01,6.726239515100000954e-01,-1.779227582869999935e+01,2.369904041289999874e+00,1.784943938259999863e+00,4.861746788019999599e+00,0.000000000000000000e+00
1.569994275800000061e+01,2.793597284070000075e+00,-1.931864426900000042e+00,-1.621004404690000200e+01,1.985075712200000009e+00,2.600035190579999878e+00,5.063076019290000396e+00,0.000000000000000000e+00
1.570479917099999945e+01,6.259876387320000291e+00,-3.826683902250000102e+00,-1.417880593029999936e+01,1.650067448620000210e+00,2.888693332670000391e+00,5.522939205169999255e+00,0.000000000000000000e+00
1.570987112799999963e+01,9.117509797980000386e+00,-3.643810383850000001e+00,-1.320968734190000049e+01,1.468338847159999849e+00,2.492420434950000097e+00,5.940756797790000654e+00,0.000000000000000000e+00
1.571470522199999920e+01,1.042260981499999950e+01,-1.417786923400000010e+00,-1.248476329430000042e+01,1.339305162429999863e+00,2.003351926800000182e+00,5.990570545199999763e+00,0.000000000000000000e+00
1.571981076600000016e+01,1.007826913879999964e+01,-7.610127943850000243e-01,-1.282873455270000029e+01,1.097665190699999904e+00,1.695522308350000174e+00,5.740684986109999777e+00,0.000000000000000000e+00
1.572474347500000036e+01,9.476222698369999975e+00,-7.856729691930000037e-01,-1.230936814900000087e+01,8.388854265209999550e-01,1.555548667910000127e+00,5.350008487699999371e+00,0.000000000000000000e+00
1.572977837000000001e+01,7.826582683210000724e+00,-8.686598068940000195e-01,-1.192239946039999943e+01,6.889702081680000312e-01,1.640735983849999968e+00,5.037210464480000205e+00,0.000000000000000000e+00
1.573490520100000012e+01,6.477308593409999204e+00,-7.043930084749999709e-01,-1.184291149769999940e+01,6.547180414200000076e-01,1.886947035790000227e+00,4.809637069699999934e+00,0.000000000000000000e+00
1.573976289400000006e+01,5.845743797519999951e+00,-4.919538248979999917e-01,-1.195813946690000051e+01,7.096505761149999314e-01,2.208779811859999942e+00,4.661670684809999798e+00,0.000000000000000000e+00
1.574486620499999923e+01,4.846689505059999625e+00,1.774447896229999766e-01,-1.215498072029999932e+01,8.399438261989999877e-01,2.614227533340000242e+00,4.485357284550000045e+00,0.000000000000000000e+00
1.574970825900000015e+01,4.484898804659999350e+00,1.207063348099999933e+00,-1.190298865749999990e+01,1.033799290659999981e+00,3.038043975829999965e+00,4.196608543400000002e+00,0.000000000000000000e+00
1.575476413800000053e+01,4.919951140630000275e+00,2.049812030280000030e+00,-1.117026007369999974e+01,1.251039266589999865e+00,3.419331312179999749e+00,3.829034566880000323e+00,0.000000000000000000e+00
1.575966067799999948e+01,5.150993354399999724e+00,2.439758419459999939e+00,-1.027986723149999904e+01,1.572113871570000043e+00,3.774182558060000137e+00,3.461308956149999894e+00,0.000000000000000000e+00
1.576491026300000087e+01,5.017973123440000016e+00,2.448191755149999871e+00,-9.445868476639999400e+00,1.938524603840000138e+00,4.084964275359999952e+00,3.170897722240000327e+00,0.000000000000000000e+00
1.576993327399999956e+01,4.763601179750000192e+00,2.375374210089999938e+00,-8.717747094310000833e+00,2.293514728549999937e+00,4.332655906680000335e+00,2.942401885990000299e+00,0.000000000000000000e+00
1.577488302899999972e+01,4.748083584880000707e+00,2.611790225850000091e+00,-8.076746946080000100e+00,2.625645160679999979e+00,4.540180206299999632e+00,2.719179630279999760e+00,0.000000000000000000e+00
1.577991762799999975e+01,4.794182488239999707e+00,2.857802629740000544e+00,-7.694005519839999252e+00,2.919354200359999929e+00,4.658267498019999842e+00,2.473307847979999696e+00,0.000000000000000000e+00
1.578491028200000024e+01,4.743206626500000134e+00,2.777349329110000209e+00,-7.669011948360000552e+00,3.131340980529999651e+00,4.746045589449999547e+00,2.227569818500000132e+00,0.000000000000000000e+00
1.578977466599999957e+01,4.390349174130000698e+00,2.504820089689999918e+00,-7.934720986369999451e+00,3.289939403530000028e+00,4.762973785399999826e+00,2.024212360379999964e+00,0.000000000000000000e+00
1.579477069000000000e+01,3.651863926439999908e+00,2.511173258109999917e+00,-8.436741702979999147e+00,3.404146432879999740e+00,4.744450569150000518e+00,1.857654452320000038e+00,0.000000000000000000e+00
1.579986608199999942e+01,2.599870947740000382e+00,2.582051505669999969e+00,-9.185598999339999793e+00,3.436099767680000028e+00,4.769738197330000595e+00,1.712524652479999965e+00,0.000000000000000000e+00
1.580478993800000076e+01,1.353360190070000080e+00,2.934370905640000249e+00,-9.908532165369999589e+00,3.444947242740000082e+00,4.854080677029999791e+00,1.620931029320000105e+00,0.000000000000000000e+00
1.580972788599999923e+01,4.410028784049999651e-01,3.657717036380000231e+00,-1.054435987939999997e+01,3.450990915299999795e+00,5.017436981200000368e+00,1.537718176839999895e+00,0.000000000000000000e+00
1.581480610100000028e+01,-1.085477607410000045e-01,4.367489984330000574e+00,-1.121181958000000023e+01,3.464609861369999599e+00,5.210149765009999712e+00,1.480807662010000136e+00,0.000000000000000000e+00
1.581974762499999976e+01,-3.184342276279999995e-01,5.272688473749999716e+00,-1.184796761199999970e+01,3.535818576810000113e+00,5.408676147459999584e+00,1.437440395360000123e+00,0.000000000000000000e+00
1.582471955399999963e+01,-6.321800782449999989e-01,6.245329391050000289e+00,-1.227304829680000076e+01,3.656261444090000534e+00,5.607970714570000403e+00,1.435328364370000109e+00,0.000000000000000000e+00
1.582977374400000059e+01,-1.023437476960000092e+00,7.024795176169999600e+00,-1.255201487579999942e+01,3.807711362840000557e+00,5.732241630549999911e+00,1.419737935069999901e+00,0.000000000000000000e+00
1.583479829500000058e+01,-1.755164920949999985e+00,7.329086750549999252e+00,-1.287325875400000008e+01,4.016827583309999561e+00,5.852683544160000473e+00,1.426917314529999814e+00,0.000000000000000000e+00
1.583973498199999952e+01,-2.757357511429999963e+00,7.208675825790000324e+00,-1.306480657730000061e+01,4.192853450780000379e+00,6.001448631290000613e+00,1.426502227779999910e+00,0.000000000000000000e+00
1.584483354800000043e+01,-4.032932451030000642e+00,7.044673596589999143e+00,-1.291816055660000018e+01,4.311561584469999708e+00,6.141646385190000501e+00,1.405026793479999814e+00,0.000000000000000000e+00
1.584984304099999974e+01,-4.782245089939999971e+00,7.494714535119999965e+00,-1.243016894980000053e+01,4.326285839080000528e+00,6.216629028319999861e+00,1.296342611310000059e+00,0.000000000000000000e+00
1.585490538400000027e+01,-4.974863465030000320e+00,6.705154641490000067e+00,-1.249318391670000139e+01,4.283668518069999820e+00,6.271863937380000031e+00,1.174937605860000067e+00,0.000000000000000000e+00
1.585966957299999969e+01,-5.024586404099999903e+00,5.372514291109999007e+00,-1.282211659579999896e+01,4.209629058840000049e+00,6.261715888980000422e+00,1.069807887079999853e+00,0.000000000000000000e+00
1.586488422000000043e+01,-5.764133435809999817e+00,4.983518480659999916e+00,-1.284960782930000001e+01,4.076640129090000286e+00,6.185229301449999717e+00,9.633439779279999726e-01,0.000000000000000000e+00
1.586994579399999949e+01,-6.546433567569999390e+00,5.398222148339999471e+00,-1.285852529529999977e+01,3.910487174990000092e+00,6.075548648829999898e+00,7.811222076420000215e-01,0.000000000000000000e+00
1.587492658100000043e+01,-7.913385937389999292e+00,6.172659291640000490e+00,-1.302752343309999894e+01,3.718369007109999735e+00,5.981284618380001028e+00,5.514608025550000736e-01,0.000000000000000000e+00
1.587978097799999944e+01,-9.732264913360001657e+00,6.578308130730000869e+00,-1.337004507710000034e+01,3.559996604919999807e+00,5.924996852869999664e+00,2.944394052029999931e-01,0.000000000000000000e+00
1.588490824099999976e+01,-1.130768116990000038e+01,6.849688200110000125e+00,-1.383948162099999912e+01,3.478032112119999741e+00,5.908490657809999824e+00,6.274753063919999430e-02,0.000000000000000000e+00
1.588974883000000027e+01,-1.279583181549999971e+01,7.233586979690000085e+00,-1.432704886480000006e+01,3.399334669109999929e+00,5.942232131959999997e+00,-1.376325786110000060e-01,0.000000000000000000e+00
1.589477020700000054e+01,-1.426012344660000153e+01,7.667802572569999420e+00,-1.463233178829999837e+01,3.335008144379999706e+00,5.933976173400000498e+00,-3.169878125189999896e-01,0.000000000000000000e+00
1.589990996899999942e+01,-1.591634751630000189e+01,7.824585956429999989e+00,-1.517541575220000105e+01,3.255635738370000087e+00,5.920443534850000411e+00,-4.612897336479999666e-01,0.000000000000000000e+00
1.590479612400000065e+01,-1.773017973029999794e+01,7.690256396439999698e+00,-1.573761475099999885e+01,3.210852384570000329e+00,5.882395744319999231e+00,-5.581378936770000632e-01,0.000000000000000000e+00
1.590976106299999948e+01,-1.967389855329999904e+01,7.349956520100000112e+00,-1.651500197619999710e+01,3.161260604859999823e+00,5.856234073639999593e+00,-6.110423207280000213e-01,0.000000000000000000e+00
1.591466631800000009e+01,-2.218212406760000377e+01,7.308515087160000867e+00,-1.706333494669999951e+01,3.118564844129999791e+00,5.722739219670000210e+00,-6.070277094839999776e-01,0.000000000000000000e+00
1.591970657699999947e+01,-2.520302204080000052e+01,7.324284318700000185e+00,-1.701753999470000167e+01,3.011456489559999561e+00,5.615931987759999799e+00,-5.845333933829999218e-01,0.000000000000000000e+00
1.592489079799999985e+01,-2.824857748539999847e+01,7.324777070650000610e+00,-1.614696828980000021e+01,2.905455112459999878e+00,5.514123439789999637e+00,-5.562085509299999897e-01,0.000000000000000000e+00
1.592972433299999935e+01,-3.112024000590000128e+01,7.188216390610000950e+00,-1.468856630130000163e+01,2.782713413240000211e+00,5.514314174649999956e+00,-5.188903212550000088e-01,0.000000000000000000e+00
1.593479101299999989e+01,-3.331765886480000205e+01,7.160775425980000719e+00,-1.283753979039999926e+01,2.579789876940000060e+00,5.561146736150000436e+00,-4.565399885180000394e-01,0.000000000000000000e+00
1.593978257800000087e+01,-3.431971876880000138e+01,7.778708002360001039e+00,-1.063143610529999883e+01,2.372225046160000073e+00,5.599510192869999514e+00,-4.693301916120000139e-01,0.000000000000000000e+00
1.594475175300000025e+01,-3.505263439969999695e+01,8.783644338589999379e+00,-7.940789492619999557e+00,2.174234390260000094e+00,5.514670848849999807e+00,-5.045198202130000142e-01,0.000000000000000000e+00
1.594994723099999945e+01,-3.480652496519999772e+01,8.688556655660001127e+00,-5.232479797479999917e+00,1.945650100709999775e+00,5.185632228850000303e+00,-5.802724361420000809e-01,0.000000000000000000e+00
1.595467691400000021e+01,-3.436913424939999828e+01,7.135024314129999823e+00,-2.873686135309999390e+00,1.657563567159999973e+00,4.667448997500000196e+00,-7.041694521899999337e-01,0.000000000000000000e+00
1.595984692400000071e+01,-3.405639165750000075e+01,5.173324428669999975e+00,-1.072370288560000162e+00,1.268062472340000024e+00,4.017829895019999320e+00,-8.009097576139999619e-01,0.000000000000000000e+00
1.596474389499999980e+01,-3.326825507470000076e+01,3.379782138540000425e+00,2.569043847799999947e-01,8.145639300350000500e-01,3.374247074129999913e+00,-9.053563475610000300e-01,0.000000000000000000e+00
1.596992196000000064e+01,-3.226870627670000147e+01,2.268980850900000235e+00,1.411826553689999875e+00,2.827461659909999980e-01,2.772816419599999804e+00,-9.925930500030000214e-01,0.000000000000000000e+00
1.597491567199999984e+01,-3.146796038769999981e+01,2.247328991069999837e+00,2.570989721170000131e+00,-2.272876054050000094e-01,2.234572648999999966e+00,-1.059966683390000108e+00,0.000000000000000000e+00
1.597984849300000043e+01,-3.079719580030000259e+01,2.798589101010000135e+00,3.227994663270000064e+00,-6.166120767589999829e-01,1.809690475459999837e+00,-1.086035251620000031e+00,0.000000000000000000e+00
1.598492057300000013e+01,-3.000971154389999995e+01,3.618978724930000279e+00,3.666854282559999678e+00,-8.248548507690000031e-01,1.407627463339999885e+00,-1.099798917770000051e+00,0.000000000000000000e+00
1.598984172099999945e+01,-2.897571102579999902e+01,4.643863331949999562e+00,4.032173741619999419e+00,-8.019000291819999848e-01,1.090556502339999900e+00,-1.130713820460000019e+00,0.000000000000000000e+00
1.599473133200000063e+01,-2.714235811869999893e+01,5.456296151649999260e+00,4.503571064169999971e+00,-6.070357561110000244e-01,7.937249541280000376e-01,-1.180933833120000109e+00,0.000000000000000000e+00
1.599984298600000088e+01,-2.426838322960000127e+01,6.291880129830000001e+00,5.361080458430000917e+00,-3.137764930730000401e-01,5.181878209110000189e-01,-1.213736414910000061e+00,0.000000000000000000e+00
1.600469060400000032e+01,-6.235784148589999631e+00,-8.928069906790000454e-01,2.899736230109999813e+00,-8.360310792919999345e-01,6.749972105029999891e-01,-1.240457415579999889e+00,0.000000000000000000e+00
1.600962517600000012e+01,-3.344894715739999924e+01,4.444584622190000722e+00,5.509907330329999908e+00,-1.727858543400000002e+00,-1.505388617519999972e+00,-1.453573346140000000e+00,0.000000000000000000e+00
1.601493125800000072e+01,-2.768524568329999980e+01,-3.437890044109999987e+00,1.101055583390000159e+01,-3.247137308120000565e+00,-2.547941207890000115e+00,-1.682452440259999848e+00,0.000000000000000000e+00
1.601994562300000169e+01,1.355068163030000106e+00,1.110737940070000151e+00,7.912928841269999403e+00,-4.339768886569999040e+00,-2.765666008000000176e+00,-1.566680908199999944e+00,0.000000000000000000e+00
1.602463854499999840e+01,1.205205109170000100e+01,8.315154135660000279e+00,-6.183025787349999414e-01,-3.964251756669999960e+00,-3.480487585069999668e+00,-9.490054249760000449e-01,0.000000000000000000e+00
1.602996397000000073e+01,1.382908648369999938e+01,1.857644818410000198e+01,-1.970161891940000132e+01,-3.212563753129999533e+00,-4.230043888089999982e+00,-6.608258485790000636e-01,0.000000000000000000e+00
1.603493510599999894e+01,1.547229558900000157e+01,2.993918079460000214e+01,-2.573990072030000320e+01,-1.692146539689999729e+00,-5.654330730439999897e+00,2.320482432840000053e-01,0.000000000000000000e+00
1.603972027300000036e+01,-6.018905923119999279e-02,2.866515922190000154e+01,-3.665314184289999844e+01,-1.831027507780000008e+00,-7.428269863130000594e+00,4.849096536640000177e-01,0.000000000000000000e+00
1.604482356600000159e+01,-3.168497699869999806e+01,3.513069715190000331e-01,-2.945129440179999847e+01,-2.777998447419999906e+00,-7.995206832889999227e+00,7.424767613410000466e-01,0.000000000000000000e+00
1.604986721499999902e+01,-4.577384371489999637e+01,-1.605646705789999906e+00,-2.281230413110000299e+01,-2.384491682050000172e+00,-8.460650444029999662e+00,1.717373013500000045e+00,0.000000000000000000e+00
1.605485188500000149e+01,-3.475856143699999734e+01,-9.018023003310000618e+00,-2.649609668900000159e+01,-2.711849689480000158e+00,-6.584406852719999925e+00,6.124877333639999755e-01,0.000000000000000000e+00
1.605971322599999951e+01,-1.688457178619999866e+01,-2.236686104180000001e+01,-1.303965460040000046e+01,-1.749544739720000130e+00,-3.150666713709999733e+00,5.807948708529999671e-01,0.000000000000000000e+00
1.606481658999999951e+01,6.094890407780000352e+00,-1.077420323880000197e+01,-1.129250347450000014e+01,-1.681879401210000013e+00,-3.221343755719999757e-01,1.572277069090000090e+00,0.000000000000000000e+00
1.606988172499999834e+01,9.594811083869998924e+00,4.218744945500000121e+00,-1.817981851769999935e+01,-1.977038145070000086e+00,7.934771180149998715e-01,2.150694370270000100e+00,0.000000000000000000e+00
1.607491173900000092e+01,-5.301731028359999875e+00,1.218705811259999905e+01,-9.922055663810001036e+00,-2.706188917159999541e+00,-3.466325998309999767e-01,1.527471899989999882e+00,0.000000000000000000e+00
1.607970485099999891e+01,-2.613182966159999765e+01,5.824110057860000467e+00,-1.016668158179999892e+01,-2.372233867649999883e+00,-1.775582551959999700e+00,1.333062171939999985e+00,0.000000000000000000e+00
1.608487137399999867e+01,-1.828532004259999866e+01,3.780793965480000463e+00,-1.398750009910000003e+01,-1.915264964099999911e+00,-3.038484573359999441e+00,1.071831107139999961e+00,0.000000000000000000e+00
1.608975142199999908e+01,4.319032535159999853e+00,2.793665088610000069e+00,-3.712874567719999686e+00,-9.705919623370000693e-01,-2.491195440290000285e+00,1.053632497790000011e+00,0.000000000000000000e+00
1.609472363700000130e+01,-7.274224110499999618e+00,-3.337948783670000030e-01,-1.298554423999999941e+01,-5.159797668459999986e-01,-1.585794568059999854e+00,6.159504652020000304e-01,0.000000000000000000e+00
1.609984040999999877e+01,-7.015307216860001027e+00,-8.154296634229999396e-01,-7.358750067399999928e+00,-2.294265478850000123e-02,-7.044025063510001017e-01,3.496637642379999966e-01,0.000000000000000000e+00
1.610478427099999976e+01,-5.044966344309999684e+00,2.516322895959999945e-02,-1.623420584369999986e+01,-8.844434022900000691e-01,1.897220015529999804e-01,7.172129750249999214e-01,0.000000000000000000e+00
1.610968066899999940e+01,-1.961098412429999938e+00,1.238039866449999860e+00,-1.009593339029999903e+01,-1.320903778079999924e+00,-2.019916176799999852e-01,1.213854551320000086e+00,0.000000000000000000e+00
1.611484813399999894e+01,-6.845645646719999533e+00,4.433478121760000334e+00,-7.962833566649999639e+00,-1.420637845989999981e+00,-3.453108072280000052e-01,1.511347770690000036e+00,0.000000000000000000e+00
1.611977491400000062e+01,-4.311319476559999586e+00,4.866028704049999654e+00,-8.161132033210000358e+00,-7.429085373880000009e-01,-2.674295604230000345e-01,1.000501394270000066e+00,0.000000000000000000e+00
1.612482937500000091e+01,-6.101967798819999622e+00,3.078475425189999726e+00,-9.021385757739999178e+00,-3.534083962440000004e-01,-3.069212734699999778e-01,6.471306681630000224e-01,0.000000000000000000e+00
1.612965276799999970e+01,-3.809823076080000259e+00,1.482147898020000243e+00,-8.678651347719998910e+00,-1.499594151970000122e-01,-3.450378179550000479e-01,4.018382728099999524e-01,1.000000000000000000e+00
1.613488466100000096e+01,-4.627556048009999756e+00,-4.762533112129999635e-01,-9.714552146539999100e+00,-1.910098493099999795e-01,-3.129138052459999875e-01,3.892373442650000070e-01,1.000000000000000000e+00
1.613976548899999841e+01,-2.353987869320000037e+00,-8.266228192190000490e-01,-9.950171166709999682e+00,-3.385341763499999934e-01,-3.896281421180000093e-01,3.769326210019999790e-01,1.000000000000000000e+00
1.614470060200000034e+01,-3.515853866020000051e+00,-7.757775981229999562e-01,-1.062391915379999929e+01,-5.317462682720000000e-01,-2.177542150019999845e-01,5.080840587620000237e-01,1.000000000000000000e+00
1.614986829400000090e+01,-3.682963413580000456e+00,-4.892824867970000380e-01,-1.039393550920000031e+01,-5.377606749530000618e-01,1.190279610460000075e-02,6.932349205019999738e-01,1.000000000000000000e+00
1.615476108700000069e+01,-2.949586302689999773e+00,1.274486998230000001e+00,-9.955807126769999016e+00,-4.239968657490000292e-01,1.020626425740000093e-01,7.357323169709999444e-01,1.000000000000000000e+00
1.615985571299999890e+01,-3.500192771030000483e+00,2.717965996769999837e+00,-9.699207862410000658e+00,-2.714872062209999770e-01,4.363847523929999944e-02,6.037465333939999734e-01,1.000000000000000000e+00
1.616484203099999917e+01,-4.072729331630000615e+00,2.572765206409999728e+00,-9.550257656399999462e+00,-1.606001704929999885e-01,-7.564901560539999403e-02,4.508934319019999859e-01,1.000000000000000000e+00
1.616965791899999871e+01,-3.764925657480000076e+00,2.669799347230000119e+00,-9.468929034229999431e+00,-1.418156921859999864e-01,-1.449671238659999972e-01,3.124136030670000008e-01,1.000000000000000000e+00
1.617468786499999922e+01,-4.160642592880000379e+00,2.081010593879999870e+00,-9.317619697869998774e+00,-1.042388975620000130e-01,-5.405435711150000100e-02,2.236393839119999727e-01,1.000000000000000000e+00
1.617974078900000023e+01,-3.615736089750000382e+00,1.220056173729999971e+00,-9.184380271200000223e+00,-9.286443889139998908e-02,2.939065732059999853e-02,1.592608839269999965e-01,1.000000000000000000e+00
1.618467469799999847e+01,-3.698833182890000515e+00,2.632951452629999634e-01,-9.473453818180001207e+00,-5.402000993490000541e-02,1.565552800889999929e-01,1.809536367650000088e-01,1.000000000000000000e+00
1.618976327500000068e+01,-3.476364736190000304e+00,-1.647464351619999934e-01,-9.589936171310000645e+00,-5.384313315150000140e-02,1.836775094269999797e-01,2.608328461650000207e-01,1.000000000000000000e+00
1.619469102700000107e+01,-3.078062460469999984e+00,2.421127478339999972e-01,-9.871206935580000064e+00,-4.392137005929999671e-02,1.310215741400000133e-01,2.900632917879999995e-01,1.000000000000000000e+00
1.619981012099999873e+01,-2.845779891249999860e+00,6.215214677170000090e-01,-9.930964946450000497e+00,-5.257944017650000024e-02,1.267060358079999914e-02,3.008658885959999973e-01,1.000000000000000000e+00
1.620469578000000155e+01,-2.725935368209999599e+00,9.123896430269999858e-01,-1.026278165659999964e+01,-1.288261078299999911e-02,-1.076617613429999842e-01,2.585348188880000064e-01,1.000000000000000000e+00
1.620971387199999825e+01,-2.622973298650000284e+00,5.354667668770000111e-01,-1.033288219780000006e+01,1.763531379400000085e-02,-1.763371974229999972e-01,2.269972711800000154e-01,1.000000000000000000e+00
1.621485855999999970e+01,-2.617936473519999918e+00,4.531725510830000303e-01,-1.043555580579999997e+01,8.124868571760000824e-02,-1.870372444389999944e-01,2.671646475789999919e-01,1.000000000000000000e+00
1.621981110600000164e+01,-2.385806902909999749e+00,-1.037746189220000032e-01,-1.090538047220000095e+01,1.053196787829999981e-01,-2.066009491680000087e-01,3.180973529819999812e-01,1.000000000000000000e+00
1.622469281400000085e+01,-2.205419209970000072e+00,-3.258358091219999975e-01,-1.106293484049999876e+01,1.156830564140000073e-01,-2.480674982069999979e-01,3.691900670530000594e-01,1.000000000000000000e+00
1.622970491399999915e+01,-1.877724548170000007e+00,-3.820246562680000291e-01,-1.138529983170000115e+01,7.591211050750000522e-02,-3.666191399099999471e-01,4.046905338759999582e-01,0.000000000000000000e+00
1.623481870899999890e+01,-1.691377508430000010e+00,-5.360418268190000335e-01,-1.169425472170000013e+01,4.539752379060000426e-02,-5.185885429379999412e-01,3.855722546580000465e-01,0.000000000000000000e+00
1.623971985700000076e+01,-1.813535422979999812e+00,-5.557241401500000455e-01,-1.180828091380000089e+01,4.222894087429999999e-02,-7.095851302150000262e-01,3.819514214989999656e-01,0.000000000000000000e+00
1.624470140500000070e+01,-1.929580115350000069e+00,-3.334223552610000030e-01,-1.215313363119999934e+01,1.310579385609999918e-02,-8.671473264689999461e-01,3.705807924270000386e-01,0.000000000000000000e+00
1.624985126700000038e+01,-1.879044836989999911e+00,-5.143373417449999263e-02,-1.241095805339999991e+01,-2.416602708399999758e-02,-1.022668957709999882e+00,3.436587750909999572e-01,0.000000000000000000e+00
1.625470150900000021e+01,-1.607145566040000029e+00,9.266136909519999687e-01,-1.254919631130000113e+01,-8.378863334659999995e-02,-1.164774775509999971e+00,3.042624592779999970e-01,0.000000000000000000e+00
1.625972019099999955e+01,-1.336292881539999922e+00,2.028837485179999955e+00,-1.280964406769999897e+01,-1.404340565200000168e-01,-1.367292761800000145e+00,2.053507566450000210e-01,0.000000000000000000e+00
1.626462604700000014e+01,-1.000873324579999890e+00,2.527977970180000256e+00,-1.284988138559999982e+01,-1.486235707999999933e-01,-1.613451719279999974e+00,1.207550093530000007e-01,0.000000000000000000e+00
1.626975816299999877e+01,-7.759549274510000316e-01,2.848566307099999584e+00,-1.298687110470000050e+01,-1.164659485219999985e-01,-1.858748078350000110e+00,6.681776605550000282e-03,0.000000000000000000e+00
1.627482171600000171e+01,-7.168977583260000008e-01,2.622343184049999998e+00,-1.312315004519999917e+01,-1.991759054360000072e-02,-2.126985788350000295e+00,-9.965960681439998969e-02,0.000000000000000000e+00
1.627978874600000125e+01,-6.709311030519999886e-01,2.893298890540000112e+00,-1.340456693990000048e+01,4.944100230930000700e-02,-2.369220495220000000e+00,-1.984177082779999823e-01,0.000000000000000000e+00
1.628484773899999993e+01,-5.133074689740000363e-01,3.326798736370000231e+00,-1.328083300820000012e+01,5.450253188609999883e-02,-2.627287626270000231e+00,-2.946610152720000042e-01,0.000000000000000000e+00
1.628982355699999829e+01,-7.682090625640000114e-01,3.991360085189999740e+00,-1.289404318339999911e+01,3.405921906230000018e-02,-2.891281604770000069e+00,-4.038290381430000298e-01,0.000000000000000000e+00
1.629472643500000117e+01,-8.246412900130000168e-01,4.901781277689999605e+00,-1.289427933019999983e+01,5.479213315989999930e-03,-3.154004335400000247e+00,-5.439897775649999989e-01,0.000000000000000000e+00
1.629985335299999960e+01,-8.352201133030000557e-01,5.510854840310000391e+00,-1.277514792390000054e+01,1.833230070770000206e-02,-3.383164167399999922e+00,-7.025883793830000057e-01,0.000000000000000000e+00
1.630475008399999837e+01,-8.593660549789999825e-01,6.037488020130000521e+00,-1.254889937420000123e+01,9.027001261710000668e-02,-3.623410463329999942e+00,-8.578922748569999257e-01,0.000000000000000000e+00
1.630959401499999828e+01,-5.337734800280000691e-01,6.225667243730000244e+00,-1.251279228799999999e+01,1.873335689310000052e-01,-3.868667602539999972e+00,-9.916539192200000130e-01,0.000000000000000000e+00
1.631466142400000052e+01,-6.707090577990000302e-01,6.503638381930000989e+00,-1.275492697369999817e+01,3.340151906009999894e-01,-4.113441467290000375e+00,-1.125032782549999943e+00,0.000000000000000000e+00
1.631980815200000023e+01,-7.072528548859999820e-01,6.131473294770000138e+00,-1.258074412670000086e+01,5.145506858830000141e-01,-4.355754852290000478e+00,-1.207050561900000041e+00,0.000000000000000000e+00
1.632470657600000052e+01,-5.813501277829999925e-01,5.628125128949999834e+00,-1.279760525490000056e+01,7.161401510240000823e-01,-4.582788467410000344e+00,-1.247349500659999944e+00,0.000000000000000000e+00
1.632957071699999929e+01,-6.740409056349999650e-01,4.916104402069999324e+00,-1.274133567069999984e+01,9.002723693849999931e-01,-4.819789886469999729e+00,-1.231967449189999897e+00,0.000000000000000000e+00
1.633472130799999888e+01,-6.112357456220000040e-01,3.870056595509999919e+00,-1.329923960250000015e+01,1.068164229389999997e+00,-5.036915302280000617e+00,-1.181742429729999877e+00,0.000000000000000000e+00
1.633984595800000150e+01,5.235441094970000320e-02,2.651146376949999883e+00,-1.365614048509999989e+01,1.164220809939999990e+00,-5.279173851010000362e+00,-1.096906781199999958e+00,0.000000000000000000e+00
1.634470075500000164e+01,6.821973971490000732e-01,1.138408183420000164e+00,-1.417190038869999924e+01,1.247946619990000006e+00,-5.645067691799999565e+00,-9.758828282359999218e-01,0.000000000000000000e+00
1.634984563900000154e+01,-5.826859429640000032e-01,1.216922241349999989e-01,-1.510387494910000150e+01,1.257004976269999963e+00,-6.021599769589999873e+00,-8.716968297959999390e-01,0.000000000000000000e+00
1.635473447900000110e+01,-3.504353690099999863e+00,7.223894145450000526e-01,-1.560504635539999896e+01,1.135978579520000142e+00,-6.398463726040000132e+00,-8.889988064769999143e-01,0.000000000000000000e+00
1.635978175800000045e+01,-7.304548521619999235e+00,1.724837733360000014e+00,-1.715802866190000131e+01,8.681573271750000487e-01,-6.743990421300000371e+00,-1.150817990299999982e+00,0.000000000000000000e+00
1.636477715999999916e+01,-1.064326916639999965e+01,1.665941600010000245e+00,-1.829960458859999761e+01,4.986307621000000134e-01,-6.919877052310000387e+00,-1.509529471399999823e+00,0.000000000000000000e+00
1.636984495500000136e+01,-1.206542845969999966e+01,9.023189884550000261e-01,-1.880361326410000089e+01,1.979621052739999887e-01,-6.932889938350000669e+00,-1.751062273979999917e+00,0.000000000000000000e+00
1.637485060099999856e+01,-1.154147472819999898e+01,-3.278272386670000316e-01,-1.908870797059999802e+01,4.335348308090000713e-02,-6.682246685029999966e+00,-1.742174386979999934e+00,0.000000000000000000e+00
1.637973347499999832e+01,-9.917249724839999558e+00,-3.034958026230000216e-01,-1.915704325569999966e+01,-1.463908422740000000e-02,-6.414991378779999920e+00,-1.556291818620000100e+00,0.000000000000000000e+00
1.638486998699999830e+01,-8.068695157049999622e+00,-3.648415028099999402e-01,-1.824125176829999972e+01,-2.568156272170000337e-02,-6.212072849269999253e+00,-1.272618412970000001e+00,0.000000000000000000e+00
1.638982149399999955e+01,-6.565030131490000365e+00,-1.177783258410000089e+00,-1.765485239430000064e+01,-1.835017055270000141e-01,-6.133468151089999765e+00,-9.597122073170000212e-01,0.000000000000000000e+00
1.639480326300000002e+01,-6.658760554580000601e+00,-4.801243074270000188e-01,-1.752741376290000019e+01,-4.153124094010000045e-01,-6.259385108950000109e+00,-8.564341068269999413e-01,0.000000000000000000e+00
1.639984226800000044e+01,-7.668575310510001408e+00,-1.157366858649999886e+00,-1.647146210969999913e+01,-7.773306965830000248e-01,-6.423244953160000215e+00,-8.835191130639999946e-01,0.000000000000000000e+00
1.640484852299999829e+01,-9.670826986579999840e+00,-1.675017179129999922e+00,-1.688929589210000159e+01,-1.156492114069999966e+00,-6.428209304809999303e+00,-1.034824252129999955e+00,0.000000000000000000e+00
1.640971599399999903e+01,-1.470958570839999879e+01,-1.406368872810000115e+00,-2.328395718199999820e+01,-1.520535707470000109e+00,-6.131224155429999989e+00,-1.400690436360000124e+00,0.000000000000000000e+00
1.641467263199999849e+01,-1.398607620380000149e+01,-3.394653544450000116e+00,-1.959962569489999851e+01,-1.734904527659999696e+00,-5.559096813200000931e+00,-1.588152527810000159e+00,0.000000000000000000e+00
1.641982042100000072e+01,-8.638493524860001216e+00,-3.630777299270000036e+00,-1.963515410440000153e+01,-1.935409903529999864e+00,-4.864749431609999952e+00,-1.617636322979999708e+00,0.000000000000000000e+00
1.642489452599999922e+01,-5.859495844019999566e+00,-4.203640023090000177e+00,-1.959354900529999810e+01,-2.267568588259999629e+00,-4.212469100949999934e+00,-1.416898250580000074e+00,0.000000000000000000e+00
1.642973331399999992e+01,-2.008734608350000173e+00,-4.227683746499999451e+00,-1.520191563660000078e+01,-2.742261409760000213e+00,-3.747348070140000154e+00,-1.301857709879999936e+00,0.000000000000000000e+00
1.643481133599999922e+01,5.750904536400000211e+00,-3.799909292569999764e+00,-9.327044528820000124e+00,-3.127538204190000393e+00,-3.254532098770000381e+00,-1.411657333370000211e+00,0.000000000000000000e+00
1.643984516000000085e+01,2.371241640330000067e+01,-2.201813732820000258e+00,-9.852781636579999613e+00,-3.367084264759999890e+00,-2.416993618009999789e+00,-1.296115994450000031e+00,0.000000000000000000e+00
1.644473139500000158e+01,1.895591862579999898e+01,-1.033706649779999820e+00,-1.052311367779999962e+01,-3.436218023299999924e+00,-1.877700567250000008e+00,-1.135074019429999970e+00,0.000000000000000000e+00
1.644992049200000039e+01,-2.227613213859999775e+00,3.563203938480000499e+00,-2.028133837729999911e+01,-3.527733802799999818e+00,-2.620876550669999805e+00,-1.103510379790000107e+00,0.000000000000000000e+00
1.645488475999999878e+01,-1.042688033190000141e+01,5.029340905149999763e+00,-2.585337512380000291e+01,-3.414086341860000040e+00,-2.622040987009999657e+00,-6.505487561230000049e-01,0.000000000000000000e+00
1.645974520200000057e+01,-6.249534441529999818e+00,2.228780942459999803e+00,-2.450398062249999853e+01,-2.976414442059999832e+00,-2.374999284739999883e+00,-4.314976632600000528e-01,0.000000000000000000e+00
1.646475914499999860e+01,2.615658591720000370e+00,1.903230599220000263e+00,-2.105045227969999999e+01,-2.248188972469999936e+00,-1.436384320259999958e+00,-2.261861711740000280e-01,0.000000000000000000e+00
1.646988345899999828e+01,3.878831730380000176e-01,1.114892356339999946e+00,-1.865877692319999781e+01,-1.878975272179999934e+00,3.266443014139999712e-01,4.400664865969999839e-01,0.000000000000000000e+00
1.647473819300000031e+01,3.485766186269999789e+00,-7.269347298250000700e-01,-1.789634761309999789e+01,-1.749385952949999767e+00,1.231480240820000072e+00,8.840227723119999936e-01,0.000000000000000000e+00
1.647973679700000105e+01,5.053084768829999796e+00,-4.548859820179999680e+00,-1.766624589499999942e+01,-1.923989534379999977e+00,1.594422101970000005e+00,1.351511597629999839e+00,0.000000000000000000e+00
1.648475990300000049e+01,7.122936401449999622e+00,-7.113784542220000340e+00,-1.708305671520000146e+01,-2.081388950350000044e+00,1.475519418720000031e+00,1.718367099759999794e+00,0.000000000000000000e+00
1.648975212299999882e+01,7.148648934849999748e+00,-7.502195246260000339e+00,-1.618050581769999852e+01,-2.295420169829999857e+00,1.342852473260000012e+00,1.923764109609999995e+00,0.000000000000000000e+00
1.649462465799999933e+01,6.477253063830000102e+00,-8.222958667040000336e+00,-1.533267902859999943e+01,-2.550042629240000469e+00,1.436957240099999922e+00,1.985017418859999827e+00,0.000000000000000000e+00
1.649966461100000004e+01,6.925124841629999750e+00,-9.034664341510000085e+00,-1.460928759739999983e+01,-2.995621204379999458e+00,1.537318825719999893e+00,1.928732037540000110e+00,0.000000000000000000e+00
1.650465659400000007e+01,5.708477599560000115e+00,-1.082323293490000005e+01,-1.369936470979999932e+01,-3.450588464740000472e+00,1.795118689540000201e+00,2.034276247020000206e+00,0.000000000000000000e+00
1.650973875000000035e+01,4.705389229280000585e+00,-1.143874266799999972e+01,-1.298740185059999952e+01,-3.826838254930000183e+00,2.172180175779999889e+00,2.255359172819999980e+00,0.000000000000000000e+00
1.651475375800000123e+01,3.932458106630000394e+00,-1.165436928599999966e+01,-1.265794543980000064e+01,-4.049063205719999559e+00,2.556307315830000260e+00,2.481842279429999909e+00,0.000000000000000000e+00
1.651984368000000103e+01,3.852805893240000223e+00,-1.156772326819999996e+01,-1.251813364900000103e+01,-4.159603595730000158e+00,2.890009641650000294e+00,2.613015651700000053e+00,0.000000000000000000e+00
1.652474192300000055e+01,3.790178464419999838e+00,-1.109764725740000024e+01,-1.235316871230000046e+01,-4.192149162290000675e+00,3.146356582640000177e+00,2.608759403229999663e+00,0.000000000000000000e+00
1.652968254900000034e+01,2.597985280120000073e+00,-9.825873755910000895e+00,-1.151051961800000001e+01,-4.080648899080000724e+00,3.418016433719999636e+00,2.527334213259999629e+00,0.000000000000000000e+00
1.653468776900000137e+01,3.285997354900000111e+00,-1.040535589789999982e+01,-1.119385605329999933e+01,-3.882229566569999513e+00,3.498434543610000169e+00,2.346614360809999855e+00,0.000000000000000000e+00
1.653963998200000063e+01,2.062785785880000056e+00,-1.128728953930000145e+01,-1.091930027650000135e+01,-3.555242538450000378e+00,3.848547220229999954e+00,2.198112487790000014e+00,0.000000000000000000e+00
1.654460212900000116e+01,1.385174547479999907e+00,-1.151404896119999854e+01,-1.022933414499999927e+01,-3.119814157490000017e+00,4.211009979249999979e+00,2.012952566150000067e+00,0.000000000000000000e+00
1.654984251899999848e+01,8.931580691389999771e-01,-1.162111466670000048e+01,-9.986350733589999251e+00,-2.627840757370000002e+00,4.560118675230000029e+00,1.718536257740000295e+00,0.000000000000000000e+00
1.655470274199999992e+01,3.483728542960000119e-01,-1.135007537349999929e+01,-9.509385547779999115e+00,-2.078871011729999996e+00,4.801164150239999984e+00,1.311804175379999826e+00,0.000000000000000000e+00
1.655975627700000175e+01,-1.523982275799999897e-01,-1.218552900329999922e+01,-8.752778075680000214e+00,-1.568120598789999987e+00,5.002520561219999884e+00,8.178862929340000587e-01,0.000000000000000000e+00
1.656477172700000011e+01,-5.979756838909999761e-01,-1.318334410940000012e+01,-8.097794410280000577e+00,-1.108729481699999964e+00,5.173684597019999387e+00,3.382850289339999761e-01,0.000000000000000000e+00
1.656986949399999887e+01,-9.874776172370000049e-01,-1.419045311349999849e+01,-7.371994164380001102e+00,-7.093167304989999034e-01,5.326557159420000076e+00,-9.862870723010000451e-02,0.000000000000000000e+00
1.657470348100000024e+01,-1.268760583409999976e+00,-1.511516791200000043e+01,-7.074971704219999324e+00,-4.300572276120000481e-01,5.483425140379999618e+00,-4.462374150749999768e-01,0.000000000000000000e+00
1.657971850199999864e+01,-1.265986734779999789e+00,-1.569956588310000001e+01,-6.964524539600000175e+00,-2.622666358949999887e-01,5.644592761990000263e+00,-7.602624297139999321e-01,0.000000000000000000e+00
1.658484828299999947e+01,-1.555407926150000009e+00,-1.599163510470000027e+01,-6.938401087310000825e+00,-2.016428560020000205e-01,5.720144748689999226e+00,-9.635060429570000418e-01,0.000000000000000000e+00
1.658967263399999936e+01,-1.729711476870000153e+00,-1.603246045160000222e+01,-6.919726197450000171e+00,-1.765532046559999957e-01,5.783055782319999949e+00,-1.163293838500000010e+00,0.000000000000000000e+00
1.659472128899999888e+01,-2.204373646440000112e+00,-1.597089860619999868e+01,-6.985722810449999542e+00,-1.849552839989999919e-01,5.767795562740000825e+00,-1.329555749889999916e+00,0.000000000000000000e+00
1.659970327399999945e+01,-2.765047481409999897e+00,-1.579557126539999956e+01,-7.115888821020000421e+00,-2.150818407539999977e-01,5.757885456089999465e+00,-1.438002943989999949e+00,0.000000000000000000e+00
1.660483685699999867e+01,-3.222417155390000509e+00,-1.545527080450000135e+01,-7.554415262850000090e+00,-2.101518809800000109e-01,5.779013156890000502e+00,-1.528620362279999867e+00,0.000000000000000000e+00
1.660974002200000044e+01,-3.809210497140000040e+00,-1.500703603859999902e+01,-8.057283536199999929e+00,-1.699325293299999706e-01,5.764138698580000053e+00,-1.572904109950000073e+00,0.000000000000000000e+00
1.661474945000000147e+01,-4.382730223560000304e+00,-1.455446178220000064e+01,-8.537611476439998626e+00,-8.353777974839998732e-02,5.800145626069999949e+00,-1.654429435729999787e+00,0.000000000000000000e+00
1.661982884800000093e+01,-5.131218978869999781e+00,-1.443753986859999827e+01,-9.098706897830000528e+00,6.345175951719998764e-02,5.845932006840000028e+00,-1.749448657040000299e+00,0.000000000000000000e+00
1.662469136800000058e+01,-5.943277120040000305e+00,-1.414063431279999961e+01,-9.522086039400001312e+00,2.497356086969999833e-01,5.849874496460000017e+00,-1.878705620770000140e+00,0.000000000000000000e+00
1.662975235300000065e+01,-6.474525100169999270e+00,-1.425967453380000194e+01,-9.919956061180000617e+00,4.257737398149999963e-01,5.868081569670000164e+00,-2.035561800000000421e+00,0.000000000000000000e+00
1.663485620899999873e+01,-6.858889743699999819e+00,-1.520924437210000058e+01,-1.058323409219999967e+01,5.830785036090000428e-01,5.843630790709999800e+00,-2.244681596760000009e+00,0.000000000000000000e+00
1.663982374700000122e+01,-7.470200271589999552e+00,-1.586865754440000131e+01,-1.148092761280000040e+01,7.034278512000000649e-01,5.823797702790000308e+00,-2.499156713490000126e+00,0.000000000000000000e+00
1.664461004099999997e+01,-8.171537691889998456e+00,-1.597495168099999852e+01,-1.226172844589999933e+01,7.939561605449999560e-01,5.775697231290000566e+00,-2.781949758529999706e+00,0.000000000000000000e+00
1.664984639600000094e+01,-8.995228403169999609e+00,-1.586091964359999906e+01,-1.291027535630000145e+01,8.451184630390000674e-01,5.715108871460000017e+00,-3.077003240590000299e+00,0.000000000000000000e+00
1.665465969899999976e+01,-1.004383261619999956e+01,-1.594893811880000101e+01,-1.324382809640000147e+01,8.863497972490000931e-01,5.647758483890000569e+00,-3.410300254820000099e+00,0.000000000000000000e+00
1.665974007100000165e+01,-1.122814878349999823e+01,-1.624702791589999862e+01,-1.340849025089999991e+01,9.842700958249999132e-01,5.594049930569998885e+00,-3.736484050749999675e+00,0.000000000000000000e+00
1.666485596600000108e+01,-1.242627369599999909e+01,-1.636238564890000191e+01,-1.349628543869999930e+01,1.089619159700000006e+00,5.491804599759999128e+00,-4.061458110809999411e+00,0.000000000000000000e+00
1.666983793800000058e+01,-1.356564129900000104e+01,-1.628741370230000030e+01,-1.308100134079999854e+01,1.221602082249999999e+00,5.337393283840000002e+00,-4.472074985499999933e+00,0.000000000000000000e+00
1.667485996299999940e+01,-1.495203135969999941e+01,-1.610948991529999930e+01,-1.262575231219999949e+01,1.345253586770000176e+00,5.098243236540000112e+00,-4.889709472659999889e+00,0.000000000000000000e+00
1.667971623400000070e+01,-1.616771647880000273e+01,-1.610715416580000081e+01,-1.227410160530000027e+01,1.447815895079999970e+00,4.791966438290000241e+00,-5.420492172239999462e+00,0.000000000000000000e+00
1.668485901600000076e+01,-1.767516452999999998e+01,-1.659549882369999807e+01,-1.190255728039999994e+01,1.526451587679999999e+00,4.393511772159999218e+00,-5.972753524780000767e+00,0.000000000000000000e+00
1.668977777299999943e+01,-1.934295044270000119e+01,-1.776661765579999752e+01,-1.143396712420000050e+01,1.554860353470000067e+00,3.938987493519999994e+00,-6.511331558230001093e+00,0.000000000000000000e+00
1.669473474100000132e+01,-2.110371391430000187e+01,-1.873895111459999896e+01,-1.126341649630000141e+01,1.497775912279999844e+00,3.479462385180000172e+00,-7.036080360409999734e+00,0.000000000000000000e+00
1.669980907200000075e+01,-2.323481291959999950e+01,-1.704187480999999948e+01,-1.185954114549999971e+01,1.430028319359999855e+00,2.996085405350000119e+00,-7.493819713589999765e+00,0.000000000000000000e+00
1.670470423700000140e+01,-2.606106977969999861e+01,-1.389295368349999826e+01,-1.242643034780000022e+01,1.393765807150000091e+00,2.517307996750000054e+00,-7.928283214570000403e+00,0.000000000000000000e+00
1.670985867699999972e+01,-2.964115178780000193e+01,-1.195701250869999832e+01,-1.256336629089999946e+01,1.380420207979999869e+00,2.153351545330000061e+00,-8.307795524600001258e+00,0.000000000000000000e+00
1.671483769199999969e+01,-3.333853097240000096e+01,-1.102134376989999964e+01,-1.138246256240000065e+01,1.461791515350000070e+00,1.879874944690000049e+00,-8.492091178889999981e+00,0.000000000000000000e+00
1.671971484899999894e+01,-3.569600595320000025e+01,-1.031654948719999965e+01,-9.344825100179999566e+00,1.510345458980000055e+00,1.724643707279999827e+00,-8.446155548100000132e+00,0.000000000000000000e+00
1.672462156299999947e+01,-3.647522507010000226e+01,-9.330050724890000424e+00,-6.379847751609999840e+00,1.618663072589999974e+00,1.622803211209999930e+00,-8.159944534299999219e+00,0.000000000000000000e+00
1.672963998899999893e+01,-3.580983340790000113e+01,-7.462716053310001207e+00,-2.561149295159999895e+00,1.749424099920000142e+00,1.492670416830000013e+00,-7.598045825960000776e+00,0.000000000000000000e+00
1.673465138699999954e+01,-3.501849598320000467e+01,-4.165687893570000355e+00,8.738789297819999913e-01,1.879025816920000036e+00,1.213666915889999975e+00,-6.800057411189999179e+00,0.000000000000000000e+00
1.673976094900000078e+01,-3.384791608030000276e+01,-1.501474968169999924e+00,3.335881914269999804e+00,2.029258966450000035e+00,7.226119637489999414e-01,-5.969767093659999802e+00,0.000000000000000000e+00
1.674468819899999872e+01,-3.396314171139999871e+01,-2.756937495919999925e-01,4.764657118540000624e+00,2.189300775530000021e+00,4.416909068819999812e-02,-5.157425403590000457e+00,0.000000000000000000e+00
1.674976320800000096e+01,-3.485458903109999795e+01,7.833617696410000164e-01,5.626806447569999925e+00,2.314288616179999813e+00,-6.412720680240000526e-01,-4.452918529509999779e+00,0.000000000000000000e+00
1.675482118700000100e+01,-3.570271392640000130e+01,7.592571098239999650e-01,6.366718220930000172e+00,2.317957162859999976e+00,-1.180264592170000126e+00,-3.743903636930000278e+00,0.000000000000000000e+00
1.675976088899999894e+01,-3.553717732730000023e+01,-6.961641093119999568e-02,7.327282915989999701e+00,2.180643081669999983e+00,-1.489817023279999875e+00,-3.000611305240000082e+00,0.000000000000000000e+00
1.676473570199999941e+01,-3.461698088300000364e+01,-5.198584980529999955e-01,7.749003184439998471e+00,1.963595390320000078e+00,-1.536549806590000067e+00,-2.138002395630000052e+00,0.000000000000000000e+00
1.676971940600000011e+01,-3.255707196769999712e+01,1.186582139480000020e+00,8.281999469549999660e+00,1.789442658420000054e+00,-1.292213439940000042e+00,-1.114634156229999951e+00,0.000000000000000000e+00
1.677465873499999915e+01,-2.949247981419999931e+01,5.446918082449999865e+00,8.802870432589999794e+00,1.736587166790000136e+00,-1.060479164119999984e+00,-1.255755722520000006e-01,0.000000000000000000e+00
1.677965214500000002e+01,-2.542215929719999679e+01,1.032450833720000105e+01,9.459255781479999570e+00,1.885929703710000016e+00,-9.988638758660000061e-01,6.717298626899999014e-01,0.000000000000000000e+00
1.678479587800000061e+01,-2.095179667520000066e+01,1.354043203890000058e+01,9.540098665949999557e+00,2.135111093519999947e+00,-1.202121138570000136e+00,1.210841894150000098e+00,0.000000000000000000e+00
1.678967091499999853e+01,-1.708563445680000115e+01,1.325814888270000047e+01,8.675484992639999504e+00,2.322256565090000002e+00,-1.663903355600000022e+00,1.479759454729999923e+00,0.000000000000000000e+00
1.679472254999999947e+01,-1.441183376490000079e+01,9.764453364779999589e+00,7.163564764430001119e+00,2.175191879270000239e+00,-2.272818088529999780e+00,1.611901640889999765e+00,0.000000000000000000e+00
1.679969704799999874e+01,-3.953501712989999817e+01,-3.180515937539999882e+01,-5.945573706540000281e+00,1.179287880660000037e-01,-2.452181577680000224e+00,2.016925334929999813e+00,0.000000000000000000e+00
1.680462397499999838e+01,-5.544543642520000759e+01,-3.600424071230000322e+01,-1.567971551970000021e+01,-9.988306760789998906e-01,-5.574667930599999544e+00,5.460434913639999444e+00,0.000000000000000000e+00
1.680960029199999894e+01,-3.904264160900000036e+01,-2.076052708439999961e+01,-1.688135808490000045e+01,-5.153535366059999845e+00,-3.961335182190000470e+00,6.100860118870000015e+00,0.000000000000000000e+00
1.681479085799999851e+01,-5.512167676470000544e+01,8.544835582470000190e+00,-1.440511234769999982e+00,-7.576463222500000150e+00,-3.770339488979999931e+00,2.972675800320000228e+00,0.000000000000000000e+00
1.681981967500000152e+01,-5.935168398569999937e+01,1.272044252020000066e+01,-1.932754127669999988e+01,-9.587935447689998725e+00,-8.821587562559999318e-01,2.026361703870000142e+00,0.000000000000000000e+00
1.682467797199999993e+01,-1.581100731940000115e+00,6.854018338270000399e+00,-1.938856185479999894e+01,-9.597396850589998252e+00,3.252520084379999510e+00,1.355350375180000011e+00,0.000000000000000000e+00
1.682982675599999922e+01,2.557622523880000287e+01,2.276535533290000046e+01,-2.121691008539999856e+01,-7.632110118870000015e+00,7.587202072140000197e+00,6.108836531639999512e-01,0.000000000000000000e+00
1.683483962800000100e+01,3.293235840170000017e+01,1.871625296059999854e+01,-2.844432217580000000e+01,-3.587182998659999900e+00,8.647577285769999733e+00,1.170310020450000099e+00,0.000000000000000000e+00
1.683982515299999960e+01,2.057526696309999625e+00,8.231016301289999504e+00,-1.378114867450000069e+01,-1.603432536130000141e+00,4.709121704100000194e+00,1.559958815570000157e+00,0.000000000000000000e+00
1.684472080200000121e+01,-7.950486126250000396e+00,-6.899349764380001027e+00,-8.602232709429999957e+00,-4.890913069250000245e-01,1.158363580699999895e+00,1.570114254950000010e+00,0.000000000000000000e+00
1.684984398799999994e+01,-9.618855391799998600e+00,-5.146978273540000259e+00,-8.995289193450000553e+00,5.263078212739999984e-01,-1.212633252140000062e+00,3.477171182630000246e+00,0.000000000000000000e+00
1.685485819399999841e+01,7.368060332060000661e+00,1.615043333550000071e+01,-1.442810451630000124e+01,-7.791137695309999778e-01,-4.213336467739999591e+00,2.447998762130000117e+00,0.000000000000000000e+00
1.685974397100000033e+01,3.093380148850000122e+00,1.830403175740000066e+01,-1.374437172619999892e+01,-1.106449127199999882e+00,-4.864743232730000422e+00,2.929472625260000074e-01,0.000000000000000000e+00
1.686483648200000118e+01,-9.278703984019999851e+00,5.672461114279999883e+00,-1.213904431549999963e+01,-1.147573351859999979e+00,-3.578483819959999757e+00,-1.322972536089999984e+00,0.000000000000000000e+00
1.686987460699999986e+01,-4.198376987990000586e+00,-1.249739948850000087e-01,-1.111626895579999896e+01,-6.325762271879999954e-01,-1.225793123250000116e+00,-2.624479293819999892e+00,0.000000000000000000e+00
1.687481034900000054e+01,-7.452641818540000074e+00,1.750976237090000165e+00,-1.072341179370000042e+01,-5.458858609199999934e-02,1.046521589159999993e-03,-1.501956462860000174e+00,0.000000000000000000e+00
1.687977463100000008e+01,-6.142662212780000353e+00,-4.473077872349999762e-01,-1.153413547140000084e+01,3.030115067960000297e-01,1.164677858349999928e+00,3.436292707920000078e-01,0.000000000000000000e+00
1.688478816199999955e+01,1.300228757729999796e+00,-2.866136158320000238e+00,-1.082328203470000005e+01,7.277135848999999324e-01,1.042505383489999993e+00,1.061773180959999952e+00,0.000000000000000000e+00
1.688973709700000114e+01,-1.056399616159999999e+00,-1.133682543129999942e+00,-1.111344805309999906e+01,7.885412573810001158e-01,2.701308727260000042e-01,1.178189396860000127e+00,0.000000000000000000e+00
1.689464502999999951e+01,-8.263818500699999792e-01,-2.221745965790000166e-01,-1.076498532859999813e+01,4.651081562039999784e-01,-5.395028591160000442e-01,7.006796002390000000e-01,0.000000000000000000e+00
1.689982322599999875e+01,-1.679236404260000093e+00,-1.088934542929999916e+00,-1.029438207900000002e+01,1.179717853669999955e-01,-9.997743964200000999e-01,3.427250683309999713e-01,0.000000000000000000e+00
1.690469183600000136e+01,-2.572370361870000011e+00,-1.542882498840000061e+00,-9.546063711839998689e+00,-1.698620617389999879e-03,-1.103611350059999996e+00,1.177429929380000018e-01,0.000000000000000000e+00
1.690964594800000143e+01,-3.680378657790000396e+00,-2.319261569980000104e+00,-7.890413642610000444e+00,9.165929257869999403e-02,-1.010030984879999982e+00,7.818476110699999759e-02,0.000000000000000000e+00
1.691464914499999850e+01,-4.619363389210000115e+00,-1.276808865300000040e+00,-7.993906750309999865e+00,3.285772353409999874e-02,-9.689070582390000297e-01,1.518357843160000054e-01,0.000000000000000000e+00
1.691976151200000089e+01,-7.712059647450000277e+00,-1.382584677109999882e+00,-7.147025717570000047e+00,6.240402907130000038e-02,-4.480252563950000155e-01,4.609071016309999602e-01,0.000000000000000000e+00
1.692470512999999954e+01,-5.908879760390000513e+00,-4.154362928090000184e-01,-7.799124767439999495e+00,-4.325598850850000121e-02,-1.122885569929999994e-01,5.540266633029999888e-01,0.000000000000000000e+00
1.692974122600000086e+01,-5.161075187949999865e+00,1.864114394359999816e+00,-8.566869719619999657e+00,-2.203868031500000046e-01,9.472723305230000557e-02,4.273580312730000386e-01,1.000000000000000000e+00
1.693465844400000009e+01,-4.610024482980000116e+00,2.762117273180000332e+00,-7.756846299160000235e+00,-2.771011888980000060e-01,1.016265675430000071e-01,1.769325882200000200e-01,1.000000000000000000e+00
1.693979682799999864e+01,-3.730357617440000162e+00,1.717279573059999898e+00,-8.365165828540000348e+00,-2.239797264339999927e-01,-7.831566035750000057e-03,-1.725469715890000019e-02,1.000000000000000000e+00
1.694469207499999897e+01,-3.706292851240000186e+00,-3.209554166690000154e-01,-8.823000781939999371e+00,-1.289709955449999945e-01,-8.894050866369999919e-02,-1.349934004250000034e-02,1.000000000000000000e+00
1.694969836399999963e+01,-3.738612527830000420e+00,-1.045347622400000009e+00,-9.087026396910001580e+00,-6.924595683810000346e-02,-1.014323085549999892e-01,2.113430202009999523e-02,1.000000000000000000e+00
1.695482122299999972e+01,-3.728204238800000070e+00,-1.094114283659999964e+00,-9.353293068790000220e+00,-1.937162578110000200e-01,-3.091238206249999777e-03,6.059940531849999923e-02,1.000000000000000000e+00
1.695967395499999952e+01,-3.547896771490000045e+00,-1.315518827450000039e+00,-9.573971124939999910e+00,-2.366276830429999978e-01,6.040515750649999571e-02,9.809198975560000366e-02,1.000000000000000000e+00
1.696471776399999953e+01,-3.363858008690000290e+00,-1.306241442149999932e+00,-9.909454540910001441e+00,-2.646568417550000385e-01,1.044332981110000086e-01,1.701417118309999921e-01,1.000000000000000000e+00
1.696984979799999849e+01,-3.131606419129999708e+00,-1.371648710949999961e+00,-1.008079894960000011e+01,-2.586302459239999685e-01,5.423886328940000223e-02,2.494699954989999802e-01,1.000000000000000000e+00
1.697486217399999830e+01,-2.853660999890000216e+00,-1.417057586209999887e+00,-1.054286701050000019e+01,-2.088203430180000097e-01,-3.619135171180000443e-02,3.248550295829999990e-01,1.000000000000000000e+00
1.697983341799999835e+01,-2.040768745989999911e+00,-1.095317814229999964e+00,-1.088004027930000106e+01,-1.579400599000000127e-01,-1.459196507929999831e-01,3.337211310860000446e-01,1.000000000000000000e+00
1.698478834499999834e+01,-1.871551266359999799e+00,-6.097945338369999968e-01,-1.148071367779999896e+01,-1.319540143009999833e-01,-2.528637349610000085e-01,3.310852050779999889e-01,1.000000000000000000e+00
1.698969407499999917e+01,-1.868440586999999820e+00,-4.584792061240000050e-01,-1.184461128739999936e+01,-1.015146821739999899e-01,-3.722632527350000498e-01,3.506252467629999425e-01,1.000000000000000000e+00
1.699481259299999891e+01,-1.883948683380000100e+00,-3.855251386699999894e-01,-1.207971534369999844e+01,-6.726530939340000237e-02,-4.420457482340000022e-01,3.707251250739999615e-01,1.000000000000000000e+00
1.699980146000000047e+01,-1.660283866509999928e+00,-5.159955390139999709e-01,-1.208061200030000037e+01,2.483310177919999771e-03,-5.285592079159999734e-01,3.925776779649999826e-01,1.000000000000000000e+00
1.700478288800000115e+01,-1.823053192909999787e+00,-5.846333507040000210e-01,-1.225479718539999929e+01,8.298712223769999508e-02,-7.037169933319998849e-01,4.028827846050000439e-01,0.000000000000000000e+00
1.700958188999999976e+01,-1.576871569939999773e+00,-8.892604771789999196e-01,-1.273007310290000049e+01,1.343065947290000006e-01,-8.765704631810000702e-01,3.977836668490000172e-01,0.000000000000000000e+00
1.701475048800000067e+01,-9.650636139210000408e-01,-1.062790997699999851e+00,-1.371980894740000068e+01,1.182250976559999917e-01,-1.147965073589999996e+00,3.683982193469999555e-01,0.000000000000000000e+00
1.701975289800000013e+01,-9.126240363049999971e-01,5.680065524870000493e-01,-1.476791047160000048e+01,4.148597270249999858e-02,-1.438882231710000070e+00,3.728979229930000083e-01,0.000000000000000000e+00
1.702474398100000030e+01,-4.177910757739999870e-01,1.836222471090000363e+00,-1.447689572740000052e+01,-6.610222160819999304e-02,-1.774237751959999887e+00,2.852799296379999738e-01,0.000000000000000000e+00
1.702986275199999966e+01,-9.832924039750000345e-02,2.139360053129999883e+00,-1.520877324739999992e+01,-8.806640654799999246e-02,-2.058990001679999793e+00,1.790207326409999911e-01,0.000000000000000000e+00
1.703476923099999851e+01,2.522720488040000042e-01,1.250398266629999977e+00,-1.604838165880000034e+01,-2.115968056020000113e-02,-2.393201589579999844e+00,1.124063804749999979e-01,0.000000000000000000e+00
1.703967564099999876e+01,7.602259548559999747e-01,1.735887827420000029e+00,-1.537896965510000058e+01,1.012369394300000058e-01,-2.749601364140000559e+00,8.473023772240000084e-02,0.000000000000000000e+00
1.704484546400000156e+01,1.247178135540000010e+00,2.153795259579999843e+00,-1.506988383220000038e+01,1.894750297070000034e-01,-3.124489784240000123e+00,-2.787980623540000161e-02,0.000000000000000000e+00
1.704966668699999843e+01,1.392573279429999866e+00,2.202863095740000166e+00,-1.471775031019999957e+01,1.548648476599999990e-01,-3.475891113279999889e+00,-1.499070078130000094e-01,0.000000000000000000e+00
1.705481299999999933e+01,1.175390518050000166e+00,2.561963534149999777e+00,-1.455251766239999967e+01,8.882652223110001910e-02,-3.847427368159999972e+00,-2.646030485629999873e-01,0.000000000000000000e+00
1.705982887700000106e+01,9.995126306849999587e-01,2.520605103320000318e+00,-1.376706169700000082e+01,5.656114593150000230e-02,-4.153859615330000921e+00,-3.630040585989999791e-01,0.000000000000000000e+00
1.706465329099999906e+01,8.686603183509999937e-01,3.013421061479999885e+00,-1.322648883910000173e+01,6.432148069140000701e-02,-4.443994522089999677e+00,-4.468684792520000171e-01,0.000000000000000000e+00
1.706964964100000159e+01,5.016849087850000499e-01,3.010328063899999851e+00,-1.262375324729999981e+01,1.005479395390000003e-01,-4.679402351380000269e+00,-5.047513246540000775e-01,0.000000000000000000e+00
1.707464152500000054e+01,2.968072282370000092e-01,2.070236540279999815e+00,-1.272310443289999959e+01,1.749951839449999935e-01,-4.959875583649999697e+00,-5.100166797640000027e-01,0.000000000000000000e+00
1.707963255800000013e+01,1.209797741499999968e-01,1.773952477400000172e+00,-1.306208153619999912e+01,2.481870949270000015e-01,-5.245117187500000000e+00,-4.773392677310000498e-01,0.000000000000000000e+00
1.708462950599999886e+01,7.083643963240000563e-01,1.292204733489999979e+00,-1.268328329470000071e+01,2.986805737020000184e-01,-5.533412933350000174e+00,-4.308188259599999848e-01,0.000000000000000000e+00
1.708983943999999866e+01,1.079780710949999945e+00,6.907070129500000322e-01,-1.197493394980000048e+01,2.682496309279999713e-01,-5.792455196379999727e+00,-4.155060052869999909e-01,0.000000000000000000e+00
1.709468117300000145e+01,1.355199936179999898e-01,1.861607599170000127e-01,-1.145959139480000033e+01,1.854250580070000154e-01,-6.049702167509999562e+00,-4.208691716190000043e-01,0.000000000000000000e+00
1.709987102599999886e+01,-1.100757301870000093e+00,-7.848659636589999655e-01,-1.148135314469999990e+01,7.722341921180000089e-03,-6.350023746490000676e+00,-4.156427681449999523e-01,0.000000000000000000e+00
1.710468917300000058e+01,-2.874957762680000251e+00,-2.495606855670000179e+00,-1.131953059770000003e+01,-2.799163162709999986e-01,-6.638093471530000400e+00,-4.217349886890000010e-01,0.000000000000000000e+00
1.710970245800000100e+01,-6.452222667470000061e+00,-4.891208445750000244e+00,-1.224015958819999916e+01,-7.198123931880000548e-01,-6.868338584900000043e+00,-3.821720778939999841e-01,0.000000000000000000e+00
1.711468546400000079e+01,-8.837787432189999848e+00,-7.193422727080000634e+00,-1.304800157299999874e+01,-1.286619424820000024e+00,-6.978759288789999182e+00,-3.473390340810000310e-01,0.000000000000000000e+00
1.711963723799999926e+01,-1.255819093410000065e+01,-6.958489351089999886e+00,-1.403725460240000089e+01,-1.921002388000000227e+00,-6.892675399780000767e+00,-3.834871947770000511e-01,0.000000000000000000e+00
1.712475378999999975e+01,-1.594246044720000022e+01,-6.002040859169999187e+00,-1.426118493829999956e+01,-2.553312063219999928e+00,-6.653150558470000142e+00,-3.392793536190000236e-01,0.000000000000000000e+00
1.712964352599999884e+01,-1.713442099179999900e+01,-6.637900137389999955e+00,-1.464753403369999951e+01,-2.994862318040000027e+00,-6.213605880740000309e+00,-2.558562457559999670e-01,0.000000000000000000e+00
1.713484448699999874e+01,-1.625767790469999952e+01,-6.267484524240000354e+00,-1.385036775670000075e+01,-3.366743564609999684e+00,-5.719773292540001108e+00,-7.200434058900000156e-02,0.000000000000000000e+00
1.713968619499999946e+01,-1.434940916519999909e+01,-3.932725233130000220e+00,-1.421176595060000025e+01,-3.767877340319999657e+00,-5.185976505280000204e+00,2.123469710349999984e-01,0.000000000000000000e+00
1.714466338800000145e+01,-1.182849835690000084e+01,-3.877466579509999622e+00,-1.414100840680000104e+01,-4.255880832669999947e+00,-4.903826713559999995e+00,3.994031250480000184e-01,0.000000000000000000e+00
1.714971458699999829e+01,-1.107405010869999806e+01,-4.962627668319999685e+00,-1.518191446660000032e+01,-4.714279651640000068e+00,-4.775753021239999896e+00,4.976621866229999913e-01,0.000000000000000000e+00
1.715476498399999983e+01,-1.139536529859999980e+01,-5.931612401209998886e+00,-1.602306367770000151e+01,-5.154616355900000002e+00,-4.689888954159999734e+00,5.127080082889999835e-01,0.000000000000000000e+00
1.715972544499999941e+01,-1.259739247920000160e+01,-5.526397277359999194e+00,-1.711790006509999884e+01,-5.514582157139999552e+00,-4.521688461300000128e+00,3.501909375190000451e-01,0.000000000000000000e+00
1.716472407299999858e+01,-1.711705250829999869e+01,-2.362018323300000056e+00,-2.017030259910000112e+01,-5.726311206819999278e+00,-4.159832477569999298e+00,-1.647135764360000143e-01,0.000000000000000000e+00
1.716964841400000097e+01,-1.550585532880000095e+01,-3.133479227270000056e+00,-1.906117348249999921e+01,-5.683439254759999670e+00,-3.617851495740000090e+00,-5.796633958819999988e-01,0.000000000000000000e+00
1.717482030000000037e+01,-1.103589485779999890e+01,-3.692067049750000329e+00,-1.875723028319999841e+01,-5.571474552150000648e+00,-3.115681171420000339e+00,-6.268699169160000251e-01,0.000000000000000000e+00
1.717975425099999853e+01,-5.991195055510000422e+00,-5.205016036489999998e+00,-1.878694269980000087e+01,-5.560523509980000334e+00,-2.654336690900000129e+00,-4.388693869110000256e-01,0.000000000000000000e+00
1.718484613200000055e+01,-1.103708406760000038e+00,-7.096647529460001103e+00,-1.808640373649999944e+01,-5.646599292760000388e+00,-2.491808652880000086e+00,-3.088356852529999808e-01,0.000000000000000000e+00
1.718972591900000069e+01,4.225163288110000082e+00,-6.715011434119999123e+00,-1.557265799750000035e+01,-5.863863945009999412e+00,-2.446456909179999695e+00,-2.791472673420000161e-01,0.000000000000000000e+00
1.719466359999999838e+01,1.523316300779999999e+01,-7.794456191110000987e+00,-1.001405005690000038e+01,-6.184283256529999662e+00,-2.189055919649999904e+00,-1.200110092760000025e-01,0.000000000000000000e+00
1.719985545600000165e+01,2.521235510179999917e+00,-6.215469090319999168e+00,-6.077645842989999991e+00,-6.371707439419998842e+00,-2.269156932830000084e+00,2.933863997460000039e-01,0.000000000000000000e+00
1.720483743100000140e+01,-1.209108195640000183e+01,-3.920040523600000215e-01,-1.723847874759999854e+01,-6.460767269129999768e+00,-2.853180170059999909e+00,5.519468784329999433e-01,0.000000000000000000e+00
1.720972701399999849e+01,-1.300968967020000022e+01,1.477005073499999821e-01,-2.274332821000000138e+01,-6.165452957150000302e+00,-2.506487131120000100e+00,7.794837951659999709e-01,0.000000000000000000e+00
1.721457843099999963e+01,-5.662946266959999697e+00,-3.687905692289999982e-01,-2.384451367420000167e+01,-5.513025760650000606e+00,-1.926334261890000121e+00,6.440609693529999458e-01,0.000000000000000000e+00
1.721982722399999943e+01,-2.150996714900000217e+00,7.763332592439999846e-01,-2.305980238960000150e+01,-4.782962322240000397e+00,-5.617805719380000173e-01,5.215286612510000586e-01,0.000000000000000000e+00
1.722475424699999991e+01,-5.688730696560000410e+00,-2.133961993469999818e+00,-2.320824289260000128e+01,-4.341766357420000055e+00,9.950495958329999002e-01,5.880741477009999718e-01,0.000000000000000000e+00
1.722968419300000065e+01,-7.577008202930000103e-01,-6.324295960260000626e+00,-2.143749929420000200e+01,-4.104230880740000309e+00,1.918007612229999825e+00,6.368173360819999740e-01,0.000000000000000000e+00
1.723483860900000053e+01,3.744106449069999343e+00,-9.006851036429999624e+00,-2.013102506619999943e+01,-3.991744041440000057e+00,2.439050912859999976e+00,8.960066437720001220e-01,0.000000000000000000e+00
1.723983710599999952e+01,6.981084629260001506e+00,-9.912826063169999813e+00,-1.903394762190000122e+01,-3.854856491090000059e+00,2.500230073930000074e+00,1.152475237850000056e+00,0.000000000000000000e+00
1.724471143799999950e+01,8.268155068600000490e+00,-9.584117255900000742e+00,-1.864520315589999910e+01,-3.790695667270000069e+00,2.373888492579999898e+00,1.172987461089999961e+00,0.000000000000000000e+00
1.724986719199999996e+01,8.653817935239999315e+00,-9.812958160230000004e+00,-1.798645516950000101e+01,-3.811930179599999580e+00,2.264060258869999842e+00,1.025915503500000048e+00,0.000000000000000000e+00
1.725482853100000113e+01,8.994104367580000314e+00,-1.033106550379999966e+01,-1.824035394270000054e+01,-3.976834297180000366e+00,2.315217256549999991e+00,8.258712291719999543e-01,0.000000000000000000e+00
1.725972373400000137e+01,7.451053672569999620e+00,-1.327973293799999865e+01,-1.702178946880000154e+01,-4.178609848019999795e+00,2.292968750000000000e+00,7.083608508109999757e-01,0.000000000000000000e+00
1.726477048199999942e+01,5.350427546989999783e+00,-1.496581204780000007e+01,-1.652114413219999989e+01,-4.370788574219999667e+00,2.676912546160000073e+00,6.713356375689999433e-01,0.000000000000000000e+00
1.726976052699999897e+01,4.725919099350000430e+00,-1.556756564279999999e+01,-1.524860841420000135e+01,-4.493024349209999713e+00,2.984369754790000329e+00,6.390101313589999776e-01,0.000000000000000000e+00
1.727488621199999841e+01,4.093031822680000431e+00,-1.658818294780000002e+01,-1.543145504459999984e+01,-4.690691947940000439e+00,3.367460727690000155e+00,5.421507954600000012e-01,0.000000000000000000e+00
1.727978347599999864e+01,3.609795886040000124e+00,-1.686536322789999787e+01,-1.501236220210000027e+01,-4.878378391270000058e+00,3.700415611269999960e+00,3.663509190079999867e-01,0.000000000000000000e+00
1.728484844200000126e+01,3.126304513330000034e+00,-1.699157553239999885e+01,-1.435740425559999878e+01,-5.029789447780000700e+00,3.950395107269999873e+00,7.746553421019999885e-02,0.000000000000000000e+00
1.728970166199999881e+01,2.648442670950000188e+00,-1.705492367669999965e+01,-1.377345636640000137e+01,-5.112555503849999461e+00,4.199454784390000306e+00,-2.176793068650000051e-01,0.000000000000000000e+00
1.729468394199999892e+01,2.231349623909999913e+00,-1.681303682829999957e+01,-1.346942548880000068e+01,-5.093275547030000183e+00,4.433745861050000237e+00,-4.886709451680000260e-01,0.000000000000000000e+00
1.729985196100000167e+01,1.187164761670000068e+00,-1.637252827269999855e+01,-1.286102471089999888e+01,-4.974305629730000788e+00,4.709032058720000080e+00,-7.102690339089999805e-01,0.000000000000000000e+00
1.730480223400000028e+01,5.054084593530000502e-01,-1.591564024480000050e+01,-1.257836862969999991e+01,-4.734731674190000739e+00,5.010017871859999694e+00,-9.172701239589999833e-01,0.000000000000000000e+00
1.730971469900000059e+01,-7.943352913369999824e-02,-1.546366220069999997e+01,-1.215852292299999959e+01,-4.414371967320000145e+00,5.296440601349999611e+00,-1.133724808690000030e+00,0.000000000000000000e+00
1.731470589099999913e+01,-6.625685675720000001e-01,-1.511384806160000061e+01,-1.184187455589999871e+01,-4.027656078339999723e+00,5.545515537259999128e+00,-1.334564805029999857e+00,0.000000000000000000e+00
1.731974486400000046e+01,-1.322222855129999930e+00,-1.500457637049999882e+01,-1.135268351020000033e+01,-3.586872577669999451e+00,5.782663822169999968e+00,-1.564392089839999889e+00,0.000000000000000000e+00
1.732478129600000116e+01,-1.948187492929999820e+00,-1.492647606269999905e+01,-1.082390279700000058e+01,-3.100942850109999593e+00,5.951520442959999713e+00,-1.757200121879999966e+00,0.000000000000000000e+00
1.732966336499999827e+01,-2.352691838159999715e+00,-1.517044030190000115e+01,-1.022397291030000055e+01,-2.666159391399999912e+00,6.085236549380001136e+00,-1.979015350340000090e+00,0.000000000000000000e+00
1.733477030699999943e+01,-2.720403745309999621e+00,-1.595690047599999950e+01,-9.825341840989999298e+00,-2.272056102750000139e+00,6.233695030210000709e+00,-2.144629478450000182e+00,0.000000000000000000e+00
1.733969404100000133e+01,-2.770904975270000126e+00,-1.677277028439999995e+01,-9.433087905519998984e+00,-1.964798808100000072e+00,6.309445857999999241e+00,-2.306411266330000043e+00,0.000000000000000000e+00
1.734457164000000162e+01,-2.927551581009999904e+00,-1.715347289820000043e+01,-9.224657921049999487e+00,-1.717948079110000137e+00,6.349794864650000648e+00,-2.446171760559999964e+00,0.000000000000000000e+00
1.734985069900000099e+01,-3.283437441280000257e+00,-1.708790941599999869e+01,-8.942776331399999279e+00,-1.484816551210000002e+00,6.360072135930000314e+00,-2.574145078659999974e+00,0.000000000000000000e+00
1.735478351200000091e+01,-3.796376150009999950e+00,-1.666533165390000093e+01,-8.587179517200000944e+00,-1.304668903349999853e+00,6.342350006100000215e+00,-2.716081619260000135e+00,0.000000000000000000e+00
1.735979089099999939e+01,-4.339852328080000099e+00,-1.627884578040000108e+01,-8.553416948329999769e+00,-1.077468991279999955e+00,6.291249275210000214e+00,-2.856851816179999837e+00,0.000000000000000000e+00
1.736466982299999984e+01,-4.773963291549999433e+00,-1.597930636900000145e+01,-8.913714487569999179e+00,-8.285408020020000874e-01,6.219655036930000769e+00,-3.013757467270000046e+00,0.000000000000000000e+00
1.736965789899999990e+01,-5.297886627890000533e+00,-1.557015039859999916e+01,-9.177373022789998558e+00,-5.615531206130000008e-01,6.201620578770000058e+00,-3.212283372879999988e+00,0.000000000000000000e+00
1.737474462599999825e+01,-5.779935985090000727e+00,-1.544475759380000035e+01,-9.177626120760001172e+00,-2.910034358499999918e-01,6.159071922299999891e+00,-3.393764734269999916e+00,0.000000000000000000e+00
1.737982025299999833e+01,-5.889726147109999310e+00,-1.566016326249999935e+01,-9.145689598280000610e+00,2.077268250290000007e-02,6.130750656130000031e+00,-3.617543697359999921e+00,0.000000000000000000e+00
1.738484252099999949e+01,-6.023111119730000240e+00,-1.560408773950000061e+01,-9.348830828689999706e+00,3.782982528209999917e-01,6.073143005369999514e+00,-3.862196683880000148e+00,0.000000000000000000e+00
1.738986123000000106e+01,-6.612397447339999346e+00,-1.536001127209999950e+01,-9.593824410919999934e+00,7.420350313189999492e-01,5.999177932740000330e+00,-4.125279426569999686e+00,0.000000000000000000e+00
1.739472755499999934e+01,-7.308351421030000239e+00,-1.541969680230000073e+01,-1.008770916729999989e+01,1.143141508100000037e+00,5.922098159789999983e+00,-4.423110961909999972e+00,0.000000000000000000e+00
1.739969319700000128e+01,-8.135415992669999596e+00,-1.565994465130000179e+01,-1.044696684210000015e+01,1.537266492840000165e+00,5.832008361819998932e+00,-4.725721836089999961e+00,0.000000000000000000e+00
1.740484666300000072e+01,-8.895112662949999915e+00,-1.610497623719999893e+01,-1.066465565330000054e+01,1.947711586949999907e+00,5.758192539219999517e+00,-5.032374858859999911e+00,0.000000000000000000e+00
1.740955072699999917e+01,-9.281158391430000876e+00,-1.684587994420000001e+01,-1.095966268200000115e+01,2.288588523859999668e+00,5.709599494929999963e+00,-5.333446979519999687e+00,0.000000000000000000e+00
1.741478189600000093e+01,-9.688575409239998493e+00,-1.711717291989999978e+01,-1.135316749430000094e+01,2.589195966720000186e+00,5.655409812929999447e+00,-5.703877925870000531e+00,0.000000000000000000e+00
1.741980583400000171e+01,-1.077600941140000046e+01,-1.727374996749999880e+01,-1.150677166359999859e+01,2.831560850139999808e+00,5.536877632139999506e+00,-6.088263511660000127e+00,0.000000000000000000e+00
1.742475796000000088e+01,-1.189378360680000135e+01,-1.782275513809999978e+01,-1.144056170019999996e+01,3.041872739790000502e+00,5.361465454100000194e+00,-6.550539493559999649e+00,0.000000000000000000e+00
1.742968924599999880e+01,-1.307354985569999961e+01,-1.860199412869999946e+01,-1.144025891779999959e+01,3.194291353230000130e+00,5.129116058350000174e+00,-7.046727657319999949e+00,0.000000000000000000e+00
1.743478015000000170e+01,-1.457039351079999889e+01,-1.969489224149999984e+01,-1.149862576660000002e+01,3.327324151990000090e+00,4.838123321530000354e+00,-7.540460109710000580e+00,0.000000000000000000e+00
1.743976874999999893e+01,-1.619767205660000187e+01,-2.111716960820000111e+01,-1.144245087490000046e+01,3.354452133180000128e+00,4.540772438050000304e+00,-8.009335517880000310e+00,0.000000000000000000e+00
1.744469486199999864e+01,-1.790345539920000206e+01,-2.278951712980000011e+01,-1.145580135490000018e+01,3.295858383180000128e+00,4.220183372500000196e+00,-8.461045265199999221e+00,0.000000000000000000e+00
1.744984244200000134e+01,-1.987720228079999885e+01,-2.450007367820000326e+01,-1.152570666569999958e+01,3.149860143659999778e+00,3.862691402440000310e+00,-8.817104339600000174e+00,0.000000000000000000e+00
1.745482188200000095e+01,-2.184385657380000012e+01,-2.563685418729999910e+01,-1.185488250599999915e+01,2.934774875640000058e+00,3.535487174990000092e+00,-9.126479148859999668e+00,0.000000000000000000e+00
1.745969706200000005e+01,-2.368269463420000065e+01,-1.848083560050000074e+01,-1.342807056510000052e+01,2.712791919709999444e+00,3.154024124150000219e+00,-9.286945343019999299e+00,0.000000000000000000e+00
1.746470676999999938e+01,-2.635103939880000112e+01,-1.253881987869999826e+01,-1.300160339440000001e+01,2.663524627690000202e+00,2.769400119779999780e+00,-9.355654716489999245e+00,0.000000000000000000e+00
1.746984099999999884e+01,-3.091136929199999983e+01,-1.060995375679999952e+01,-1.226537936959999975e+01,2.887417554859999846e+00,2.397203207020000004e+00,-9.356772422789999766e+00,0.000000000000000000e+00
1.747478594900000104e+01,-3.567091827369999635e+01,-1.273985916839999888e+01,-1.126089136170000060e+01,3.364454030990000177e+00,2.048907041550000141e+00,-9.320648193360000278e+00,0.000000000000000000e+00
1.747969247300000006e+01,-4.021359092969999693e+01,-1.465030700550000020e+01,-1.000083050980000010e+01,3.690730333329999890e+00,1.783290505409999893e+00,-8.673009872439999768e+00,0.000000000000000000e+00
1.748477390300000067e+01,-4.189797258790000001e+01,-1.536373818369999888e+01,-6.637181759979999818e+00,3.660039663309999636e+00,1.511089563370000111e+00,-7.872591495510000925e+00,0.000000000000000000e+00
1.748984893200000101e+01,-4.225912294460000140e+01,-1.601221495140000073e+01,-3.468654892469999584e+00,3.165804386140000037e+00,1.312835693360000056e+00,-7.083258152010000863e+00,0.000000000000000000e+00
1.749482882499999903e+01,-4.313115478520000323e+01,-1.664740436749999830e+01,-5.272291729510000247e-01,2.371152877809999726e+00,1.194589972499999986e+00,-6.183521270750000909e+00,0.000000000000000000e+00
1.749971251799999905e+01,-4.382132549930000209e+01,-1.635336180000000184e+01,2.726650822999999946e+00,1.535596132279999804e+00,1.078347802160000146e+00,-5.249031066889999764e+00,0.000000000000000000e+00
1.750475815100000077e+01,-4.319997405439999483e+01,-1.438293032650000036e+01,6.308790348090000499e+00,8.412778973579999597e-01,9.284683465960000825e-01,-4.259143829350000132e+00,0.000000000000000000e+00
1.750957481500000057e+01,-4.051559702349999981e+01,-1.120701714819999850e+01,1.017730000639999943e+01,3.486430048940000193e-01,7.682142853740000499e-01,-3.301285028459999715e+00,0.000000000000000000e+00
1.751470521899999966e+01,-3.709457043590000325e+01,-7.963027627919998963e+00,1.333539228140000077e+01,1.087727844720000059e-01,6.357892155650000099e-01,-2.301434040070000187e+00,0.000000000000000000e+00
1.751968863600000148e+01,-3.358032663539999874e+01,-5.143465881510000060e+00,1.557876274410000050e+01,2.403713911769999878e-01,4.589351415630000264e-01,-1.268829345699999944e+00,0.000000000000000000e+00
1.752483448399999943e+01,-3.080427552940000169e+01,-2.613010123040000021e+00,1.607491544550000029e+01,7.457112073899999638e-01,2.126995325090000055e-01,-2.675755321980000101e-01,0.000000000000000000e+00
1.752970945999999941e+01,-2.960303628440000168e+01,2.225710302839999932e-01,8.427115796499998979e+00,1.369053602219999943e+00,-1.106537655000000009e-01,5.283987522130000336e-01,0.000000000000000000e+00
1.753474187100000137e+01,-4.531878173329999981e+01,-2.592072139780000128e+01,6.841590233849999869e+00,-7.045562863350000038e-01,-6.250097155569999119e-01,1.474407315250000128e+00,0.000000000000000000e+00
1.753980488999999920e+01,-5.906602112399999527e+01,-2.878568529749999882e+01,2.049331699409999707e+00,-1.154123306270000038e+00,-2.698208808900000033e+00,3.557611227039999768e+00,0.000000000000000000e+00
1.754482460599999882e+01,-5.791895069149999387e+01,-4.717283957469999400e+00,1.053378354029999997e+01,-4.648304462430000505e+00,-3.854258537290000231e+00,4.554459095000000346e+00,0.000000000000000000e+00
1.754985237100000006e+01,-6.239752000090000195e+01,2.959511250559999951e+01,2.343608017280000055e+01,-7.529202461239999700e+00,-3.535494327549999927e+00,5.552851676940000480e+00,0.000000000000000000e+00
1.755478276099999846e+01,-5.822590417850000222e+01,2.099138751179999929e+01,-5.414772885650000589e+00,-9.518621444700000822e+00,-2.275573253630000181e+00,4.517653465269999558e+00,0.000000000000000000e+00
1.755966156499999897e+01,-4.068096995650000025e+01,-1.487321092099999831e+01,-1.773376051139999987e+01,-8.928701400760001405e+00,-4.114834964280000285e-01,3.203345298770000404e+00,0.000000000000000000e+00
1.756469899700000070e+01,-1.002034769569999995e+01,8.296586797830000748e+00,-2.016643540229999942e+01,-6.610926628109999648e+00,2.016188383099999815e+00,1.237296581270000084e+00,0.000000000000000000e+00
1.756966081599999896e+01,1.797659194710000108e+01,4.610898986180000492e+01,-2.505556353460000096e+01,-5.241880893710000322e+00,3.427200555799999826e+00,9.251496195789999932e-01,0.000000000000000000e+00
1.757469367399999882e+01,2.873268319059999953e+01,5.361534515029999426e+01,-2.450127545519999828e+01,-3.645477294920000055e+00,2.716243267059999855e+00,9.617794752120000235e-01,0.000000000000000000e+00
1.757965503699999843e+01,4.122378328679999981e+00,3.146062580699999955e+01,-2.139383317100000070e+01,-1.719314694399999954e+00,1.129045248029999948e+00,1.266079425810000103e+00,0.000000000000000000e+00
1.758481291800000079e+01,-6.751297383979999900e+00,-1.208162906839999984e+01,-1.725457180429999937e+01,3.975741863250000230e-01,-8.585098981859999867e-01,1.312826514239999964e+00,0.000000000000000000e+00
1.758984110500000142e+01,-7.019291318060001394e+00,-3.095448596459999990e+01,4.253869450369998972e+00,2.131062746050000012e+00,-3.322781562809999478e+00,2.424985170359999831e+00,0.000000000000000000e+00
1.759476818499999951e+01,-8.241754552930000699e+00,-1.867479749910000209e+01,-3.880621536409999628e+00,2.119357109070000078e+00,-3.017930269240000296e+00,2.649312257770000123e+00,0.000000000000000000e+00
1.759965921799999933e+01,-3.316606428180000066e-01,5.421594256100000564e+00,-2.533935826440000127e+01,2.559392452239999671e-01,-2.461805820470000405e+00,1.816460967059999598e+00,0.000000000000000000e+00
1.760480029600000051e+01,-2.600364576480000078e+00,1.570315367839999965e+01,-1.344279584059999877e+01,-1.993218779559999598e+00,-1.928699612620000003e+00,2.327421009540000252e-01,0.000000000000000000e+00
1.760962765100000027e+01,-2.281170031999999903e+00,3.617790391930000293e+00,-7.706677954410000808e+00,-2.421576976779999946e+00,-1.293491721149999885e+00,-1.501145243639999904e+00,0.000000000000000000e+00
1.761464837200000133e+01,-1.282781334619999924e+01,-7.542864525780000662e+00,-6.272114522130000758e+00,-1.924336433409999936e+00,1.670911759139999953e-01,-5.412914156910000330e-01,0.000000000000000000e+00
1.761977670399999951e+01,-6.960552713360001142e+00,-8.777837113620000409e+00,-6.334138139839999404e+00,-1.075327038760000020e+00,8.029455542560001158e-01,1.467531204220000163e+00,0.000000000000000000e+00
1.762478277199999965e+01,-1.462944161990000103e+00,-2.609114576900000149e+00,-9.858331087399999859e+00,-7.157735824580000461e-01,6.815646886830000195e-01,2.248781204220000163e+00,0.000000000000000000e+00
1.762968464500000110e+01,-6.063985566430000418e+00,2.003300600599999814e+00,-9.435009228969999384e+00,-3.385745584960000443e-01,2.744151353840000307e-01,1.873991727830000009e+00,0.000000000000000000e+00
1.763471626000000114e+01,-2.969857229559999645e+00,2.686256853289999746e+00,-1.110107489380000168e+01,-7.063878178599999336e-01,-1.715078204870000012e-01,1.044615745539999807e+00,0.000000000000000000e+00
1.763980920299999866e+01,-2.334964750550000134e-01,1.377368403770000027e+00,-1.111275247210000039e+01,-1.190950751299999943e+00,-4.931301176550000331e-01,3.959289491179999732e-01,0.000000000000000000e+00
1.764471100000000092e+01,-3.922174613019999700e+00,4.914958154649999855e-01,-9.884320099660000025e+00,-1.329239249230000031e+00,-4.192872345449999982e-01,2.231461405750000127e-01,0.000000000000000000e+00
1.764984276299999877e+01,-4.604438499539999619e+00,2.213159302700000275e+00,-1.022105731509999949e+01,-9.695288538930000311e-01,-3.174879550929999850e-01,2.480873167509999866e-01,0.000000000000000000e+00
1.765482077700000119e+01,-4.614321887910000086e+00,3.112301122419999899e+00,-1.024802481700000101e+01,-5.306380391120000262e-01,-1.854420155290000261e-01,4.268082976340000223e-01,1.000000000000000000e+00
1.765971156699999867e+01,-5.027848620769999499e+00,-5.223866648239999799e-01,-9.425632328819999017e+00,-2.605224251749999609e-01,8.437233418230001558e-02,5.996125340460000119e-01,1.000000000000000000e+00
1.766476249100000118e+01,-4.104272763140000002e+00,-4.111182195469999939e-02,-9.744797062680000010e+00,-2.894643843170000008e-01,1.828593164679999938e-01,4.806694984440000318e-01,1.000000000000000000e+00
1.766970164199999971e+01,-4.045342435269999370e+00,1.165124633170000035e+00,-9.383865317190000610e+00,-5.710859298709999310e-01,2.037991434340000185e-01,2.507023215290000162e-01,1.000000000000000000e+00
1.767483984000000063e+01,-3.232299374720000174e+00,9.977635219949999579e-01,-9.679389647739998992e+00,-8.101091384890000135e-01,1.432531028990000066e-01,3.772198408840000267e-02,1.000000000000000000e+00
1.767970354699999902e+01,-3.156438370309999630e+00,9.538233675799999423e-02,-1.004284009809999922e+01,-8.213792443279999134e-01,3.474043309690000303e-02,-4.462571814659999775e-02,1.000000000000000000e+00
1.768480710200000061e+01,-3.149939071420000403e+00,-5.023247045259999766e-01,-1.014712231030000034e+01,-6.829956769939998784e-01,1.423555798830000024e-02,-4.722094163300000723e-03,1.000000000000000000e+00
1.768986908700000171e+01,-3.369127765790000062e+00,-8.514612732030000242e-01,-1.042043773169999987e+01,-5.258479118350000148e-01,1.418971642849999916e-02,6.807078421119999723e-02,1.000000000000000000e+00
1.769470979200000116e+01,-2.406040712640000301e+00,-8.322956041580000797e-01,-1.099329139540000000e+01,-4.701297283169999508e-01,2.281366847460000128e-03,1.098264306780000060e-01,1.000000000000000000e+00
1.769972405100000046e+01,-2.040996125009999940e+00,-7.921292326600000155e-01,-1.131255023729999998e+01,-5.099632740020000332e-01,-1.008265167469999946e-01,1.193920895460000020e-01,1.000000000000000000e+00
1.770480499399999985e+01,-2.173180051270000135e+00,-1.209121230479999864e+00,-1.129248593890000052e+01,-5.350146293640000161e-01,-2.631621956830000331e-01,1.491942256690000079e-01,0.000000000000000000e+00
1.770971476100000075e+01,-2.313609097180000074e+00,-1.389846484810000060e+00,-1.116799212869999813e+01,-4.794666767119999951e-01,-4.637448787690000018e-01,2.255485802890000169e-01,0.000000000000000000e+00
1.771472415399999889e+01,-2.565792152529999814e+00,-9.746193047079999561e-01,-1.153132158299999865e+01,-4.023945033550000439e-01,-5.873979330059999615e-01,3.074329495429999892e-01,0.000000000000000000e+00
1.771968937999999838e+01,-2.482916008660000173e+00,-5.661863878549999729e-01,-1.243760406829999887e+01,-3.589340448380000104e-01,-6.921157240870000615e-01,3.524606227870000219e-01,0.000000000000000000e+00
1.772465301700000140e+01,-1.975145204090000162e+00,-6.375031729629999644e-01,-1.268565060829999958e+01,-3.754703104500000110e-01,-7.662267088890000188e-01,3.341543972489999792e-01,0.000000000000000000e+00
1.772983647399999896e+01,-1.649532316999999804e+00,-5.348519959799999945e-01,-1.308868429650000031e+01,-4.705044925209999618e-01,-9.241496920589999942e-01,2.813362479210000378e-01,0.000000000000000000e+00
1.773470299099999892e+01,-1.380176300800000089e+00,-6.283248641209999708e-01,-1.345926416030000006e+01,-5.863569378849999847e-01,-1.147385954860000057e+00,2.445781081910000099e-01,0.000000000000000000e+00
1.773975294899999966e+01,-1.003513463820000062e+00,-9.049559858949999258e-01,-1.418435304299999977e+01,-6.448812484739999684e-01,-1.435514330860000021e+00,2.388820201159999879e-01,0.000000000000000000e+00
1.774465209699999946e+01,-7.691131717970000059e-01,-6.154407595629999284e-01,-1.459331962839999974e+01,-6.632394194599999793e-01,-1.752735495570000079e+00,2.253856062889999790e-01,0.000000000000000000e+00
1.774975509800000140e+01,-7.591014078049999059e-01,-1.330819528159999932e-01,-1.494324015049999943e+01,-6.060473322869999180e-01,-2.084844827650000010e+00,2.012142837049999966e-01,0.000000000000000000e+00
1.775479101399999848e+01,-2.786178386120000128e-01,5.517868007010000575e-01,-1.535268955089999920e+01,-5.475101470950000104e-01,-2.453928709029999933e+00,1.507713496689999932e-01,0.000000000000000000e+00
1.775983501300000000e+01,-6.313225115670000331e-01,2.111697554700000090e+00,-1.542719504910000161e+01,-5.382063984870000262e-01,-2.810439109800000335e+00,1.243275627490000035e-01,0.000000000000000000e+00
1.776476601699999947e+01,-1.052068162829999931e-01,1.696543366760000060e+00,-1.497416369660000157e+01,-5.647466182710000338e-01,-3.152896642680000028e+00,6.528097391129999982e-02,0.000000000000000000e+00
1.776984540999999851e+01,-4.911934715170000049e-02,2.142325186539999926e+00,-1.515652283569999881e+01,-5.530014038089999806e-01,-3.444738864900000141e+00,-2.947257831690000204e-02,0.000000000000000000e+00
1.777483218300000090e+01,-2.116890593290000067e-01,3.513220302640000181e+00,-1.489657426089999959e+01,-5.746517181399999341e-01,-3.780209779740000275e+00,-1.357291936869999827e-01,0.000000000000000000e+00
1.777981415700000056e+01,-6.529580778570000243e-02,4.143936372749999819e+00,-1.443232944050000022e+01,-6.002682447430000012e-01,-4.077573776250000392e+00,-2.815682888029999997e-01,0.000000000000000000e+00
1.778484846499999961e+01,3.857335937889999622e-01,4.104363948559999642e+00,-1.402860484750000047e+01,-5.828463435170000428e-01,-4.366532325739999720e+00,-4.395164847370000016e-01,0.000000000000000000e+00
1.778976723399999926e+01,2.780209321650000120e-01,3.176532771579999803e+00,-1.398483701740000029e+01,-5.388366580010000018e-01,-4.620260238650000240e+00,-4.705385267730000098e-01,0.000000000000000000e+00
1.779471317200000158e+01,7.724886395800000249e-01,2.562642748590000075e+00,-1.337838854259999977e+01,-4.411822557450000293e-01,-4.877850532530000116e+00,-4.855457544330000208e-01,0.000000000000000000e+00
1.779976496000000097e+01,1.368844321049999868e+00,2.032929576799999971e+00,-1.340601538519999991e+01,-4.119207859040000530e-01,-5.081866741180000702e+00,-4.333603084089999724e-01,0.000000000000000000e+00
1.780469121699999846e+01,1.398206316879999855e+00,1.006637879460000162e+00,-1.349454122539999901e+01,-4.095695316790000096e-01,-5.309714317320000099e+00,-3.549618721010000533e-01,0.000000000000000000e+00
1.780985247199999932e+01,2.122046076359999756e+00,1.146051976170000229e-02,-1.257378948529999896e+01,-5.068137049669999561e-01,-5.577614784240000567e+00,-2.281410843129999810e-01,0.000000000000000000e+00
1.781464359499999972e+01,9.617872956640001192e-01,-7.950722273100000459e-01,-1.239328094240000055e+01,-6.503275632859999433e-01,-5.834734439850000065e+00,-1.038304641840000070e-01,0.000000000000000000e+00
1.781973291799999970e+01,9.612631987240000120e-01,-1.110678464970000112e+00,-1.127859302259999907e+01,-8.683035969729999692e-01,-6.158501625060000428e+00,-4.526710882780000250e-02,0.000000000000000000e+00
1.782470017300000009e+01,1.869714735119999971e-01,-8.942964985840000658e-01,-1.058658340260000053e+01,-1.138856530189999994e+00,-6.500274658200000388e+00,-4.713559523219999770e-02,0.000000000000000000e+00
1.782969728999999859e+01,-1.090798802439999937e+00,-1.523913740600000066e+00,-1.056246719850000026e+01,-1.390060663219999881e+00,-6.807651042939999897e+00,4.120922461149999910e-02,0.000000000000000000e+00
1.783458511399999935e+01,-4.089295558759999949e+00,-3.020857348959999467e+00,-1.186960661240000015e+01,-1.649456262590000000e+00,-7.171381950379999815e+00,1.692763864990000089e-01,0.000000000000000000e+00
1.783969063600000027e+01,-7.915363959470000488e+00,-5.251659129719999264e+00,-1.323917880930000024e+01,-1.924363136289999998e+00,-7.423446655269999361e+00,3.311431109910000226e-01,0.000000000000000000e+00
1.784465480200000087e+01,-1.130836622960000071e+01,-5.062708337230000133e+00,-1.522235636709999973e+01,-2.299614429470000054e+00,-7.575505733490000004e+00,3.381524682040000229e-01,0.000000000000000000e+00
1.784971649299999896e+01,-1.590311744779999970e+01,-3.236865075199999886e+00,-1.532284152519999942e+01,-2.739846944810000018e+00,-7.526283264159999931e+00,2.036912292240000144e-01,0.000000000000000000e+00
1.785484528799999993e+01,-1.824820757880000244e+01,-1.629715855900000010e+00,-1.585225235299999902e+01,-3.210881948469999969e+00,-7.145370960239999292e+00,6.211702898140000068e-02,0.000000000000000000e+00
1.785971898400000057e+01,-1.624859794170000171e+01,-1.497243175820000216e+00,-1.462596517589999934e+01,-3.624535560610000040e+00,-6.617990970610000190e+00,-2.000425383449999997e-02,0.000000000000000000e+00
1.786467911300000111e+01,-1.398955410900000018e+01,-1.975594263030000075e+00,-1.523774916650000044e+01,-3.954551696780000292e+00,-5.990207195280000008e+00,1.785241365430000060e-01,0.000000000000000000e+00
1.786986869500000097e+01,-1.303814068869999865e+01,-1.691818237939999969e+00,-1.531427711039999906e+01,-4.353997230530000095e+00,-5.551240444179999400e+00,5.252540707589999913e-01,0.000000000000000000e+00
1.787482460900000092e+01,-1.061386303919999996e+01,-1.991032070659999764e+00,-1.530919878430000125e+01,-4.813947200780000379e+00,-5.398997306819999231e+00,7.539330124860000870e-01,0.000000000000000000e+00
1.787962877300000031e+01,-1.055971994559999949e+01,-2.588902979000000215e+00,-1.628223483840000085e+01,-5.224651813510000409e+00,-5.417673110959999150e+00,7.225310802459999904e-01,0.000000000000000000e+00
1.788482332599999935e+01,-1.552461380529999957e+01,-1.467983471329999956e+00,-2.035330471230000171e+01,-5.511544227599999957e+00,-5.296553134919999906e+00,3.382174074650000084e-01,0.000000000000000000e+00
1.788983762299999825e+01,-1.766209578960000215e+01,6.010882446870000062e-02,-2.035414642390000139e+01,-5.562491893769999862e+00,-4.861378192900000172e+00,-2.919691801069999593e-01,0.000000000000000000e+00
1.789465058800000108e+01,-1.268702891089999873e+01,-1.314601274209999948e+00,-1.899182112929999988e+01,-5.480141162869998972e+00,-4.371888637539999678e+00,-6.748995184899999611e-01,0.000000000000000000e+00
1.789974528100000128e+01,-6.519860033419999645e+00,-2.775668828669999755e+00,-1.999857006790000113e+01,-5.456515789030000008e+00,-3.946986913680000431e+00,-6.748453974720000081e-01,0.000000000000000000e+00
1.790486671300000054e+01,-4.306823626449999942e+00,-4.176041237539999784e+00,-1.855071869949999908e+01,-5.611355304719999992e+00,-3.750018119809999995e+00,-4.847043156620000071e-01,0.000000000000000000e+00
1.790965644899999987e+01,-2.267356026179999873e+00,-5.035775322119999231e+00,-1.561344827309999950e+01,-5.706639766690000393e+00,-3.496088743209999627e+00,-4.729643166070000015e-01,0.000000000000000000e+00
1.791461082600000054e+01,1.361890994779999753e+00,-4.026276792530000037e+00,-1.165552313220000080e+01,-5.804013729099999352e+00,-3.279902935030000410e+00,-6.099109649660000576e-01,0.000000000000000000e+00
1.791964688799999905e+01,5.993108780180000039e+00,-2.209686950409999628e+00,-9.112021137430000195e+00,-5.781765937810000366e+00,-2.724866151810000137e+00,-8.896209001540000827e-01,0.000000000000000000e+00
1.792465781299999961e+01,8.355390284460000316e+00,6.661861735469999379e-01,-9.922972194139999758e+00,-5.434165000920000210e+00,-1.987939357759999970e+00,-1.175188779830000030e+00,0.000000000000000000e+00
1.792961217999999946e+01,-1.041725676350000107e+01,9.640649874980001144e+00,-1.866734367599999800e+01,-4.891330718989999937e+00,-2.505662679669999893e+00,-1.785748958590000379e+00,0.000000000000000000e+00
1.793463659200000038e+01,-1.523364114670000014e+01,5.782892496809999727e+00,-2.424417934719999934e+01,-4.230847358700000171e+00,-2.300828695299999893e+00,-1.709061861040000130e+00,0.000000000000000000e+00
1.793967981400000156e+01,-1.319302379189999996e+01,2.039201496670000058e+00,-2.836727050030000186e+01,-3.308668851849999815e+00,-2.046107053759999683e+00,-1.452124118800000030e+00,0.000000000000000000e+00
1.794464973799999896e+01,-7.789307137779999834e+00,2.938784995750000073e-01,-2.594364400829999795e+01,-2.285746097559999690e+00,-1.016892075539999940e+00,-9.531394839290000531e-01,0.000000000000000000e+00
1.794986591300000001e+01,-5.841728132140000085e+00,-1.296294194760000185e+00,-2.351890458649999971e+01,-1.606261610979999865e+00,2.962776124479999940e-01,-3.635812699790000324e-01,0.000000000000000000e+00
1.795481273200000061e+01,-5.614893160800000782e-01,-2.045512579520000429e+00,-2.187288626900000210e+01,-1.312254548070000082e+00,1.028588175770000168e+00,4.992281273009999826e-02,0.000000000000000000e+00
1.795965037799999919e+01,1.770463612370000162e+00,-6.144983349210000334e+00,-2.083101341000000062e+01,-1.282600164410000021e+00,1.418729662899999910e+00,4.743867516520000049e-01,0.000000000000000000e+00
1.796457579100000146e+01,3.036509383859999911e+00,-9.512911968339999191e+00,-1.977008279929999901e+01,-1.209735751149999983e+00,1.346669077869999898e+00,9.657393097879999333e-01,0.000000000000000000e+00
1.796966072000000025e+01,3.563443592450000086e+00,-1.021930258039999906e+01,-1.899680827010000073e+01,-1.198004245759999975e+00,1.102457880970000081e+00,1.275408744809999995e+00,0.000000000000000000e+00
1.797477179499999878e+01,3.209181241720000077e+00,-9.306814226210001095e+00,-1.890444913529999837e+01,-1.296591997149999953e+00,1.117335915570000004e+00,1.520074129099999949e+00,0.000000000000000000e+00
1.797976459099999857e+01,3.629635143500000272e+00,-1.027941948770000025e+01,-1.761786384919999904e+01,-1.631864309310000039e+00,9.654454588890000188e-01,1.557169198989999837e+00,0.000000000000000000e+00
1.798476788600000020e+01,2.436612376509999844e+00,-1.197975041019999942e+01,-1.700576772390000002e+01,-1.970639705659999796e+00,1.233585834499999923e+00,1.686285734179999718e+00,0.000000000000000000e+00
1.798984189900000175e+01,1.066071334549999916e+00,-1.349753631549999966e+01,-1.601584015619999946e+01,-2.148654699330000195e+00,1.670658826829999999e+00,1.879992365840000179e+00,0.000000000000000000e+00
1.799464908699999910e+01,-2.606073126849999810e-01,-1.356025434529999885e+01,-1.539561450039999890e+01,-2.264666080470000065e+00,2.189159154890000014e+00,2.122237920759999952e+00,0.000000000000000000e+00
1.799981125600000098e+01,1.349548888150000070e-01,-1.294152623459999951e+01,-1.462973066589999860e+01,-2.344418764109999831e+00,2.562619209290000200e+00,2.237009763720000155e+00,0.000000000000000000e+00
1.800479696100000027e+01,1.141879220529999905e-01,-1.292623864910000009e+01,-1.409670866190000105e+01,-2.388689517970000065e+00,2.897583007809999778e+00,2.201730012890000143e+00,0.000000000000000000e+00
1.800965544600000001e+01,1.490206409050000014e-01,-1.267432958839999912e+01,-1.334956576819999974e+01,-2.350836038590000232e+00,3.210654735569999918e+00,2.094335317609999692e+00,0.000000000000000000e+00
1.801456845599999923e+01,9.202288852859999424e-02,-1.299324005519999936e+01,-1.273599781680000120e+01,-2.219822645190000276e+00,3.492718219759999965e+00,1.950839996340000049e+00,0.000000000000000000e+00
1.801973175599999877e+01,-3.374850746549999947e-01,-1.351564480369999899e+01,-1.184496433859999875e+01,-2.018353700640000081e+00,3.786666393279999987e+00,1.811087489129999950e+00,0.000000000000000000e+00
1.802480779200000072e+01,-6.812940185690000705e-01,-1.433145382180000027e+01,-1.115653082349999892e+01,-1.842678546909999771e+00,4.148680210110000210e+00,1.667918801310000143e+00,0.000000000000000000e+00
1.802961582800000073e+01,-4.018321303480000273e-01,-1.510904913690000129e+01,-1.038043656069999976e+01,-1.654924511910000229e+00,4.460953712460000276e+00,1.459223747250000036e+00,0.000000000000000000e+00
1.803477531100000064e+01,-2.923063914199999780e-01,-1.593763931059999983e+01,-1.009688382289999886e+01,-1.577953457829999850e+00,4.747849464419999777e+00,1.147455811499999978e+00,0.000000000000000000e+00
1.803974493899999842e+01,-4.077539216130000588e-01,-1.638985233249999851e+01,-9.803117734219998880e+00,-1.499808192249999950e+00,4.966067790990000397e+00,7.869338393210000282e-01,0.000000000000000000e+00
1.804485376999999957e+01,-1.427843914769999945e+00,-1.629241019539999868e+01,-9.044362728699999465e+00,-1.444834589959999915e+00,5.146797657009999583e+00,3.780976831910000113e-01,0.000000000000000000e+00
1.804964362200000139e+01,-2.334391334580000255e+00,-1.572976462200000114e+01,-8.333643732069999643e+00,-1.292631268499999875e+00,5.273453712460000276e+00,-4.194249957800000317e-02,0.000000000000000000e+00
1.805482225000000085e+01,-3.420306456629999659e+00,-1.495652048789999888e+01,-8.072235606130000463e+00,-1.089722394940000116e+00,5.485335350040000613e+00,-4.292409121989999576e-01,0.000000000000000000e+00
1.805972740700000045e+01,-4.424501619099999949e+00,-1.408456346599999875e+01,-8.088227540510001035e+00,-7.848233580589999425e-01,5.724584102629999727e+00,-8.201019763950000430e-01,0.000000000000000000e+00
1.806462730499999836e+01,-4.836014381790000094e+00,-1.345950849039999930e+01,-8.103446736960000507e+00,-4.672248661519999846e-01,5.981122970580001308e+00,-1.244489073750000063e+00,0.000000000000000000e+00
1.806983284700000070e+01,-4.836522915839999825e+00,-1.283223350069999924e+01,-7.783204729249999509e+00,-1.078916937109999918e-01,6.190394878390000244e+00,-1.644230365749999923e+00,0.000000000000000000e+00
1.807477677600000021e+01,-4.699431489920000260e+00,-1.235441842010000002e+01,-7.205743863989999554e+00,1.827000379560000110e-01,6.392367839809999452e+00,-2.000819921490000208e+00,0.000000000000000000e+00
1.807964941999999908e+01,-4.356488990109999904e+00,-1.259754094770000066e+01,-6.829650205210000102e+00,4.534175395970000411e-01,6.526974201199999825e+00,-2.315894842150000077e+00,0.000000000000000000e+00
1.808481000000000094e+01,-4.230020080490000112e+00,-1.299952951069999862e+01,-6.862353035890000008e+00,7.311483025550000736e-01,6.558770179750000651e+00,-2.556623220440000122e+00,0.000000000000000000e+00
1.808985262099999858e+01,-4.481052358369999489e+00,-1.313717740150000068e+01,-6.907951588510000462e+00,9.918098449709999986e-01,6.501014232640000223e+00,-2.762474060059999736e+00,0.000000000000000000e+00
1.809463807499999888e+01,-5.104798004940000133e+00,-1.299581662770000001e+01,-7.028294708719999839e+00,1.232908248900000059e+00,6.416794300080000291e+00,-2.934739112850000442e+00,0.000000000000000000e+00
1.809977024899999876e+01,-5.711849706340000665e+00,-1.287212828869999903e+01,-7.121590247539999474e+00,1.437899470329999874e+00,6.333031654360000040e+00,-3.074826717379999685e+00,0.000000000000000000e+00
1.810473668099999855e+01,-6.312240780809999841e+00,-1.293136607509999969e+01,-7.502873291660000277e+00,1.657759428020000092e+00,6.285941600800000195e+00,-3.234282016749999933e+00,0.000000000000000000e+00
1.810964879499999824e+01,-6.662159549369999212e+00,-1.297749069740000039e+01,-7.908675860010000669e+00,1.833532094960000025e+00,6.260017871859999694e+00,-3.405212879180000041e+00,0.000000000000000000e+00
1.811466522799999979e+01,-6.809876414199999672e+00,-1.296798286439999970e+01,-8.406206279460000985e+00,2.017480134960000004e+00,6.241693496699999955e+00,-3.594125509259999962e+00,0.000000000000000000e+00
1.811975713200000015e+01,-6.779558432830000037e+00,-1.314781102369999921e+01,-8.861737632100000539e+00,2.178822994229999921e+00,6.217986583709999238e+00,-3.809483051299999978e+00,0.000000000000000000e+00
1.812470774599999856e+01,-7.010736840199999875e+00,-1.335155548070000009e+01,-9.533263266969999705e+00,2.314754247670000264e+00,6.143037796019999774e+00,-4.002177715299999328e+00,0.000000000000000000e+00
1.812964068999999867e+01,-7.047721293730000447e+00,-1.332663497450000101e+01,-1.043174823020000019e+01,2.442830085749999824e+00,6.077695846560000170e+00,-4.250071048739999746e+00,0.000000000000000000e+00
1.813465785100000005e+01,-7.413409878350000426e+00,-1.291120006989999958e+01,-1.150959373529999930e+01,2.564079523090000201e+00,6.003667831419999601e+00,-4.490575313569999949e+00,0.000000000000000000e+00
1.813964269399999907e+01,-8.583201845739999669e+00,-1.261057461680000102e+01,-1.259210723220000006e+01,2.669521331790000396e+00,5.936096191409999889e+00,-4.737781524659999910e+00,0.000000000000000000e+00
1.814463430700000046e+01,-1.054817213119999941e+01,-1.247391690609999948e+01,-1.330704647690000009e+01,2.861292123790000197e+00,5.918154239650000648e+00,-4.998166561130000574e+00,0.000000000000000000e+00
1.814977395900000090e+01,-1.279510700829999870e+01,-1.228010113799999914e+01,-1.395041919950000064e+01,3.046579599379999781e+00,5.978171825410000473e+00,-5.214333057400000193e+00,0.000000000000000000e+00
1.815479526700000079e+01,-1.465483821920000018e+01,-1.277195175820000017e+01,-1.411926536160000012e+01,3.206080913540000132e+00,6.074837207790000804e+00,-5.427575111390000373e+00,0.000000000000000000e+00
1.815980056900000150e+01,-1.612262879829999918e+01,-1.370725809339999834e+01,-1.422900700829999998e+01,3.282922506330000267e+00,6.184638023380000682e+00,-5.628096103669999906e+00,0.000000000000000000e+00
1.816464747099999855e+01,-1.764625407730000006e+01,-1.527291283440000136e+01,-1.449236334569999940e+01,3.254174709319999970e+00,6.300724983220000297e+00,-5.819957733150000756e+00,0.000000000000000000e+00
1.816974202600000154e+01,-1.920302408559999918e+01,-1.657477167749999936e+01,-1.467803789299999906e+01,3.097340106959999950e+00,6.356994628909999889e+00,-6.029150485989999808e+00,0.000000000000000000e+00
1.817475319700000114e+01,-2.084521261569999950e+01,-1.632597694949999934e+01,-1.437524620180000134e+01,2.809164762500000023e+00,6.293726444239999829e+00,-6.242053985599999244e+00,0.000000000000000000e+00
1.817980613199999951e+01,-2.179303356460000174e+01,-1.100216209959999958e+01,-1.399302850720000002e+01,2.485154867169999893e+00,6.186616420750000067e+00,-6.485814571379999727e+00,0.000000000000000000e+00
1.818467857499999951e+01,-2.213885308110000238e+01,-9.764674314060000526e+00,-1.444287772250000046e+01,2.266051530839999995e+00,5.993747711180000159e+00,-6.830066680909999910e+00,0.000000000000000000e+00
1.818974639600000032e+01,-2.512414665699999716e+01,-8.558486506679999550e+00,-1.488323664049999984e+01,2.183819055559999889e+00,5.740250587459999387e+00,-7.055963993069998885e+00,0.000000000000000000e+00
1.819464644700000022e+01,-2.841269486539999889e+01,-6.801455207340000086e+00,-1.496380830680000074e+01,2.176566839220000382e+00,5.433177947999999091e+00,-7.103395938869999426e+00,0.000000000000000000e+00
1.819971979900000036e+01,-3.130571113959999963e+01,-4.623143784529999856e+00,-1.476244168480000063e+01,2.223320960999999762e+00,5.088909626010000409e+00,-7.033818721769999449e+00,0.000000000000000000e+00
1.820464152599999963e+01,-3.420809145449999988e+01,-2.306409833330000048e+00,-1.386035489770000062e+01,2.312444448469999969e+00,4.755294799800000582e+00,-6.890895366669999689e+00,0.000000000000000000e+00
1.820964761700000167e+01,-3.735018185829999737e+01,-9.491024400049998810e-01,-1.269497840859999904e+01,2.461947202680000224e+00,4.414674282070000011e+00,-6.639071941380000119e+00,0.000000000000000000e+00
1.821474796000000040e+01,-4.122478106559999844e+01,-1.211383841650000015e+00,-1.116025656599999927e+01,2.599220275880000042e+00,4.158864021300000324e+00,-6.199016571039999590e+00,0.000000000000000000e+00
1.821978262900000090e+01,-4.428304167800000357e+01,-2.370149461180000028e+00,-9.060472736499999513e+00,2.605011939999999804e+00,3.997947931290000145e+00,-5.521536827090000266e+00,0.000000000000000000e+00
1.822471775100000002e+01,-4.579092110640000612e+01,-3.345307037479999579e+00,-6.179591136730000045e+00,2.423213005070000037e+00,3.814058303829999996e+00,-4.672939777369999881e+00,0.000000000000000000e+00
1.822966973300000149e+01,-4.639474624700000049e+01,-3.649218672629999993e+00,-3.110981856520000033e+00,2.042014837269999994e+00,3.547785520550000182e+00,-3.770183563230000257e+00,0.000000000000000000e+00
1.823464424999999878e+01,-4.629622391350000044e+01,-3.869826878409999615e+00,-7.633768201019999755e-02,1.483307242390000003e+00,3.268995285030000364e+00,-2.873715639110000275e+00,0.000000000000000000e+00
1.823979527799999900e+01,-4.591864147739999424e+01,-4.205297727159999610e+00,2.641517547859999926e+00,8.774982690809999264e-01,2.929335594179999891e+00,-1.906253337859999730e+00,0.000000000000000000e+00
1.824462889999999859e+01,-4.517319837339999822e+01,-3.243569249020000100e+00,4.535820305859999735e+00,3.778203427790000068e-01,2.558763742450000045e+00,-9.690200090410000522e-01,0.000000000000000000e+00
1.824965385699999842e+01,-4.393695795760000067e+01,-1.715917490929999900e+00,6.274715644539999637e+00,1.975646242499999941e-02,2.178409576419999993e+00,-1.144464686509999996e-01,0.000000000000000000e+00
1.825471592099999896e+01,-4.237870209469999594e+01,-7.487257058720000469e-01,7.447801977300000154e+00,-1.127663552759999993e-01,1.841847538950000196e+00,6.864657402039999745e-01,0.000000000000000000e+00
1.825962765099999885e+01,-4.021875810320000255e+01,-3.849694044830000161e-02,7.992346076860001425e+00,-3.089379705490000183e-02,1.534428000449999940e+00,1.373323082920000049e+00,0.000000000000000000e+00
1.826458655800000130e+01,-3.769232590120000026e+01,9.132142572830001526e-02,7.929356244460000980e+00,1.960655599830000151e-01,1.234066605570000030e+00,1.861047267909999858e+00,0.000000000000000000e+00
1.826958464599999843e+01,-3.495415415170000273e+01,-4.459232558080000047e-02,7.740313097510000517e+00,4.492066800590000519e-01,9.075893759729999344e-01,2.121448040009999758e+00,0.000000000000000000e+00
1.827478362800000156e+01,-3.203887694590000024e+01,-5.875764549520000601e-01,7.551162983049999333e+00,6.000392436979999911e-01,5.321312546729999315e-01,2.096774816509999972e+00,0.000000000000000000e+00
1.827964601500000086e+01,-2.815997098119999720e+01,-6.199442084630000238e-01,6.827361217490000911e+00,6.575724482540000748e-01,5.911450088019999660e-02,1.941076636309999826e+00,0.000000000000000000e+00
1.828472207800000149e+01,-2.321547693550000346e+01,-7.671828613219999760e-01,6.485950749550000616e+00,5.698642134670000026e-01,-4.163552522660000088e-01,1.508165955539999992e+00,0.000000000000000000e+00
1.828972371700000110e+01,-1.810777502579999876e+01,7.353592976899999689e-01,5.752835212199999937e+00,4.465562701229999765e-01,-9.377509951589999559e-01,9.136697053910000088e-01,0.000000000000000000e+00
1.829464696100000154e+01,-1.322807990769999975e+01,-1.095038281249999912e+01,6.766267574100000015e-01,-1.493387460710000170e+00,-3.442622125150000545e-01,-4.073046445849999864e-01,0.000000000000000000e+00
1.829961224999999914e+01,-2.844901939369999866e+01,-4.829381519650000065e+00,5.784421021550000042e+00,-3.455570936199999998e+00,-2.468534231190000039e+00,-1.810853242869999935e+00,0.000000000000000000e+00
1.830477386400000128e+01,-4.163496228749999695e+00,-3.955067413319999670e+00,-6.846686095680000861e+00,-6.166375637050000691e+00,-3.772959232330000301e+00,-2.433952093120000271e+00,0.000000000000000000e+00
1.830983110100000033e+01,2.593886729539999791e+01,5.793477603709999535e+00,-1.205051730630000151e+01,-7.482229709630000336e+00,-4.478951454159999734e+00,-3.173399448389999655e+00,0.000000000000000000e+00
1.831465572300000133e+01,1.983753428729999868e+01,2.247635134400000112e+01,-1.757414278090000082e+01,-7.567368507389999444e+00,-5.543517112730000029e+00,-4.183115005490000371e+00,0.000000000000000000e+00
1.831972913199999908e+01,1.162578382749999939e+01,3.105455377409999684e+01,-3.125525754820000301e+01,-6.935144424439998900e+00,-6.723035812380000031e+00,-4.036673068999999892e+00,0.000000000000000000e+00
1.832469498300000055e+01,-2.251932773150000244e+01,3.233757230770000035e+01,-4.011116866609999931e+01,-6.609849929809999303e+00,-8.937281608580001091e+00,-2.898954629899999969e+00,0.000000000000000000e+00
1.832959424899999945e+01,-5.062921921529999736e+01,5.298722727999999904e+01,-3.566545416310000149e+01,-5.090677738190000134e+00,-9.072279930109999668e+00,-2.389355301859999725e-01,0.000000000000000000e+00
1.833470749399999988e+01,-5.578470228229999606e+01,5.391694441689999451e+01,-3.468036176049999852e+01,-3.507408857350000186e+00,-8.583502769469999905e+00,1.301461219789999957e+00,0.000000000000000000e+00
1.833979739500000150e+01,-4.555438146430000046e+01,2.412382395199999863e+01,-8.507578157219999326e+00,2.574028670790000084e-01,-4.953972816469999430e+00,1.643184900279999860e+00,0.000000000000000000e+00
1.834462887000000109e+01,-1.296341891740000030e+01,-9.645185180319998608e+00,-3.898955065480000481e+00,3.043378353120000490e+00,-1.077275753020000115e+00,2.123704910279999858e+00,0.000000000000000000e+00
1.834975276300000147e+01,2.781412925280000170e+00,-3.511351819969999610e+01,-5.559336254880000716e+00,4.028895854950000022e+00,3.635958433149999891e+00,3.487128973009999910e+00,0.000000000000000000e+00
1.835477357199999915e+01,8.630962544830000027e+00,-3.985052334120000239e+01,-1.626574430680000205e+01,2.637181758879999727e+00,5.700252532960000451e+00,4.641649246220000080e+00,0.000000000000000000e+00
1.835971706100000134e+01,6.613235651730000164e+00,-1.554159767330000008e+01,-1.530791634319999872e+01,8.507832139730001075e-02,4.191779136660000127e+00,4.662950038910000039e+00,0.000000000000000000e+00
1.836463538099999937e+01,-9.706896078830000718e+00,8.448007777879999125e+00,-7.770459229450000116e+00,-2.121835947040000114e+00,1.047203302379999812e+00,3.808387756349999709e+00,0.000000000000000000e+00
1.836984216000000103e+01,-9.915035555919999410e+00,2.191889515590000315e+01,-2.254802541820000172e+01,-4.244750499730000293e+00,-2.479233980180000074e+00,1.605151176450000161e+00,0.000000000000000000e+00
1.837482221100000146e+01,-6.416372770939999803e+00,1.657147731219999898e+01,-6.416627622480000070e+00,-5.342782497409999998e+00,-4.629850387569999448e+00,-1.985619515179999905e-01,0.000000000000000000e+00
1.837969169400000169e+01,1.708417344429999929e+00,-6.789267925939999948e+00,-3.313843977729999946e+00,-3.635854005809999734e+00,-3.425669908520000195e+00,-1.283259034160000089e+00,0.000000000000000000e+00
1.838479310700000013e+01,-9.854057063339999090e+00,-1.038980177040000008e+01,-1.273756901160000155e+01,-1.236283779139999872e+00,-1.323437213899999909e+00,-9.128551483149999202e-01,0.000000000000000000e+00
1.838969231400000126e+01,-6.532010489939999331e+00,5.060885797970000155e+00,-1.032379522049999920e+01,8.407444953919999131e-01,-3.964779376979999936e-01,1.040249243380000077e-01,0.000000000000000000e+00
1.839463454499999884e+01,-3.991418245119999764e+00,6.215989314799999832e+00,-8.694841435019998954e+00,1.550183057789999763e+00,7.646018862720000975e-01,6.409986019129999546e-01,0.000000000000000000e+00
1.839965306399999889e+01,-1.559204103560000165e+00,-1.733181198809999879e+00,-1.116059792680000129e+01,7.958458065989999497e-01,1.000453114509999963e+00,7.913682460780000483e-01,0.000000000000000000e+00
1.840462754900000064e+01,-1.934560497580000149e-01,-4.716835336920000010e+00,-1.098175176420000021e+01,-5.538820624350000443e-01,4.248649179940000020e-01,8.639304041859999783e-01,0.000000000000000000e+00
1.840962551100000155e+01,-8.265921318199999368e-02,-3.286551481650000106e+00,-7.558245634789999556e+00,-1.323384284970000158e+00,8.986748009919999503e-02,7.883117198939999515e-01,0.000000000000000000e+00
1.841464175699999828e+01,-2.427238252840000055e+00,-1.689336357990000037e+00,-9.046578066660000417e+00,-1.395884037020000301e+00,2.726700529459999758e-02,6.140031218529999890e-01,0.000000000000000000e+00
1.841970212100000026e+01,-4.001415030739999601e+00,2.198642409310000101e+00,-1.071913426250000079e+01,-1.041941761970000213e+00,-3.522089421750000393e-01,4.213359355929999772e-01,0.000000000000000000e+00
1.842470260300000007e+01,-5.373475245099999853e+00,5.147586176309999928e+00,-9.552988542659999638e+00,-7.062348723410000195e-01,-4.263666868209999850e-01,2.960222959519999697e-01,0.000000000000000000e+00
1.842961191399999876e+01,-4.390433929810000357e+00,2.957761718099999992e+00,-1.065317564340000089e+01,-3.653283715250000285e-01,-3.677552342409999842e-01,1.774855554099999677e-01,1.000000000000000000e+00
1.843468489800000043e+01,-4.270386285409999871e+00,2.360137003069999739e-01,-9.595029110539998740e+00,-6.019030883909999574e-02,-1.173807904120000023e-01,1.518669426439999970e-01,1.000000000000000000e+00
1.843964518399999974e+01,-3.323913828579999841e+00,-3.550103195489999752e-01,-1.033339657710000026e+01,3.177812322970000047e-02,1.853837817909999852e-01,2.377245128150000109e-01,1.000000000000000000e+00
1.844469389700000050e+01,-1.912337596390000227e+00,-3.465290758930000131e-02,-1.091982985329999956e+01,-2.336589694020000108e-01,2.051242887970000095e-01,1.793793141840000216e-01,1.000000000000000000e+00
1.844958882799999955e+01,-2.416906682309999610e+00,-8.897585628940000158e-01,-1.037536174159999902e+01,-5.117877125740000199e-01,9.213670343159999221e-02,1.858022511010000155e-01,1.000000000000000000e+00
1.845477610200000029e+01,-2.772395213830000316e+00,-5.816172908190000435e-01,-1.052176460119999923e+01,-5.172958374020000250e-01,-9.138659387830000425e-02,1.834906637669999896e-01,1.000000000000000000e+00
1.845975003999999942e+01,-2.875723486359999637e+00,-4.798592267499999786e-01,-1.104065637309999914e+01,-3.782124221320000146e-01,-2.790366411210000175e-01,1.790790110830000059e-01,1.000000000000000000e+00
1.846466417699999951e+01,-3.085158556210000125e+00,-2.361967469900000116e-01,-1.092079080729999951e+01,-2.486018389459999922e-01,-4.190511107439999772e-01,1.162472367290000030e-01,1.000000000000000000e+00
1.846982420399999825e+01,-3.297622910759999915e+00,-3.020864290149999909e-01,-1.087363391930000134e+01,-1.608113497499999989e-01,-4.187648594380000144e-01,1.171602979299999903e-01,1.000000000000000000e+00
1.847481191199999984e+01,-2.297210481700000084e+00,9.009156427290000713e-02,-1.160322362069999969e+01,-1.870558112860000177e-01,-4.088282585140000092e-01,1.122654452920000129e-01,1.000000000000000000e+00
1.847972101599999917e+01,-1.977568924100000070e+00,-3.186612778499999798e-01,-1.196888765539999966e+01,-2.356322556730000017e-01,-4.830030500890000189e-01,1.112335994839999953e-01,0.000000000000000000e+00
1.848480376199999853e+01,-1.967927966190000211e+00,-1.090303274000000044e+00,-1.209288929809999935e+01,-3.041910231109999918e-01,-6.049186587329999920e-01,7.716578245160000959e-02,0.000000000000000000e+00
1.848982463999999837e+01,-2.250338694279999885e+00,-1.180406738779999909e+00,-1.215243337390000100e+01,-3.578475117680000039e-01,-7.695841789249999731e-01,7.315325737000000217e-02,0.000000000000000000e+00
1.849463348300000121e+01,-1.843080958680000103e+00,-1.125838113239999938e+00,-1.241954818710000019e+01,-3.305039405819999998e-01,-9.519897103309999942e-01,6.280621886249999897e-02,0.000000000000000000e+00
1.849964171699999937e+01,-1.014608712200000040e+00,-5.237808225960000064e-01,-1.399533503049999972e+01,-2.422203272579999955e-01,-1.134259819980000028e+00,3.282424807550000240e-02,0.000000000000000000e+00
1.850476333800000006e+01,-5.952112606789999871e-01,8.147058791930000821e-01,-1.543424087589999871e+01,-1.665776818989999908e-01,-1.415976881979999824e+00,2.078754128890000167e-03,0.000000000000000000e+00
1.850969815099999849e+01,-3.532355284290000230e-01,4.475538709510000213e-01,-1.725156268559999972e+01,-2.278748303650000029e-01,-1.708902478219999965e+00,-7.235468178989999666e-02,0.000000000000000000e+00
1.851471789700000059e+01,-2.106539806610000232e-01,6.925996948289999677e-01,-1.686501952900000134e+01,-3.297644853589999925e-01,-2.153822898859999668e+00,-7.375007122760000866e-02,0.000000000000000000e+00
1.851979702399999894e+01,2.672711727540000304e-01,1.052682203080000045e+00,-1.647850676750000076e+01,-4.637301266189999827e-01,-2.625247001650000023e+00,-1.209094598889999955e-01,0.000000000000000000e+00
1.852464162900000133e+01,8.976550882969999146e-01,1.224685221769999943e+00,-1.662280885550000065e+01,-5.196366310119999721e-01,-3.140686273570000075e+00,-2.447989881040000260e-01,0.000000000000000000e+00
1.852960571999999928e+01,7.792918898540001083e-01,1.083745742120000077e+00,-1.683704548040000049e+01,-4.330011606220000031e-01,-3.615711927410000026e+00,-3.043101429939999991e-01,0.000000000000000000e+00
1.853472094299999995e+01,4.401915985549999522e-01,2.607689220270000163e+00,-1.669252711929999933e+01,-2.679466307160000005e-01,-4.095291137699999418e+00,-3.692450821400000138e-01,0.000000000000000000e+00
1.853977583600000045e+01,8.917004907420000848e-01,1.377112529309999944e+00,-1.604693905879999960e+01,-1.545171290640000028e-01,-4.527891159059999282e+00,-4.334172904490000144e-01,0.000000000000000000e+00
1.854472830199999933e+01,7.280537239169999619e-01,3.800762621469999658e-01,-1.561155792929999997e+01,-1.089317444709999964e-02,-4.864323616030000075e+00,-5.040228366850000308e-01,0.000000000000000000e+00
1.854955747099999996e+01,6.526457970379999640e-01,-1.219473633729999812e-02,-1.598072208099999969e+01,-1.097274422650000025e-01,-5.137467384339999832e+00,-5.029911398890000163e-01,0.000000000000000000e+00
1.855466160699999989e+01,1.533285672319999904e+00,5.308743336540000524e-02,-1.553522638469999961e+01,-2.528268992900000178e-01,-5.429235458369999989e+00,-5.318394899370000317e-01,0.000000000000000000e+00
1.855966624799999920e+01,2.457558572299999966e+00,4.102151240940000165e-01,-1.501712956259999920e+01,-4.350653290750000068e-01,-5.694141387940000243e+00,-5.831454992289999417e-01,0.000000000000000000e+00
1.856470396399999956e+01,3.183746648480000108e+00,3.217498184500000025e-01,-1.429741477410000172e+01,-5.605130195620000588e-01,-5.924340724950000414e+00,-5.447697043420000051e-01,0.000000000000000000e+00
1.856976854699999890e+01,3.383563995159999838e+00,8.613674396629999661e-03,-1.353251176730000083e+01,-6.174772977829999787e-01,-6.178421020510000083e+00,-4.508655369280000214e-01,0.000000000000000000e+00
1.857473906299999911e+01,3.616697335990000539e+00,-8.471507165279998919e-01,-1.257838265829999891e+01,-6.501979231829999595e-01,-6.389832973480000788e+00,-2.245050817729999926e-01,0.000000000000000000e+00
1.857963109199999963e+01,2.939268906809999748e+00,-2.772086001749999973e+00,-1.397240540580000001e+01,-6.317146420479999858e-01,-6.839394092560000082e+00,6.816925853490000964e-02,0.000000000000000000e+00
1.858473185800000138e+01,3.418837553120000372e+00,-2.919996051060000042e+00,-1.368582835189999969e+01,-7.014312744140001055e-01,-7.306354522710000410e+00,3.973454236980000220e-01,0.000000000000000000e+00
1.858975688599999998e+01,3.724897890730000327e+00,-3.273157454810000200e+00,-1.249919397069999860e+01,-8.913866877560000512e-01,-7.721175670619999210e+00,7.048353552820000312e-01,0.000000000000000000e+00
1.859461437499999903e+01,4.329017630340000089e+00,-2.404489099280000097e+00,-1.134352872839999904e+01,-1.230429291729999930e+00,-8.210596084589999677e+00,9.495405554770000034e-01,0.000000000000000000e+00
1.859963187700000020e+01,-2.351676231379999926e-01,-1.120652308099999939e+00,-1.259406538060000003e+01,-1.638733863829999970e+00,-8.754781723019998907e+00,9.739324450489998952e-01,0.000000000000000000e+00
1.860457404900000000e+01,-7.674494763689999388e+00,-3.336696080199999526e-01,-1.566128671359999913e+01,-1.878809690479999794e+00,-9.087688446039999590e+00,7.764434814449999722e-01,0.000000000000000000e+00
1.860962610099999992e+01,-1.203382219210000059e+01,1.469817408760000221e+00,-1.622052452440000181e+01,-1.928720474240000149e+00,-9.112886428830000440e+00,3.847011029719999975e-01,0.000000000000000000e+00
1.861463014199999932e+01,-1.563536901300000004e+01,4.863418813810000074e+00,-1.624135571549999923e+01,-1.753929615020000110e+00,-9.097590446469999037e+00,-7.776200026269999843e-02,0.000000000000000000e+00
1.861963868999999860e+01,-1.767605884849999853e+01,5.285860090009999901e+00,-1.689135340920000061e+01,-1.388921618460000174e+00,-9.058212280270000250e+00,-3.467445373539999598e-01,0.000000000000000000e+00
1.862479565399999970e+01,-1.510412980069999911e+01,4.616436688110000297e+00,-1.747852552109999991e+01,-1.096498489379999830e+00,-8.886163711549999178e+00,-5.134347677230000073e-01,0.000000000000000000e+00
1.862960075000000160e+01,-1.621944900409999946e+01,3.202531428450000384e+00,-1.891750034009999837e+01,-7.548412680630000038e-01,-8.273891448969999729e+00,-1.463154554370000027e-01,0.000000000000000000e+00
1.863450625400000149e+01,-1.547523573419999998e+01,4.671727727900000515e-02,-1.929158733519999913e+01,-8.229313492769999572e-01,-7.983940124510001013e+00,2.286604642869999870e-01,0.000000000000000000e+00
1.863962115600000047e+01,-1.487094765219999992e+01,-3.245124954030000008e+00,-2.017435216680000210e+01,-1.059201836590000001e+00,-7.884038925169999601e+00,6.494811773299999924e-01,0.000000000000000000e+00
1.864461479499999896e+01,-1.722858162300000018e+01,-3.739739193769999748e+00,-2.003658503349999975e+01,-1.474708080289999890e+00,-7.828908920289999074e+00,7.324103116989999496e-01,0.000000000000000000e+00
1.864962105500000078e+01,-2.336441311300000123e+01,-1.261495706970000130e+00,-2.796348277889999778e+01,-1.944990277290000069e+00,-7.432265758510000708e+00,3.352360129360000274e-01,0.000000000000000000e+00
1.865469644899999935e+01,-2.438583004390000042e+01,-3.621252222819999478e+00,-2.462984688999999960e+01,-2.275206804280000217e+00,-6.825813770290000804e+00,-6.156468018889999644e-02,0.000000000000000000e+00
1.865946748900000074e+01,-1.728124236909999922e+01,-5.596798262790000145e+00,-2.468114453110000284e+01,-2.443971633909999941e+00,-5.810313701630000160e+00,-1.731187552210000091e-01,0.000000000000000000e+00
1.866460250900000162e+01,-1.043762033710000026e+01,-6.433586356059999289e+00,-2.644893746289999825e+01,-2.589247465129999703e+00,-4.856215953830000487e+00,-1.636678120119999802e-03,0.000000000000000000e+00
1.866977436499999854e+01,-3.356305401359999774e+00,-6.322191096940000143e+00,-2.448592123419999922e+01,-2.871910333629999812e+00,-4.094366073609999823e+00,1.853501200680000016e-01,0.000000000000000000e+00
1.867477324200000055e+01,5.325540943010000028e+00,-4.113875873269999595e+00,-1.862634297259999983e+01,-2.980566501619999809e+00,-3.391313076019999873e+00,1.604014635090000029e-01,0.000000000000000000e+00
1.867954454999999925e+01,1.528234117250000068e+01,-4.194855243610000173e+00,-1.238848318670000026e+01,-3.008810520170000391e+00,-2.740321159360000092e+00,2.325680851939999905e-02,0.000000000000000000e+00
1.868479045200000144e+01,1.554609849190000048e+01,-6.881525353879999862e+00,-6.376937417130000618e+00,-2.749518632890000536e+00,-2.133640289310000160e+00,-2.266001515090000293e-02,0.000000000000000000e+00
1.868974199999999897e+01,-1.301137309329999958e+01,6.030094987270000040e+00,-2.430884383480000110e+01,-2.306570053100000184e+00,-3.820740222930000485e+00,-7.704395055769999168e-01,0.000000000000000000e+00
1.869466397800000124e+01,-1.731916030410000218e+01,-1.084770774320000131e+00,-2.984786912310000062e+01,-1.924252867700000147e+00,-3.247064590449999955e+00,-6.683534979819999444e-01,0.000000000000000000e+00
1.869964361099999905e+01,-9.906652342979999304e+00,-2.954972671899999792e+00,-3.226385240689999989e+01,-1.307819008829999907e+00,-2.840007066729999696e+00,-6.936249732969999027e-01,0.000000000000000000e+00
1.870462697900000038e+01,1.299203944720000115e+00,-1.200197773179999983e+00,-2.620864519030000039e+01,-6.286658644679999908e-01,-1.889110684390000072e+00,-9.089596271510000935e-01,0.000000000000000000e+00
1.870966556999999852e+01,-4.035199519180000749e+00,-1.631149103569999870e+00,-2.451221069070000169e+01,-2.150338590150000229e-01,1.735718697310000003e-01,-6.889211535449999424e-01,0.000000000000000000e+00
1.871478474299999917e+01,9.722242993300000274e-03,-3.996361838999999971e+00,-2.275313414929999922e+01,-3.256885111330000138e-01,1.498303890230000102e+00,-4.452148377899999843e-01,0.000000000000000000e+00
1.871979318200000009e+01,3.401195221179999617e+00,-9.804280348260000721e+00,-2.148246773219999639e+01,-6.748632192610000136e-01,2.089823245999999912e+00,1.153840050099999848e-01,0.000000000000000000e+00
1.872466553599999983e+01,5.086308408519999880e+00,-1.129185465519999987e+01,-1.903355014699999970e+01,-7.591817975040000555e-01,2.251906156540000037e+00,5.748205780980000235e-01,0.000000000000000000e+00
1.872960790599999825e+01,6.716640496619999290e+00,-8.845796551119999407e+00,-1.837508273119999913e+01,-7.736055850980000370e-01,2.082256555559999889e+00,7.694116830830000087e-01,0.000000000000000000e+00
1.873455475000000092e+01,6.065400693930000031e+00,-7.206749826170000262e+00,-1.697505928190000191e+01,-8.708900213240000632e-01,1.945462942120000038e+00,9.937019348139999320e-01,0.000000000000000000e+00
1.873970798399999893e+01,7.404141699269999322e+00,-7.111459314139999321e+00,-1.718376399159999934e+01,-1.076212882999999954e+00,1.905010104179999830e+00,1.104294300079999847e+00,0.000000000000000000e+00
1.874468927099999860e+01,4.855844579160000229e+00,-7.794870617130000845e+00,-1.648813150499999836e+01,-1.181069970130000035e+00,2.132304668429999772e+00,1.268625259400000038e+00,0.000000000000000000e+00
1.874958513800000048e+01,3.238650497310000098e+00,-8.134590647759999626e+00,-1.604114761589999816e+01,-1.176841139790000046e+00,2.536872625350000021e+00,1.568213582040000054e+00,0.000000000000000000e+00
1.875469590699999856e+01,1.668103892610000027e+00,-7.685282115160000593e+00,-1.552152636069999936e+01,-1.016949772829999876e+00,3.145353078839999927e+00,1.850374460220000072e+00,0.000000000000000000e+00
1.875954522600000018e+01,1.902255470579999885e+00,-7.423745978930000433e+00,-1.485510243289999899e+01,-8.464341163640000110e-01,3.666946411130000527e+00,2.030688047409999974e+00,0.000000000000000000e+00
1.876459962799999914e+01,2.259237455520000104e+00,-7.102627772910000026e+00,-1.415481481390000162e+01,-7.574554085729999775e-01,4.071129798890000373e+00,2.067431211470000196e+00,0.000000000000000000e+00
1.876973583699999892e+01,2.370628915259999747e+00,-7.387242002389999840e+00,-1.341021575949999978e+01,-6.395544409749999160e-01,4.411401748660000344e+00,2.011286497119999961e+00,0.000000000000000000e+00
1.877473086899999899e+01,2.493345048209999693e+00,-7.564903339109999791e+00,-1.259799804380000054e+01,-4.357964098450000101e-01,4.677041530609999498e+00,1.954095244409999932e+00,0.000000000000000000e+00
1.877961420999999831e+01,2.808564843840000158e+00,-7.795381489260001295e+00,-1.124361406369999905e+01,-2.685732543470000233e-01,4.920092105869999344e+00,1.855731487269999924e+00,0.000000000000000000e+00
1.878472864400000120e+01,2.787573786000000275e+00,-8.687965119510000278e+00,-1.047380925639999916e+01,-1.087792515750000133e-01,5.193249225619999798e+00,1.786700129509999790e+00,0.000000000000000000e+00
1.878960982599999952e+01,3.040617988220000179e+00,-9.724290281220000054e+00,-1.019249523749999931e+01,-1.199798565360000145e-02,5.491052627560000232e+00,1.655854940410000031e+00,0.000000000000000000e+00
1.879472079299999976e+01,2.925132829430000303e+00,-1.019672834500000036e+01,-9.909766675600000241e+00,6.797792855649999189e-03,5.744865894319999278e+00,1.467803359029999921e+00,0.000000000000000000e+00
1.879956477400000026e+01,2.351663956420000368e+00,-1.017906526249999999e+01,-9.545047812789999142e+00,-7.110021263360000177e-02,5.907995223999999546e+00,1.204359769820000148e+00,0.000000000000000000e+00
1.880456142799999952e+01,1.334023621429999862e+00,-9.985191042160000308e+00,-9.155551651599999730e+00,-1.262743324039999893e-01,6.037019729609999885e+00,9.281211495399999123e-01,0.000000000000000000e+00
1.880958664299999938e+01,3.601196253869999864e-01,-9.467676988339999156e+00,-8.720639308619999142e+00,-1.199148893359999885e-01,6.185202598570000099e+00,6.619432568549999951e-01,0.000000000000000000e+00
1.881461059900000166e+01,-5.023096165550000602e-01,-8.691507322160001436e+00,-8.473055709900000565e+00,-8.383363485340000407e-03,6.334253311159999456e+00,3.838032484049999637e-01,0.000000000000000000e+00
1.881975110999999856e+01,-1.187164542479999918e+00,-7.579879374450000817e+00,-8.121639396249999976e+00,1.526380628350000046e-01,6.526139736180000206e+00,1.324792504310000063e-01,0.000000000000000000e+00
1.882465827100000055e+01,-1.464414380670000071e+00,-6.754280199190000111e+00,-8.127326794239998264e+00,3.443090319630000007e-01,6.737647533419999668e+00,-1.489046514029999935e-01,0.000000000000000000e+00
1.882968322600000022e+01,-1.609895595399999824e+00,-6.134406425609999935e+00,-7.893740156679999842e+00,5.954172611240000634e-01,6.923992156980000701e+00,-4.075235724449999819e-01,0.000000000000000000e+00
1.883468889899999965e+01,-1.783487052329999711e+00,-5.700170374459999856e+00,-7.618293568520000392e+00,8.705285787579999379e-01,7.022628307339999765e+00,-5.706816315649999583e-01,0.000000000000000000e+00
1.883976072900000176e+01,-1.685575544159999994e+00,-5.493166038880000102e+00,-7.312673375880000215e+00,1.184451818470000140e+00,7.076813697810000470e+00,-7.348861694339999806e-01,0.000000000000000000e+00
1.884473785500000176e+01,-1.694500901150000072e+00,-5.296289129559999864e+00,-7.345117847889999219e+00,1.497565269469999905e+00,7.025927066799999565e+00,-8.447256684299999652e-01,0.000000000000000000e+00
1.884964768100000043e+01,-1.922410369850000134e+00,-5.207177598440000388e+00,-7.593987979299999580e+00,1.778830289840000356e+00,6.947767257689998921e+00,-9.570851325990000769e-01,0.000000000000000000e+00
1.885467771500000111e+01,-2.348997952079999951e+00,-5.382877864210000141e+00,-8.151141969590000258e+00,2.028032302859999803e+00,6.871367931370000015e+00,-1.075479626660000187e+00,0.000000000000000000e+00
1.885958599499999977e+01,-3.028874066669999809e+00,-5.620906868130000511e+00,-8.979082155020000400e+00,2.245549917219999969e+00,6.797793388369999690e+00,-1.168583154679999847e+00,0.000000000000000000e+00
1.886467778999999823e+01,-3.579955751309999989e+00,-5.683101166240001056e+00,-9.815348854759999853e+00,2.410375833509999843e+00,6.787272453309999953e+00,-1.279480457310000041e+00,0.000000000000000000e+00
1.886974378600000080e+01,-3.955796896640000337e+00,-5.724551951519999626e+00,-1.063788805789999969e+01,2.547359466550000118e+00,6.799067497250000258e+00,-1.384805917739999837e+00,0.000000000000000000e+00
1.887477734300000165e+01,-4.124540767410000086e+00,-5.871773141790000317e+00,-1.163981702900000137e+01,2.670030355449999782e+00,6.826171875000000000e+00,-1.484923958779999831e+00,0.000000000000000000e+00
1.887973037000000076e+01,-4.458610224930000143e+00,-6.070369714509999959e+00,-1.286949209500000002e+01,2.817026615140000079e+00,6.910510063169999384e+00,-1.568904280660000206e+00,0.000000000000000000e+00
1.888462740699999998e+01,-5.055922622609999806e+00,-5.310031239190000640e+00,-1.394648653619999834e+01,2.971014022829999934e+00,6.964210510250000041e+00,-1.686884760859999943e+00,0.000000000000000000e+00
1.888973045299999853e+01,-6.285377323799999694e+00,-4.616662021289999807e+00,-1.461721955940000051e+01,3.102838277820000101e+00,7.028557777400000539e+00,-1.810698270800000120e+00,0.000000000000000000e+00
1.889461733099999918e+01,-7.870736297710000606e+00,-4.255512833660000105e+00,-1.508968509570000016e+01,3.284525871280000064e+00,7.155840873719999884e+00,-1.963069796559999913e+00,0.000000000000000000e+00
1.889960749100000115e+01,-9.874267492199999552e+00,-2.886699346140000344e+00,-1.542012467230000006e+01,3.486229896549999818e+00,7.237531185149999935e+00,-2.123747110370000080e+00,0.000000000000000000e+00
1.890465405100000140e+01,-1.210255144489999957e+01,-3.129881787299999996e+00,-1.574498907910000156e+01,3.693996906280000214e+00,7.345137596130000723e+00,-2.298401594160000005e+00,0.000000000000000000e+00
1.890995106300000117e+01,-1.499966287950000066e+01,-4.784718494319999849e+00,-1.630034332650000195e+01,3.823073863979999931e+00,7.452450752260000755e+00,-2.466685771939999938e+00,0.000000000000000000e+00
1.891462528399999954e+01,-1.761413810660000223e+01,-6.382786727680000105e+00,-1.635557246180000135e+01,3.832446813580000278e+00,7.531577110289998878e+00,-2.624724388120000196e+00,0.000000000000000000e+00
1.891972115200000104e+01,-1.935365537660000257e+01,-7.161210894780000835e+00,-1.677282522940000220e+01,3.643997430799999826e+00,7.551761150359999952e+00,-2.843976974489999865e+00,0.000000000000000000e+00
1.892457021199999900e+01,-2.054713450910000105e+01,-6.948271323939999355e+00,-1.745840277050000111e+01,3.273207664490000113e+00,7.555710792539999332e+00,-3.138964653019999940e+00,0.000000000000000000e+00
1.892964368799999875e+01,-2.202044063670000185e+01,-5.721471521169999797e+00,-1.833371260990000096e+01,2.867422103880000073e+00,7.448937892910000080e+00,-3.501776456830000495e+00,0.000000000000000000e+00
1.893477012900000034e+01,-2.456743865690000206e+01,-3.523976382200000312e+00,-1.877049892999999869e+01,2.552147150040000145e+00,7.239789009089999006e+00,-3.876681089399999891e+00,0.000000000000000000e+00
1.893966480799999985e+01,-2.783070980070000289e+01,-6.526788955899999189e-01,-1.884257047900000259e+01,2.431257963179999759e+00,6.940233707430000010e+00,-4.206570625309999478e+00,0.000000000000000000e+00
1.894468499099999903e+01,-3.115019090760000253e+01,1.983846981459999936e+00,-1.803850567470000144e+01,2.467805147169999991e+00,6.613451480870000232e+00,-4.500539302830000921e+00,0.000000000000000000e+00
1.894958198100000146e+01,-3.398870636080000196e+01,3.850951497550000102e+00,-1.711562393680000227e+01,2.608008861540000112e+00,6.274391174319998932e+00,-4.710886478419999079e+00,0.000000000000000000e+00
1.895464422999999954e+01,-3.633383390120000200e+01,5.082540580419999898e+00,-1.605065778710000046e+01,2.772909164430000128e+00,5.937922477719999925e+00,-4.866089820860000081e+00,0.000000000000000000e+00
1.895957993100000039e+01,-3.848015853260000085e+01,5.052601369230000472e+00,-1.478959272660000046e+01,2.865118026729999823e+00,5.571316719060000366e+00,-4.904929637910000473e+00,0.000000000000000000e+00
1.896461843100000166e+01,-4.179394172010000119e+01,4.093304502139999634e+00,-1.346669694059999856e+01,2.822276115419999787e+00,5.224837779999999654e+00,-4.787168979639999655e+00,0.000000000000000000e+00
1.896964454700000147e+01,-4.403879569930000315e+01,2.253355119490000114e+00,-1.079866431079999956e+01,2.574466943740000069e+00,4.756196022030000137e+00,-4.537862777710000017e+00,0.000000000000000000e+00
1.897478898299999983e+01,-4.598690895800000078e+01,2.800217505929999962e-01,-7.758515109149999311e+00,2.107590198520000069e+00,4.231859207149999413e+00,-4.173452854159999781e+00,0.000000000000000000e+00
1.897957969599999828e+01,-4.771657937220000179e+01,-1.119547780929999847e+00,-4.051930581489999739e+00,1.401607990259999825e+00,3.725459098819999593e+00,-3.724314928050000084e+00,0.000000000000000000e+00
1.898476800199999914e+01,-4.848985507049999910e+01,-2.263581037690000297e+00,-5.296576422070000678e-01,4.953008592129999887e-01,3.212393045429999816e+00,-3.197593688959999625e+00,0.000000000000000000e+00
1.898972926600000122e+01,-4.899933370189999238e+01,-2.493527126780000103e+00,3.060933631020000156e+00,-4.126129746439999857e-01,2.745279550550000280e+00,-2.548678159709999669e+00,0.000000000000000000e+00
1.899467236299999939e+01,-4.860083473449999758e+01,-1.617372507150000027e+00,5.312231964110000426e+00,-1.130777239800000000e+00,2.294112443920000022e+00,-1.833468675609999821e+00,0.000000000000000000e+00
1.899958227100000130e+01,-4.745427868130000348e+01,-3.713003235599999785e-01,6.961760335589999293e+00,-1.509427666660000167e+00,1.790612816809999952e+00,-1.145214319229999944e+00,0.000000000000000000e+00
1.900477714799999873e+01,-4.611466673830000218e+01,1.850837856420000094e+00,7.787848755669998901e+00,-1.502166748050000056e+00,1.299070477489999931e+00,-5.007035136219999405e-01,0.000000000000000000e+00
1.900983857599999993e+01,-4.287987583909999501e+01,4.184185088769999616e+00,7.673264345110000662e+00,-1.219742774960000053e+00,8.049112558359999836e-01,-7.027621567250000312e-02,0.000000000000000000e+00
1.901463519400000024e+01,-3.974112422440000358e+01,6.239093711529999808e+00,6.777911250140000732e+00,-6.758890151980000427e-01,3.414615690710000040e-01,9.672793000939998442e-02,0.000000000000000000e+00
1.901974389100000096e+01,-3.704577688659999524e+01,7.408199450229999705e+00,5.206416550940000221e+00,-6.525070220230000384e-02,-8.176806569099999422e-02,1.994839124380000037e-02,0.000000000000000000e+00
1.902463975999999946e+01,-3.306359525639999930e+01,7.265304306469999140e+00,4.624606258300000050e+00,4.673368632789999810e-01,-4.618574380870000273e-01,-2.417614758009999920e-01,0.000000000000000000e+00
1.902958137999999977e+01,3.389677509609999806e+00,1.203448883929999935e+00,2.517972124469999962e+00,3.946376144889999771e-01,-3.064031898979999724e-01,-4.724929928780000066e-01,0.000000000000000000e+00
1.903480236300000072e+01,-5.034833072829999878e+01,1.297988022290000032e+01,2.726571620290000553e+00,-6.837216615680000720e-01,-2.752363681790000349e+00,-1.705087423320000184e+00,0.000000000000000000e+00
1.903966657100000148e+01,-1.764431814079999938e+01,4.384579943080000319e+00,1.097347493430000043e+01,-1.848388910290000187e+00,-4.643639087680000443e+00,-1.857381105420000011e+00,0.000000000000000000e+00
1.904472724000000028e+01,1.426048000489999978e+01,5.152285366969999725e-01,2.234961969180000008e+00,-1.864372730259999944e+00,-3.718525171280000041e+00,-1.999335050580000051e+00,0.000000000000000000e+00
1.904962196199999980e+01,3.120544225469999944e+01,6.462401531660000309e+00,-2.679184372239999945e+01,-1.685203433039999865e+00,-5.150009632109999735e+00,-2.437736749649999979e+00,0.000000000000000000e+00
1.905475496000000035e+01,2.321754380489999647e+01,2.957760022980000159e+01,-4.367932408949999967e+01,-1.052324771879999954e+00,-6.641546249390000156e+00,-1.325549483299999887e+00,0.000000000000000000e+00
1.905960649400000051e+01,-1.435467336940000038e+01,4.370906923939999444e+01,-3.781989195839999951e+01,-1.195952773089999921e+00,-8.889640808110000236e+00,-2.326598405839999995e+00,0.000000000000000000e+00
1.906465051800000055e+01,-4.223967473230000280e+01,1.138186751910000005e+01,-2.263867073469999625e+01,-1.230045437810000086e+00,-9.016880989069999686e+00,-2.718656301499999817e+00,0.000000000000000000e+00
1.906985367800000120e+01,-3.590953881380000468e+01,-5.064110605239999785e+00,-1.153458672230000026e+01,-4.879223704339999967e-01,-9.064332008360000970e+00,-1.446322083470000130e+00,0.000000000000000000e+00
1.907473444800000095e+01,-1.446421394049999876e+01,7.132375260919999960e+00,-2.524009709519999944e+01,-1.995937228200000135e-01,-8.347565650940000026e+00,-1.132786646489999938e-01,0.000000000000000000e+00
1.907974059700000069e+01,-1.261369245660000082e+01,4.114546612139999837e+00,-1.810539485269999815e+01,7.579034660009999896e-03,-5.379496574400000952e+00,1.442089438439999816e+00,0.000000000000000000e+00
1.908463799000000094e+01,-1.649315254800000119e+01,2.634311269739999961e+00,-1.444409820420000123e+01,3.303939402099999589e-01,-2.666957616809999987e+00,2.185722589490000090e+00,0.000000000000000000e+00
1.908983126300000066e+01,-1.357092654589999903e+01,-1.383347858119999962e+01,-2.220351055449999933e+01,-1.544880960139999836e-02,-9.578953385349999738e-01,2.647221803669999929e+00,0.000000000000000000e+00
1.909457663599999933e+01,-2.316687277129999956e+01,-3.076111910929999738e+01,-1.092385019489999998e+01,-1.064336776729999823e+00,-7.074517011640000241e-01,3.533545970919999668e+00,0.000000000000000000e+00
1.909947213599999927e+01,-2.184911259469999933e+01,-3.010579759019999813e+01,-7.597076592959999708e+00,-1.858194231990000000e+00,-1.865791082380000132e+00,4.011360168459999542e+00,0.000000000000000000e+00
1.910464291099999912e+01,-9.342924234989999022e+00,-8.983784049100000502e+00,-1.797969809639999994e+01,-2.244140863420000187e+00,-2.142074108120000098e+00,3.492756843570000047e+00,0.000000000000000000e+00
1.910961842100000041e+01,-1.585993180160000016e+00,2.388405774909999835e+01,-1.760774343719999990e+01,-2.973564147950000347e+00,-2.912526845929999997e+00,1.587035059930000047e+00,0.000000000000000000e+00
1.911464956600000065e+01,-1.047269457310000096e+00,1.603372184979999915e+01,-5.298887913889999801e+00,-3.113329410550000009e+00,-2.533874511720000111e+00,1.434822976590000021e-01,0.000000000000000000e+00
1.911961638800000074e+01,-8.186220881749999734e+00,-2.703664207429999689e+00,-1.331606681869999953e+01,-2.150859594349999959e+00,-2.093438148499999762e+00,-3.230953216549999896e-01,0.000000000000000000e+00
1.912476146299999868e+01,-9.877325710730000097e+00,-9.202172532999998822e+00,-8.350369241430000145e+00,-6.948925852779999079e-01,-1.015353083609999985e+00,6.385899782180000095e-01,0.000000000000000000e+00
1.912982560300000046e+01,-3.564912203700000060e+00,-4.065794344730000454e-01,-1.159936928329999972e+01,1.364251375200000171e-01,-4.854923188690000169e-01,1.388633728030000070e+00,0.000000000000000000e+00
1.913465441900000030e+01,-4.538168330290000441e+00,8.316132625299999859e+00,-1.129613101740000047e+01,-9.567551314830000098e-02,-3.701534867290000030e-01,1.260846018789999912e+00,0.000000000000000000e+00
1.913971517799999944e+01,-6.669678838960000355e+00,2.874401297840000424e+00,-1.035317562880000075e+01,-7.567471265790000068e-01,-6.713327169419999185e-01,8.324803113940000276e-01,0.000000000000000000e+00
1.914469027699999870e+01,-3.534980883550000286e+00,-2.056300077119999958e+00,-9.874740954930000925e+00,-8.359615206720000247e-01,-6.959300041200000564e-01,6.329820752139999618e-01,0.000000000000000000e+00
1.914959501699999933e+01,-3.914231545059999817e+00,-8.971445084269999981e-01,-1.013232923029999988e+01,-6.078625917429999470e-01,-6.982374191279999698e-01,7.292504906649999175e-01,0.000000000000000000e+00
1.915480970300000152e+01,-3.416758408759999810e+00,2.558225260940000245e-01,-1.044979592809999858e+01,-2.003019899130000225e-01,-6.513974070550000439e-01,8.029816746709999009e-01,0.000000000000000000e+00
1.915967415100000082e+01,-4.347938603899999421e+00,-3.996343280430000172e-02,-1.087384902339999826e+01,-3.471032530069999983e-02,-6.737578511239999957e-01,7.725532054899999501e-01,0.000000000000000000e+00
1.916469958500000104e+01,-2.307515018090000147e+00,-2.606753400729999726e+00,-1.054567972979999979e+01,-1.513198614120000174e-01,-6.192983984950000131e-01,7.731196880339999966e-01,0.000000000000000000e+00
1.916984095999999838e+01,-2.623749251460000043e+00,-3.058881082400000118e+00,-1.037954925640000070e+01,-4.064101576810000283e-01,-5.427625775340000347e-01,8.203632235529999539e-01,0.000000000000000000e+00
1.917475849999999937e+01,-3.886901347330000256e+00,-1.556193523569999959e+00,-1.004928971260000026e+01,-5.448142290119999398e-01,-5.342972874639999592e-01,8.472400307659999630e-01,0.000000000000000000e+00
1.917957716000000090e+01,-4.526746772570000132e+00,1.233406215300000053e+00,-9.961675726539999332e+00,-6.024704575539999718e-01,-5.622650980950000266e-01,7.564032077789999420e-01,0.000000000000000000e+00
1.918469819399999921e+01,-5.079572962790000368e+00,1.780090687890000023e+00,-9.173284876689999479e+00,-4.923071861270000293e-01,-5.459995269780000271e-01,6.302331686020000712e-01,0.000000000000000000e+00
1.918961462200000057e+01,-5.560831461880001214e+00,1.818156945309999939e+00,-8.951341915180000441e+00,-3.592282831669999510e-01,-4.700940251349999821e-01,5.130326747890000538e-01,0.000000000000000000e+00
1.919475151400000001e+01,-5.272182862310000218e+00,2.075907717779999828e+00,-9.417732515479999122e+00,-2.492749840019999885e-01,-3.758448958399999706e-01,4.013516604900000395e-01,0.000000000000000000e+00
1.919960846500000073e+01,-4.468503257920000138e+00,1.374447255630000031e+00,-9.357343805489998445e+00,-2.660821974279999891e-01,-3.068645894529999918e-01,2.461563944819999961e-01,0.000000000000000000e+00
1.920474096699999933e+01,-4.179210515230000311e+00,-2.078564040979999916e-01,-9.214272136119999956e+00,-3.213434219359999622e-01,-2.405616492029999942e-01,1.645285189150000049e-01,1.000000000000000000e+00
1.920975973899999900e+01,-4.074344950130000420e+00,-1.146910638820000106e+00,-9.452131044159999718e+00,-3.917506933209999875e-01,-2.123686671259999992e-01,1.555308103559999988e-01,1.000000000000000000e+00
1.921460413699999847e+01,-3.598464636949999740e+00,-1.461869518490000130e+00,-1.001615199759999975e+01,-4.226871728900000180e-01,-2.441609054799999956e-01,1.892935633659999783e-01,1.000000000000000000e+00
1.921965690500000079e+01,-3.204014360479999990e+00,-1.107250974739999894e+00,-1.038896590409999909e+01,-4.402158856389999930e-01,-2.954183518890000082e-01,2.174363136290000109e-01,1.000000000000000000e+00
1.922474112300000115e+01,-3.083789313690000089e+00,-1.174482828619999975e+00,-1.084608657170000079e+01,-4.409697949889999635e-01,-4.062803387639999930e-01,2.178767770529999870e-01,1.000000000000000000e+00
1.922963050199999913e+01,-3.074268621149999881e+00,-1.144599439270000074e+00,-1.148772560239999940e+01,-4.312158226969999841e-01,-4.892194867130000291e-01,2.487858235839999765e-01,0.000000000000000000e+00
1.923469810299999949e+01,-2.562716398340000090e+00,-7.623298683329999825e-01,-1.208163958979999997e+01,-4.484969973560000156e-01,-6.153209805489999740e-01,2.393515408040000070e-01,0.000000000000000000e+00
1.923975977699999973e+01,-2.293835452299999744e+00,-3.100044721310000195e-01,-1.317659989579999902e+01,-4.584340751169999617e-01,-7.372933626170000698e-01,2.211489677430000245e-01,0.000000000000000000e+00
1.924464306500000177e+01,-1.921903150979999975e+00,9.970311343340000632e-02,-1.407569509990000078e+01,-4.960211813449999507e-01,-9.393481612209999554e-01,1.860409975049999998e-01,0.000000000000000000e+00
1.924964886700000122e+01,-1.243834962590000037e+00,-3.985041915019999631e-02,-1.496025207559999970e+01,-4.858604371549999912e-01,-1.182720065120000053e+00,1.273334920410000015e-01,0.000000000000000000e+00
1.925467963299999852e+01,-1.080681532239999854e+00,3.549099644470000148e-01,-1.560654273150000115e+01,-4.882166087629999929e-01,-1.522116541860000005e+00,6.084840372200000375e-02,0.000000000000000000e+00
1.925965087999999881e+01,-7.336504479459999839e-01,1.184502995120000124e+00,-1.609124815610000070e+01,-4.514936506750000245e-01,-1.894159793849999884e+00,-3.005733480679999726e-03,0.000000000000000000e+00
1.926474186800000155e+01,-1.433543733849999890e+00,2.325850592990000187e+00,-1.630903399800000031e+01,-3.799827694890000052e-01,-2.348487377170000112e+00,-6.139744445679999607e-02,0.000000000000000000e+00
1.926965442699999898e+01,-1.167961865889999978e-01,1.101333567389999990e+00,-1.585708284190000050e+01,-3.364481627939999719e-01,-2.734188318249999750e+00,-1.445353925229999892e-01,0.000000000000000000e+00
1.927474230500000019e+01,-1.706222683929999873e-01,1.163333877289999929e+00,-1.608732133810000064e+01,-2.085277289149999880e-01,-3.134940862659999716e+00,-1.560568511490000032e-01,0.000000000000000000e+00
1.927976331600000037e+01,1.199355257939999919e-01,1.442136936279999837e+00,-1.648466178299999996e+01,-1.673419624570000042e-01,-3.537959575649999966e+00,-1.903863847260000297e-01,0.000000000000000000e+00
1.928464964000000137e+01,1.232201954079999995e+00,1.458084008600000203e+00,-1.665784977369999709e+01,-1.182550266389999910e-01,-3.965124368669999733e+00,-2.121979594229999877e-01,0.000000000000000000e+00
1.928971953699999986e+01,2.045623638679999967e+00,1.747555761120000106e+00,-1.658470270440000149e+01,-1.263788193459999820e-01,-4.376072406769999645e+00,-2.637803852560000051e-01,0.000000000000000000e+00
1.929469976300000056e+01,1.993371911779999950e+00,1.781540009920000056e+00,-1.683299357470000146e+01,-1.370739787820000055e-01,-4.818469047549999829e+00,-3.317856192590000197e-01,0.000000000000000000e+00
1.929961396999999934e+01,2.533675597299999804e+00,1.927124685020000117e+00,-1.615357455619999882e+01,-1.726113855840000211e-01,-5.226010322569999644e+00,-3.907495439049999963e-01,0.000000000000000000e+00
1.930478047100000083e+01,3.214213390670000337e+00,1.710790503300000154e+00,-1.577643635680000145e+01,-1.777241230009999895e-01,-5.669414043430000660e+00,-4.970615208149999908e-01,0.000000000000000000e+00
1.930973537599999901e+01,3.624898470369999348e+00,1.616841030629999842e+00,-1.525385625170000026e+01,-1.966944485900000150e-01,-6.022146701809999669e+00,-4.887659847739999619e-01,0.000000000000000000e+00
1.931467654400000100e+01,4.224577597169999699e+00,9.315535585070000568e-01,-1.460147955400000086e+01,-2.391378730539999997e-01,-6.400611400599999001e+00,-4.426045417789999936e-01,0.000000000000000000e+00
1.931964064199999953e+01,3.527940901909999649e+00,1.018956139420000052e-02,-1.441190975279999975e+01,-2.958842813970000152e-01,-6.753206253049999219e+00,-3.570889830589999980e-01,0.000000000000000000e+00
1.932477333299999955e+01,4.003517848239999566e+00,-2.567401925809999597e+00,-1.351931910829999950e+01,-4.187765121459999795e-01,-7.147691726679999746e+00,-2.244331836699999805e-01,0.000000000000000000e+00
1.932961604799999833e+01,2.989840571660000279e+00,-4.315894821650000601e+00,-1.262695642729999967e+01,-6.059069037440000249e-01,-7.600988864899999697e+00,4.016276076440000037e-02,0.000000000000000000e+00
1.933461637399999944e+01,8.178205040819999105e-01,-3.756197868880000179e+00,-1.239287528420000051e+01,-8.612384200100000609e-01,-8.041112899779999879e+00,3.002195358279999837e-01,0.000000000000000000e+00
1.933963720799999919e+01,-4.832147769489999689e+00,-5.368567014789999980e+00,-1.634535268109999961e+01,-1.098636388779999917e+00,-8.450209617609999668e+00,4.000625908370000205e-01,0.000000000000000000e+00
1.934475592000000077e+01,-1.032754083679999901e+01,-8.378441489700000133e+00,-1.854753422430000143e+01,-1.302087426189999952e+00,-8.948847770689999592e+00,3.800747394560000103e-01,0.000000000000000000e+00
1.934966228200000060e+01,-1.975141550829999915e+01,-5.987314414680000141e+00,-2.019598882900000092e+01,-1.317389130590000068e+00,-9.083302497860000102e+00,3.937608599660000208e-01,0.000000000000000000e+00
1.935461891899999998e+01,-2.701818462660000009e+01,1.630899914579999888e-01,-2.028675338809999928e+01,-1.243139028550000136e+00,-9.004141807559999933e+00,3.077490925790000165e-01,0.000000000000000000e+00
1.935953673599999902e+01,-2.741780821400000079e+01,4.538897521350000019e+00,-1.919659551390000019e+01,-1.063370943070000019e+00,-8.555213928220000597e+00,5.760635063050000004e-02,0.000000000000000000e+00
1.936460638699999848e+01,-2.935010197229999918e+01,6.805061707400000159e+00,-1.794469108050000017e+01,-6.124718785289999801e-01,-7.506158351900000802e+00,1.635531485080000125e-01,0.000000000000000000e+00
1.936963620999999947e+01,-2.660640999809999840e+01,6.726956285060000651e-01,-1.734328819859999982e+01,-2.668194770810000116e-01,-6.260429859160000277e+00,4.571511447429999486e-01,0.000000000000000000e+00
1.937474487600000117e+01,-2.439861003050000221e+01,-3.746895495269999543e+00,-1.627490493390000026e+01,-2.079150676729999980e-01,-5.312202930449999805e+00,8.227059245110001084e-01,0.000000000000000000e+00
1.937970828299999937e+01,-2.579332368289999877e+01,-6.032424891519999832e+00,-1.646836414370000057e+01,-6.222523450850000470e-01,-4.613373756409999693e+00,1.041480183600000053e+00,0.000000000000000000e+00
1.938464131199999940e+01,-2.713374226610000051e+01,-4.266647098880000044e+00,-2.101021846900000156e+01,-1.174205183979999845e+00,-3.941062211989999842e+00,8.065698742869999993e-01,0.000000000000000000e+00
1.938967564800000076e+01,-1.934346949820000106e+01,-4.790222060169999629e+00,-1.456869372119999895e+01,-1.542829632759999958e+00,-3.199453592300000260e+00,6.498789191250000652e-01,0.000000000000000000e+00
1.939453213199999837e+01,-1.154887594440000065e+01,-3.032049189579999915e+00,-1.089513263440000124e+01,-1.681605219839999998e+00,-2.500438213350000272e+00,6.641425490380000740e-01,0.000000000000000000e+00
1.939952558599999932e+01,-8.145280384079999436e+00,-4.002694841409999427e+00,-8.409678924010000500e+00,-1.904577732090000142e+00,-2.074975728990000157e+00,8.180381655689999976e-01,0.000000000000000000e+00
1.940470183200000065e+01,1.288282737739999995e+01,-1.094275947799999926e+01,7.008132502920000340e-02,-2.308936119079999738e+00,-1.495238900180000163e+00,9.666873812680000233e-01,0.000000000000000000e+00
1.940963154599999996e+01,-2.930054153030000208e+01,-4.480878755360000021e+00,-9.837509248639999981e+00,-2.949803829190000393e+00,-3.989678144450000019e+00,9.357966780660000872e-01,0.000000000000000000e+00
1.941462857499999828e+01,-3.515392970510000481e+01,-2.305434266290000256e+00,-2.517006202050000141e+01,-3.821758031849999959e+00,-5.163860797880000852e+00,8.395419716840000213e-01,0.000000000000000000e+00
1.941969249199999936e+01,-3.147627462699999867e+01,-5.390224135319999554e+00,-2.595681211739999839e+01,-3.630540609360000115e+00,-4.709560394290000396e+00,8.141621351240000415e-01,0.000000000000000000e+00
1.942460458400000078e+01,-1.573810925650000136e+01,-5.889148639490000559e-01,-2.229178271219999630e+01,-3.122568607329999857e+00,-4.184518337250000108e+00,3.617716133589999883e-01,0.000000000000000000e+00
1.942975012899999854e+01,-1.664442681299999904e+01,7.991300367200000032e+00,-2.079318315329999933e+01,-2.154707193370000162e+00,-2.791591405870000209e+00,1.830102354289999955e-01,0.000000000000000000e+00
1.943474238800000009e+01,-2.302083348429999887e+01,5.354617399890000407e+00,-2.216843690300000347e+01,-1.842084646220000010e+00,-8.892740011220000573e-01,7.784236669540000042e-01,0.000000000000000000e+00
1.943973237100000162e+01,-1.205838847809999947e+01,-5.756847589650000430e-01,-2.101847893240000076e+01,-1.410714268680000050e+00,-7.053853571410000078e-02,1.550942063329999954e+00,0.000000000000000000e+00
1.944458485799999892e+01,-8.368031739369998334e+00,-3.204320357689999899e+00,-2.071759979680000185e+01,-1.015644907950000064e+00,-1.168348938230000106e-01,2.688726902009999531e+00,0.000000000000000000e+00
1.944965160399999959e+01,-7.374584765399999853e+00,-1.793259381540000197e+00,-2.093525236760000041e+01,-6.698070764540000610e-01,-5.230931639670000077e-01,3.362070798870000043e+00,0.000000000000000000e+00
1.945474170399999991e+01,-5.889580601159999595e+00,-1.455364958899999950e+00,-2.116795053190000075e+01,-5.864562988279999889e-01,-1.019612908360000070e+00,3.496589660640000208e+00,0.000000000000000000e+00
1.945960993299999942e+01,-4.277092797309999916e+00,-3.722055068520000010e+00,-2.157960591790000038e+01,-8.103293180470000356e-01,-1.266135096550000005e+00,3.604376792910000127e+00,0.000000000000000000e+00
1.946464101200000130e+01,-4.394324799769999679e+00,-7.123275424139999146e+00,-2.181634663559999865e+01,-1.196415543560000128e+00,-1.231172919270000055e+00,3.910019159319999993e+00,0.000000000000000000e+00
1.946966579400000086e+01,-4.943329093610000058e+00,-8.505027888220000776e+00,-2.265046872449999782e+01,-1.613362193109999954e+00,-8.512505292890000241e-01,4.266852378849999461e+00,0.000000000000000000e+00
1.947473705399999844e+01,-5.590027745739999609e+00,-7.577797892000000424e+00,-2.224678154090000248e+01,-2.048693180079999898e+00,-1.600466221569999958e-01,4.693228244780000225e+00,0.000000000000000000e+00
1.947974649000000014e+01,-5.399947072439999829e+00,-7.991208597260000879e+00,-2.173258231070000335e+01,-2.549849510190000057e+00,5.322182178500000083e-01,5.086423873900000281e+00,0.000000000000000000e+00
1.948460765600000144e+01,-3.509213112830000370e+00,-7.960792416210000333e+00,-2.077680718799999937e+01,-2.913004636760000210e+00,1.132424235340000029e+00,5.262851238249999675e+00,0.000000000000000000e+00
1.948975656100000009e+01,-1.614825160760000156e+00,-7.916243664910000533e+00,-1.991816791299999778e+01,-3.262934446330000071e+00,1.513105034829999695e+00,5.283685207369999581e+00,0.000000000000000000e+00
1.949466764499999982e+01,7.097326159370000997e-01,-8.513660107479999795e+00,-1.863346829440000008e+01,-3.538411617280000421e+00,1.784805417059999622e+00,5.233663082119999643e+00,0.000000000000000000e+00
1.949965977500000136e+01,2.868453787609999583e+00,-8.598123520539999731e+00,-1.696510721219999951e+01,-3.760728597640000004e+00,1.969466805459999748e+00,5.117384910580000223e+00,0.000000000000000000e+00
1.950459604599999963e+01,5.129581733060000204e+00,-8.866662229019999231e+00,-1.534913916500000042e+01,-3.976762533190000060e+00,2.088593721390000102e+00,4.942860126499999396e+00,0.000000000000000000e+00
1.950970970299999863e+01,6.306507205589999998e+00,-9.932069692829999852e+00,-1.359410985309999909e+01,-4.243601799009999453e+00,2.190556764600000150e+00,4.745666027069999515e+00,0.000000000000000000e+00
1.951464837299999999e+01,6.724447370980000116e+00,-1.079333814740000008e+01,-1.150329843459999957e+01,-4.429547786709999713e+00,2.338691234590000168e+00,4.545068740839999677e+00,0.000000000000000000e+00
1.951970908899999912e+01,6.869611044199999128e+00,-1.096907465349999988e+01,-9.798751355700000332e+00,-4.533995151519999212e+00,2.470603942869999958e+00,4.283856868740000046e+00,0.000000000000000000e+00
1.952459415699999923e+01,8.690269304800001038e+00,-1.091132973599999900e+01,-8.608121182949998840e+00,-4.548753738399999413e+00,2.552049160000000150e+00,3.947733879090000286e+00,0.000000000000000000e+00
1.952965393399999883e+01,9.820582663759999775e+00,-9.788251588999999697e+00,-7.685297897249999899e+00,-4.472518920899999806e+00,2.642382383350000197e+00,3.621670961379999998e+00,0.000000000000000000e+00
1.953466954599999994e+01,1.002911903120000048e+01,-8.313535594550000241e+00,-5.995829145050000086e+00,-4.276378154750000604e+00,2.678360223769999937e+00,3.261281728740000219e+00,0.000000000000000000e+00
1.953974137999999883e+01,9.558229950450000345e+00,-8.414623979189999048e+00,-4.098563153329999764e+00,-3.957026481630000259e+00,2.767272233959999550e+00,2.932610273359999464e+00,0.000000000000000000e+00
1.954462085700000173e+01,8.683827873580000301e+00,-9.687349666839999429e+00,-2.428801556629999858e+00,-3.470180034639999800e+00,2.901181936259999983e+00,2.740612268450000499e+00,0.000000000000000000e+00
1.954972003600000008e+01,8.612538414870000381e+00,-1.101860937650000061e+01,-1.433485135530000010e+00,-2.897053718570000047e+00,3.106876134869999806e+00,2.672326326369999894e+00,0.000000000000000000e+00
1.955472697600000132e+01,9.122878631529999893e+00,-1.130171320140000191e+01,-1.098328175030000020e+00,-2.305783271790000200e+00,3.353206396100000042e+00,2.601498842240000275e+00,0.000000000000000000e+00
1.955973565600000086e+01,9.469622861710000450e+00,-1.134152264929999987e+01,-9.294443843330000288e-01,-1.811334490779999751e+00,3.547450542450000022e+00,2.482354164120000206e+00,0.000000000000000000e+00
1.956467823899999914e+01,8.863194260639998490e+00,-1.168401039099999927e+01,-4.420894315330000102e-01,-1.417851090429999905e+00,3.696073770519999968e+00,2.252156257629999825e+00,0.000000000000000000e+00
1.956959627000000168e+01,7.728979802589999615e+00,-1.250743339130000109e+01,9.928338105080000697e-02,-1.066296935079999786e+00,3.904319047930000508e+00,1.965214252470000034e+00,0.000000000000000000e+00
1.957478342299999952e+01,6.823064981599999967e+00,-1.364191205319999867e+01,5.934157555640000581e-01,-7.252727150920000865e-01,4.157110691069999753e+00,1.706528782840000202e+00,0.000000000000000000e+00
1.957967440599999875e+01,6.516535272909999676e+00,-1.437359551199999963e+01,6.954319956450000229e-01,-3.835600018499999986e-01,4.428658962250000108e+00,1.428517341610000102e+00,0.000000000000000000e+00
1.958466765300000034e+01,6.490954256930001165e+00,-1.456351135010000064e+01,6.885932356659999476e-01,-1.149945408109999956e-01,4.684121608729999942e+00,1.111953258510000042e+00,0.000000000000000000e+00
1.958974930300000139e+01,6.242336054459999950e+00,-1.492677884509999942e+01,6.730366239639999915e-01,1.223607137799999911e-01,4.921690940859999586e+00,8.162761926649999555e-01,0.000000000000000000e+00
1.959471241299999988e+01,6.035138242130000386e+00,-1.547774684020000002e+01,6.538241201019999727e-01,2.720393836499999662e-01,5.120346546169999513e+00,4.803076386450000346e-01,0.000000000000000000e+00
1.959967216800000145e+01,5.638304577660000483e+00,-1.569351958859999918e+01,4.120378460099999862e-01,4.515257179739999849e-01,5.285177707669999947e+00,1.294762343170000052e-01,0.000000000000000000e+00
1.960474275800000044e+01,5.187298593490000442e+00,-1.539559930289999912e+01,1.188269800299999873e-01,6.829633712770000198e-01,5.402377128600000411e+00,-2.496645152569999804e-01,0.000000000000000000e+00
1.960974396900000016e+01,4.415547912800000141e+00,-1.513777488060000032e+01,-3.844804519219999772e-01,9.489540457730000211e-01,5.467772960659999626e+00,-6.323474645609999945e-01,0.000000000000000000e+00
1.961465028299999958e+01,3.090360216509999702e+00,-1.523734233930000137e+01,-1.038752461919999925e+00,1.240831613539999934e+00,5.536443710329999490e+00,-1.010903954510000036e+00,0.000000000000000000e+00
1.961965431999999865e+01,1.594990141079999812e+00,-1.551868090809999856e+01,-1.605344215710000189e+00,1.543767571450000098e+00,5.652959346769999449e+00,-1.385227322579999809e+00,0.000000000000000000e+00
1.962476044599999980e+01,2.759588485360000010e-01,-1.587762644819999913e+01,-2.251760251509999922e+00,1.869833707809999801e+00,5.780916213990000330e+00,-1.730302810670000024e+00,0.000000000000000000e+00
1.962964705999999993e+01,-9.108702514399998895e-01,-1.613126335559999802e+01,-2.809372945350000261e+00,2.106897592540000197e+00,5.912260055540000003e+00,-2.094467163090000028e+00,0.000000000000000000e+00
1.963462011600000068e+01,-1.656838109970000028e+00,-1.654537256460000094e+01,-3.330687852759999679e+00,2.314567327499999827e+00,6.059665203089999785e+00,-2.500554323199999818e+00,0.000000000000000000e+00
1.963966763399999849e+01,-2.402384382090000159e+00,-1.693351029689999976e+01,-3.718698451569999452e+00,2.459674596790000223e+00,6.176052570340000436e+00,-2.927277326580000061e+00,0.000000000000000000e+00
1.964475100099999949e+01,-3.138258862759999435e+00,-1.712915678759999949e+01,-4.090596412230000922e+00,2.541599988940000276e+00,6.200719833369999989e+00,-3.338274478909999843e+00,0.000000000000000000e+00
1.964965603199999933e+01,-3.560112109940000380e+00,-1.706231554049999843e+01,-4.547559551229999997e+00,2.626399993899999785e+00,6.239338397980000117e+00,-3.770816326140000285e+00,0.000000000000000000e+00
1.965460753400000016e+01,-3.886189399669999656e+00,-1.676756453240000155e+01,-5.121185660640000137e+00,2.700288772579999996e+00,6.226584434509999433e+00,-4.184844970699999500e+00,0.000000000000000000e+00
1.965959742300000102e+01,-4.152964313340000047e+00,-1.627199167679999903e+01,-5.694311711560000155e+00,2.785466909409999747e+00,6.193877696989999571e+00,-4.582319736479999683e+00,0.000000000000000000e+00
1.966464404799999954e+01,-4.368839645380000469e+00,-1.554260538910000022e+01,-6.444651355440000451e+00,2.898792028429999945e+00,6.167850971220000034e+00,-4.963431358340000266e+00,0.000000000000000000e+00
1.966973357999999905e+01,-4.505225553369999858e+00,-1.482456700930000082e+01,-7.229904491780000164e+00,3.047215938569999949e+00,6.143517494199999263e+00,-5.318781852719999925e+00,0.000000000000000000e+00
1.967475946400000097e+01,-4.613455334210000203e+00,-1.417311268709999972e+01,-8.126069487649999701e+00,3.211906194690000493e+00,6.130878448489999855e+00,-5.633794307710000560e+00,0.000000000000000000e+00
1.967962639499999966e+01,-4.503858064410000139e+00,-1.346174370209999971e+01,-9.418768872789998525e+00,3.405193328859999813e+00,6.101622581480000029e+00,-5.896475791930000376e+00,0.000000000000000000e+00
1.968464539900000076e+01,-4.226931174559999782e+00,-1.211511282030000025e+01,-1.094491168759999944e+01,3.634640455249999569e+00,6.095804691310000578e+00,-6.150622844699999980e+00,0.000000000000000000e+00
1.968971520399999875e+01,-4.292038437509999582e+00,-1.065915413330000128e+01,-1.220582009619999830e+01,3.867782592769999361e+00,6.126742362979999967e+00,-6.385841369630000486e+00,0.000000000000000000e+00
1.969474860500000091e+01,-4.763531913909999638e+00,-9.781959210860000198e+00,-1.352028240039999929e+01,4.175526618959999325e+00,6.182683467860000448e+00,-6.533516407009999583e+00,0.000000000000000000e+00
1.969957255599999968e+01,-5.627122089390000248e+00,-9.272536693560001098e+00,-1.487510360289999944e+01,4.506908893590000353e+00,6.271569728850000303e+00,-6.582683086399999439e+00,0.000000000000000000e+00
1.970472569000000007e+01,-6.876441767000000205e+00,-8.888490614460000216e+00,-1.646007211619999921e+01,4.876495838169999431e+00,6.313888072969999321e+00,-6.559138298029999703e+00,0.000000000000000000e+00
1.970966250300000056e+01,-8.528720898490000479e+00,-8.916780889400000021e+00,-1.763856410740000058e+01,5.188653469090000137e+00,6.375112056729999921e+00,-6.494109153750000196e+00,0.000000000000000000e+00
1.971471078900000151e+01,-1.099250462890000080e+01,-9.991536611799999079e+00,-1.871734835460000212e+01,5.441264152530000509e+00,6.401824951170000055e+00,-6.402432918550000629e+00,0.000000000000000000e+00
1.971971663000000063e+01,-1.423618610609999813e+01,-1.161268001579999876e+01,-2.016787566420000033e+01,5.608989238740000438e+00,6.413084506989999767e+00,-6.289684772490001130e+00,0.000000000000000000e+00
1.972460489199999856e+01,-1.774696369180000133e+01,-1.282070439089999958e+01,-2.148096901809999792e+01,5.645969867709999868e+00,6.430159568790000613e+00,-6.241900444029999662e+00,0.000000000000000000e+00
1.972963969099999915e+01,-2.109191124830000064e+01,-1.468531168339999837e+01,-2.247960128579999761e+01,5.486053466799999612e+00,6.464535236360000603e+00,-6.292858600619998910e+00,0.000000000000000000e+00
1.973463766900000138e+01,-2.355661793880000232e+01,-1.625238447450000123e+01,-2.321273435880000235e+01,5.087275028230000551e+00,6.498539924620000185e+00,-6.422223567959999713e+00,0.000000000000000000e+00
1.973969510899999946e+01,-2.512173141260000264e+01,-1.771820989100000077e+01,-2.396149754709999868e+01,4.488563537600000153e+00,6.569226741790000546e+00,-6.618786811830000616e+00,0.000000000000000000e+00
1.974463016400000015e+01,-2.595996853559999806e+01,-1.855745239170000005e+01,-2.486957100739999760e+01,3.724134922030000183e+00,6.664338588709999733e+00,-6.901649951930000526e+00,0.000000000000000000e+00
1.974970452599999859e+01,-2.701733356269999931e+01,-1.796909136220000036e+01,-2.557794139510000164e+01,2.919455289840000134e+00,6.706411838530000225e+00,-7.127408027649999589e+00,0.000000000000000000e+00
1.975475269000000011e+01,-2.788739439550000299e+01,-1.564800988339999854e+01,-2.608970667610000049e+01,2.273700237269999924e+00,6.650832653049999266e+00,-7.279578208919999405e+00,0.000000000000000000e+00
1.975966175900000010e+01,-2.880840449429999950e+01,-1.185498655089999964e+01,-2.643301274860000305e+01,1.901023387909999807e+00,6.524096012120000232e+00,-7.375811576839998551e+00,0.000000000000000000e+00
1.976462744299999841e+01,-3.066070292479999893e+01,-8.672578749810000431e+00,-2.668249370530000064e+01,1.864920139309999891e+00,6.257576465609999694e+00,-7.286138057710000560e+00,0.000000000000000000e+00
1.976968487499999938e+01,-3.345174818630000146e+01,-6.222389244969999567e+00,-2.698433379489999595e+01,2.081446647640000425e+00,5.910807132719999579e+00,-7.014772892000000759e+00,0.000000000000000000e+00
1.977476491399999858e+01,-3.717841893189999780e+01,-4.059221030759999849e+00,-2.687829684800000152e+01,2.554827690119999772e+00,5.487729549410000018e+00,-6.555765628810000578e+00,0.000000000000000000e+00
1.977963897200000076e+01,-4.119441398440000057e+01,-2.460642802050000189e+00,-2.605582544929999855e+01,3.036682128909999889e+00,4.966733932500000392e+00,-5.964193344119999018e+00,0.000000000000000000e+00
1.978459152699999990e+01,-4.669401210220000564e+01,-2.184383436200000084e+00,-2.471800681949999756e+01,3.405595541000000281e+00,4.547911643980000029e+00,-5.253307819369999798e+00,0.000000000000000000e+00
1.978971964799999839e+01,-5.121944603859999745e+01,-4.245016281829999905e+00,-2.166622738579999918e+01,3.471564531330000314e+00,4.197936534880000181e+00,-4.553586959840000503e+00,0.000000000000000000e+00
1.979475138100000109e+01,-5.361660771760000443e+01,-6.018910745429999487e+00,-1.771762770720000191e+01,3.084704637530000237e+00,3.843690395360000345e+00,-3.858641862869999439e+00,0.000000000000000000e+00
1.979969601199999829e+01,-5.360210689850000421e+01,-9.125432992189999482e+00,-1.295334877430000020e+01,2.240759134290000176e+00,3.576095104219999765e+00,-3.158825635909999541e+00,0.000000000000000000e+00
1.980458264900000032e+01,-5.132655382960000168e+01,-1.137505783910000012e+01,-7.945732209720000050e+00,1.185826063159999944e+00,3.251162290569999946e+00,-2.360178947450000120e+00,0.000000000000000000e+00
1.980952121300000002e+01,-4.700929385709999764e+01,-1.022839657190000118e+01,-3.142007693899999676e+00,1.792164742949999834e-01,2.796518325809999705e+00,-1.447563290599999997e+00,0.000000000000000000e+00
1.981462825499999880e+01,-2.239690312880000178e+01,-6.491944437009999902e+00,4.978172005059999100e-02,-4.661637246609999785e-01,2.379271030429999989e+00,-4.240471720699999225e-01,0.000000000000000000e+00
1.981966462100000115e+01,-6.020118133850000675e+01,8.262693880580000538e+00,-3.323322584690000525e+00,-1.978554844859999662e+00,1.517886072400000119e-01,-9.746657013889999943e-01,0.000000000000000000e+00
1.982457650099999924e+01,-4.125865527820000267e+01,2.400355068220000110e+00,1.537785555640000190e+01,-2.944771051409999618e+00,-1.645166754719999958e+00,-8.652504086489999358e-01,0.000000000000000000e+00
1.982957789900000023e+01,-4.004267672920000365e+01,4.526647988369999709e+00,1.805600976719999906e+01,-3.148270606990000164e+00,-1.968573689459999887e+00,-1.209048628809999970e+00,0.000000000000000000e+00
1.983456566899999984e+01,-5.811536407490000045e+01,-4.855295420850000099e+00,5.813986723259999323e+00,-3.562443017960000180e+00,-3.722445249559999780e+00,-2.980273485180000126e+00,0.000000000000000000e+00
1.983970582599999943e+01,-3.976147961459999891e+01,1.697679881900000254e+01,2.504133422600000047e-01,-2.660183668140000179e+00,-5.919928073880000419e+00,-2.507980585099999882e+00,0.000000000000000000e+00
1.984469531099999884e+01,-4.320804805519999903e+00,4.466344384770000175e+01,-2.016076787809999971e+01,-1.651117324829999733e+00,-5.947283744809999106e+00,-4.035562038419999276e+00,0.000000000000000000e+00
1.984962182900000016e+01,1.628651821480000095e+01,4.776697918760000050e+01,-3.656189329969999591e+01,-7.542732954029999215e-01,-7.347958564760000755e+00,-6.330455303189999938e+00,0.000000000000000000e+00
1.985461476400000080e+01,-1.241207682830000003e+01,2.877488099489999840e+01,-3.805784146730000117e+01,3.296532481909999340e-02,-7.604463100429999400e+00,-6.029962539670000510e+00,0.000000000000000000e+00
1.985963162099999835e+01,-1.950385996660000032e+01,9.541625437130001330e+00,-3.132745535389999958e+01,3.288300335409999886e-01,-7.729721546169999513e+00,-5.095007419589999920e+00,0.000000000000000000e+00
1.986464533299999857e+01,-2.748406493929999783e+01,1.761907614760000129e+01,-2.868429179239999627e+01,2.560751736160000180e-01,-7.776951789860000908e+00,-2.320920944209999615e+00,0.000000000000000000e+00
1.986976285900000150e+01,-2.183241864949999922e+01,3.773501470380000455e+01,-2.164920844650000120e+01,8.171644061799999970e-02,-6.198220729830000053e+00,2.225271910430000055e-01,0.000000000000000000e+00
1.987471500199999852e+01,-9.720721190560000835e+00,3.366168740630000400e+01,-1.483094297410000095e+01,8.287863731380000765e-01,-3.909224987029999987e+00,1.923692226409999817e+00,0.000000000000000000e+00
1.987966486099999841e+01,-7.326347096450000151e+00,1.756692393550000020e+01,-1.587420816420000058e+01,1.890695810320000003e+00,-2.343997716900000139e+00,2.973088741299999782e+00,0.000000000000000000e+00
1.988477196099999844e+01,-1.211038637630000103e+01,1.341890847679999998e+00,-1.153429212329999842e+01,2.886288404459999679e+00,-8.320012092590000075e-01,3.985096693040000027e+00,0.000000000000000000e+00
1.988965685599999844e+01,-1.239586336009999989e+01,-2.107196502340000066e+01,-6.932638870519999053e+00,3.095660924909999778e+00,-5.249887108799999869e-01,4.523364067080000162e+00,0.000000000000000000e+00
1.989461453699999893e+01,-2.198687271360000040e+01,-4.158355592530000422e+01,-4.240597296339999822e+00,3.202790737149999956e+00,-1.089793324470000213e+00,4.711385250090000198e+00,0.000000000000000000e+00
1.989976662500000160e+01,-1.809813509079999960e+01,-5.161918886850000376e+01,-5.723013636039999685e-01,2.936836719509999583e+00,-1.584499716759999899e+00,4.397234439850000065e+00,0.000000000000000000e+00
1.990470823400000100e+01,-1.893299864570000102e+00,-3.698474344899999977e+01,-1.351375679799999929e+01,2.158576488490000056e+00,-1.440811395649999938e+00,3.470682144169999983e+00,0.000000000000000000e+00
1.990974020299999836e+01,6.052327861860000269e+00,-5.808498647230000422e+00,-2.108654767550000031e+01,-7.348060011859999241e-01,-1.191167712209999952e+00,1.937410116200000143e+00,0.000000000000000000e+00
1.991461804400000091e+01,-4.045639664649999800e-01,9.796808404940000159e+00,-2.199551896139999840e+01,-3.962166547780000769e+00,-1.718314051629999950e+00,6.264322996140000432e-01,0.000000000000000000e+00
1.991963587200000063e+01,-6.617281127730000101e+00,1.584620284370000132e+00,-2.046203279810000097e+01,-6.410617351530000008e+00,-2.293253660199999988e+00,-2.976699769500000259e-01,0.000000000000000000e+00
1.992468802899999858e+01,-1.009301078090000026e+01,-4.353199300909999181e+00,-5.035999193999999513e+00,-6.648277282710000513e+00,-2.646821498870000067e+00,-4.812299832700000363e-02,0.000000000000000000e+00
1.992960870199999945e+01,-3.023907384179999713e+00,-7.922976772560000214e+00,-3.773067791669999782e-02,-4.426818847659999889e+00,-2.016314506530000106e+00,1.041504383089999930e+00,0.000000000000000000e+00
1.993464862200000098e+01,-2.533245900639999881e-01,-6.457131482300000336e-01,-1.100454461080000002e+01,-2.062473773959999868e+00,-1.051353573799999941e+00,1.358140349390000168e+00,0.000000000000000000e+00
1.993963394700000080e+01,-6.617770957070000293e+00,7.151527120639999069e+00,-1.049073116509999970e+01,-4.078186452390000216e-01,-8.274235129359999164e-01,1.434393882750000015e+00,0.000000000000000000e+00
1.994471065000000110e+01,-9.075800069489998734e+00,7.693111785870000219e+00,-8.902989095419998833e+00,6.434991210700000130e-02,-5.934808254240000469e-01,1.275181770320000130e+00,0.000000000000000000e+00
1.994961449699999889e+01,-3.563387478349999693e+00,2.077383197160000083e+00,-1.140482169369999887e+01,-2.276341915129999893e-01,-7.428568601610000544e-01,8.458155393600000904e-01,0.000000000000000000e+00
1.995476024499999923e+01,-1.716685552690000005e+00,1.051522803909999970e+00,-1.148759116239999933e+01,-8.375824093820000149e-01,-8.253962993619998745e-01,4.669435024260000233e-01,0.000000000000000000e+00
1.995955500699999874e+01,-4.656358948650000329e+00,1.356824505170000306e+00,-1.018246484179999989e+01,-1.220214724539999906e+00,-6.541889905929999527e-01,3.804281353949999778e-01,0.000000000000000000e+00
1.996477681700000062e+01,-7.984357416189999945e+00,7.629332410529999775e-01,-9.002011195179999703e+00,-1.151094675059999961e+00,-4.370469450949999723e-01,6.158713698390000379e-01,0.000000000000000000e+00
1.996958206200000063e+01,-5.002600782270000046e+00,-8.525224726940000552e-01,-8.180132501750000174e+00,-6.215541958810000267e-01,-1.545179337260000063e-01,8.748211264609999649e-01,0.000000000000000000e+00
1.997449377999999953e+01,-4.637020918710000217e+00,1.527718009990000070e-01,-9.993540352829999307e+00,-2.811414599419999605e-01,-7.512307912110001429e-02,8.843894004819999877e-01,0.000000000000000000e+00
1.997956294000000099e+01,-4.619863155420000034e+00,9.314235754520000521e-01,-9.865946238580001193e+00,-1.959957480429999899e-01,-1.855210512880000051e-01,7.665908932690000954e-01,0.000000000000000000e+00
1.998463144999999841e+01,-2.589453598620000019e+00,-1.178204607359999989e-01,-1.061031382230000020e+01,-4.433134794240000121e-01,-3.128518164160000170e-01,5.776697993279999999e-01,0.000000000000000000e+00
1.998952235100000152e+01,-3.155906163129999609e+00,-5.942083307140000326e-01,-1.042963459909999990e+01,-6.275861859319999958e-01,-3.438680171969999977e-01,4.780252873899999422e-01,1.000000000000000000e+00
1.999470757599999970e+01,-3.668934011449999755e+00,-7.378854551669999928e-01,-1.035309379570000132e+01,-6.638631820679999906e-01,-2.964282333850000173e-01,5.296962857249999379e-01,1.000000000000000000e+00
1.999961927400000050e+01,-3.301382555560000043e+00,-2.577165962119999931e-01,-1.069721819879999991e+01,-5.724392533300000085e-01,-2.281179130079999950e-01,5.305306315419999752e-01,1.000000000000000000e+00
2.000473463899999871e+01,-3.592686345809999793e+00,-2.223983588650000065e-01,-1.070232692009999909e+01,-4.880194365980000115e-01,-2.269391864539999915e-01,5.563738346100000065e-01,1.000000000000000000e+00
2.000966245300000068e+01,-3.369620517740000043e+00,-3.822339516369999690e-01,-1.087083522849999895e+01,-4.624692797659999965e-01,-2.737573683260000057e-01,4.936378598210000024e-01,1.000000000000000000e+00
2.001476766200000057e+01,-3.117572925350000190e+00,-7.286221714550000783e-01,-1.083812304549999972e+01,-5.456030964850000498e-01,-3.636764884000000531e-01,3.790330290789999945e-01,1.000000000000000000e+00
2.001949842399999824e+01,-3.097744773800000129e+00,-1.013483361439999841e+00,-1.086290209749999924e+01,-6.346078515049999869e-01,-4.312703013420000064e-01,3.066243529320000216e-01,1.000000000000000000e+00
2.002461954199999994e+01,-2.853942739439999876e+00,-1.315759358210000007e+00,-1.128937628239999924e+01,-6.920483708380000820e-01,-4.532141387460000281e-01,2.833495736120000275e-01,0.000000000000000000e+00
2.002960356699999878e+01,-2.394099514959999730e+00,-7.016960244760001020e-01,-1.187151799900000171e+01,-6.650522947310000266e-01,-4.788842797280000174e-01,2.813261151309999764e-01,0.000000000000000000e+00
2.003454286299999865e+01,-2.146380014890000076e+00,-8.136911491920000294e-01,-1.219575346020000062e+01,-5.962535738949999997e-01,-5.058789849279999862e-01,2.877278327939999936e-01,0.000000000000000000e+00
2.003961841599999971e+01,-2.005761145500000175e+00,-1.125252422310000000e+00,-1.293827512380000044e+01,-5.129335522649999257e-01,-6.034513711929999635e-01,3.125303685670000053e-01,0.000000000000000000e+00
2.004466117000000125e+01,-1.897004856569999953e+00,-7.488746128239999189e-01,-1.351264269930000061e+01,-4.261104464530000024e-01,-7.984930276870000343e-01,3.498635590079999802e-01,0.000000000000000000e+00
2.004959937499999967e+01,-1.633010513529999930e+00,-1.262277797260000112e+00,-1.506865984329999897e+01,-3.951102197169999997e-01,-1.099545478820000088e+00,3.060820102690000044e-01,0.000000000000000000e+00
2.005458740899999981e+01,-1.223399346679999944e+00,-1.797111380800000102e+00,-1.580383523579999938e+01,-5.408724546430000446e-01,-1.450547814370000133e+00,2.780328392979999896e-01,0.000000000000000000e+00
2.005958913599999960e+01,-3.641127136110000051e-01,-1.969164376110000281e-01,-1.651051050999999958e+01,-6.918252706530000351e-01,-1.835153698920000132e+00,2.517976760860000107e-01,0.000000000000000000e+00
2.006459004999999962e+01,2.513626788739999895e-01,8.026347715180001119e-01,-1.657686426589999940e+01,-8.782392144199999695e-01,-2.250801563259999583e+00,1.232090517879999986e-01,0.000000000000000000e+00
2.006969477999999896e+01,3.748016462120000170e-01,1.217512699790000097e+00,-1.638860262469999896e+01,-9.115658998489999387e-01,-2.645187616349999882e+00,4.105497524140000465e-02,0.000000000000000000e+00
2.007469537200000076e+01,-4.732592804959999677e-01,3.005633476339999888e+00,-1.682373825510000032e+01,-9.026335477829999787e-01,-3.077878952030000281e+00,-1.232514996079999911e-02,0.000000000000000000e+00
2.007972894399999930e+01,5.793348789700000223e-01,2.776281115350000217e+00,-1.599553620380000041e+01,-8.204733133319999094e-01,-3.449602127079999914e+00,-1.075061783190000009e-01,0.000000000000000000e+00
2.008464448999999874e+01,1.108428567150000044e+00,3.691661391559999394e+00,-1.544128436469999954e+01,-6.605123281479999831e-01,-3.859030723570000099e+00,-2.112906277180000014e-01,0.000000000000000000e+00
2.008963143100000082e+01,1.242939621190000121e+00,4.378273536410000055e+00,-1.576503701089999865e+01,-5.962993502619999830e-01,-4.248064994809999995e+00,-3.003350198270000049e-01,0.000000000000000000e+00
2.009466123800000048e+01,1.722444408479999911e+00,3.490691367709999771e+00,-1.521446298349999893e+01,-5.820626616480000237e-01,-4.596746921540000308e+00,-4.121831953530000203e-01,0.000000000000000000e+00
2.009957583099999923e+01,1.764282731780000057e+00,3.333027986150000288e+00,-1.426464647690000120e+01,-5.710456371309999835e-01,-4.900404930109999668e+00,-4.514311254020000330e-01,0.000000000000000000e+00
2.010458106400000133e+01,1.350753806960000025e+00,2.788270828349999952e+00,-1.429525204309999964e+01,-6.028152704240000714e-01,-5.211426258090000374e+00,-4.718144536020000279e-01,0.000000000000000000e+00
2.010975140200000055e+01,1.657027787319999890e+00,2.067666105270000276e+00,-1.413056533880000032e+01,-6.154915690419999752e-01,-5.518229484559999953e+00,-4.576502442360000367e-01,0.000000000000000000e+00
2.011456217499999966e+01,2.145634164959999701e+00,6.038170303300000041e-01,-1.399649004579999989e+01,-6.283471584319999526e-01,-5.877830505369999514e+00,-3.905716836450000007e-01,0.000000000000000000e+00
2.011963163000000065e+01,2.923651943220000327e+00,-8.760920027219999684e-02,-1.342143974880000101e+01,-6.258497238160000142e-01,-6.175673961640000265e+00,-2.820221483709999810e-01,0.000000000000000000e+00
2.012465685400000126e+01,2.475724051329999842e+00,2.172218512759999803e-02,-1.350079327150000097e+01,-7.155178189280000378e-01,-6.467009544369998864e+00,-1.761058121919999997e-01,0.000000000000000000e+00
2.012963043399999918e+01,2.169777695479999657e+00,-8.141799921549999763e-02,-1.322962655259999920e+01,-9.014835953709999794e-01,-6.896962165830000657e+00,-1.001600101590000153e-01,0.000000000000000000e+00
2.013474672899999973e+01,1.049409245819999947e+00,5.864365642009999879e-01,-1.271847268150000154e+01,-1.165247201919999975e+00,-7.243485927580000094e+00,-5.296706780790000346e-02,0.000000000000000000e+00
2.013959592699999845e+01,-3.336161608000000278e+00,-8.632322288869999083e-01,-1.385692843040000000e+01,-1.447276711460000032e+00,-7.733872413639999444e+00,-1.012797188010000106e-02,0.000000000000000000e+00
2.014471381499999936e+01,-7.045085684530000947e+00,-3.903808350730000321e+00,-1.605464890249999854e+01,-1.697601556780000021e+00,-8.110154151919999777e+00,-2.178832329810000135e-02,0.000000000000000000e+00
2.014968123299999903e+01,-1.148303773680000006e+01,-4.093135867580000031e+00,-1.770050472299999811e+01,-1.924296736720000123e+00,-8.326064109800000779e+00,-8.020707219839999513e-02,0.000000000000000000e+00
2.015466129900000070e+01,-1.489959623910000097e+01,-1.655761128389999781e+00,-1.753234595860000056e+01,-2.207152843479999849e+00,-8.424333572389999247e+00,-2.230260968210000250e-01,0.000000000000000000e+00
2.015971767199999931e+01,-1.694947709679999903e+01,1.903395799720000170e-01,-1.610798301779999875e+01,-2.393056392670000143e+00,-8.087176322939999551e+00,-3.052073419090000073e-01,0.000000000000000000e+00
2.016463167899999931e+01,-1.510749430869999799e+01,-4.279213150460000059e-01,-1.667377799519999826e+01,-2.652023315429999695e+00,-7.615045070650000802e+00,-4.004599452020000117e-01,0.000000000000000000e+00
2.016971640399999899e+01,-1.463711902260000031e+01,-9.472841385369999978e-01,-1.698652760130000061e+01,-2.863849401470000000e+00,-7.043125152589999161e+00,-2.094151675700000048e-01,0.000000000000000000e+00
2.017468321300000156e+01,-1.382609606970000016e+01,-3.631579555569999673e+00,-1.710152409979999888e+01,-3.255829572680000172e+00,-6.582195281980000701e+00,2.015820145609999725e-01,0.000000000000000000e+00
2.017973413400000027e+01,-1.146271157259999995e+01,-4.257834554609999600e+00,-1.776531183390000024e+01,-3.848636627200000326e+00,-6.360924243930000443e+00,5.389765501019999627e-01,0.000000000000000000e+00
2.018458829200000082e+01,-1.215682079519999981e+01,-3.471440431540000482e+00,-1.903375005350000038e+01,-4.439533233640000631e+00,-6.223932743069998885e+00,4.976066946980000072e-01,0.000000000000000000e+00
2.018973413599999844e+01,-1.763383532529999798e+01,-4.595301399490000493e-01,-2.330767474219999613e+01,-4.945774078369999494e+00,-5.999553680419999147e+00,-1.930350437759999899e-02,0.000000000000000000e+00
2.019460946399999912e+01,-1.752062161859999989e+01,-5.054249355629999441e-01,-2.130587197890000084e+01,-5.213819503779999920e+00,-5.423732280730000355e+00,-6.051169037820000041e-01,0.000000000000000000e+00
2.019961110399999882e+01,-1.046719013049999880e+01,-2.197309261010000014e+00,-1.923876292299999946e+01,-5.237095832819999686e+00,-4.748062610629999902e+00,-8.677421212200000511e-01,0.000000000000000000e+00
2.020472345800000014e+01,-3.677330668389999779e+00,-3.252937673599999968e+00,-1.788936842170000219e+01,-5.249630928040000200e+00,-4.147158622740000133e+00,-8.577952384950000564e-01,0.000000000000000000e+00
2.020963449699999970e+01,1.410029295010000183e+00,-3.802976863450000078e+00,-1.539523339219999976e+01,-5.308925628659999951e+00,-3.629721164700000280e+00,-8.358240723609999812e-01,0.000000000000000000e+00
2.021469028099999932e+01,5.154681687520000111e+00,-2.562752346440000384e+00,-1.235157296749999922e+01,-5.322329998019999842e+00,-3.357141017910000080e+00,-9.633860588070001230e-01,0.000000000000000000e+00
2.021953531899999845e+01,1.054885017660000024e+01,-2.370546059280000062e+00,-8.757969799110000508e+00,-5.333652019499999675e+00,-3.217674493790000145e+00,-1.210092186929999869e+00,0.000000000000000000e+00
2.022467793899999933e+01,1.870461045359999730e+01,-5.490056966950000117e+00,-3.054046501849999817e+00,-5.101476192469999837e+00,-2.550385475159999693e+00,-1.060608506200000134e+00,0.000000000000000000e+00
2.022973053100000129e+01,-9.071656393819999664e+00,7.298387076380000060e+00,-1.180383971650000063e+01,-4.855318546300000371e+00,-3.590977907180000539e+00,-1.109145879750000008e+00,0.000000000000000000e+00
2.023467396799999918e+01,-1.404629364890000076e+01,1.206423252789999978e+01,-2.202852808159999753e+01,-4.479533195500000176e+00,-3.508489847180000343e+00,-1.030769705770000044e+00,0.000000000000000000e+00
2.023962272800000051e+01,-1.027881859919999918e+01,5.859919037869999237e+00,-2.429998715920000052e+01,-3.566815376280000116e+00,-3.182787656779999530e+00,-1.123613119129999838e+00,0.000000000000000000e+00
2.024464797199999921e+01,-5.404562457279999954e-01,4.271962448680000080e+00,-2.272747130020000128e+01,-2.356419563290000241e+00,-2.553305149079999836e+00,-1.235948801039999934e+00,0.000000000000000000e+00
2.024973713400000008e+01,-6.525221268190000146e+00,2.488433895300000032e+00,-2.232384256879999995e+01,-1.427243351940000071e+00,-6.522969007490000415e-01,-4.961685240270000130e-01,0.000000000000000000e+00
2.025473871499999845e+01,-2.956265049800000266e+00,-5.613864767600000860e-01,-2.183306162360000258e+01,-1.010792493820000137e+00,5.131024718280000618e-01,4.048842936750000204e-02,0.000000000000000000e+00
2.025970700299999905e+01,1.523613442479999858e+00,-5.415929654470000187e+00,-2.142106020059999949e+01,-1.001787781720000048e+00,1.096040248870000067e+00,5.458647608759999992e-01,0.000000000000000000e+00
2.026474892199999900e+01,4.203931114990000495e+00,-9.398679439960000437e+00,-2.067679549269999839e+01,-1.086765289310000160e+00,1.210363388059999989e+00,1.004937648770000136e+00,0.000000000000000000e+00
2.026962277599999851e+01,4.625153955309999176e+00,-1.081155769470000116e+01,-2.075389393000000027e+01,-1.230636358259999952e+00,1.121149659160000089e+00,1.296238064770000031e+00,0.000000000000000000e+00
2.027472979699999911e+01,3.798458509240000058e+00,-9.784225986750000104e+00,-1.943125884079999821e+01,-1.424402117729999917e+00,1.265345573429999870e+00,1.492807149889999963e+00,0.000000000000000000e+00
2.027966086400000023e+01,4.712113861359999767e+00,-8.972990267880000204e+00,-1.896602851640000154e+01,-1.821953296659999832e+00,1.336105227470000045e+00,1.452533006669999960e+00,0.000000000000000000e+00
2.028467307000000019e+01,3.596510580269999480e+00,-1.044599887390000070e+01,-1.751118860429999913e+01,-2.258841753010000009e+00,1.639002084729999975e+00,1.466693401339999925e+00,0.000000000000000000e+00
2.028972580399999970e+01,1.465414789880000068e+00,-1.161527996920000128e+01,-1.648885748109999838e+01,-2.572527408600000065e+00,2.159963369370000219e+00,1.635221838950000173e+00,0.000000000000000000e+00
2.029461177900000024e+01,2.193133144369999954e+00,-1.199279343160000089e+01,-1.624795496759999835e+01,-2.740551471709999909e+00,2.650046586989999842e+00,1.800255417820000092e+00,0.000000000000000000e+00
2.029970611499999933e+01,1.362804164110000160e+00,-1.202584931349999842e+01,-1.557737041299999881e+01,-2.880027294160000029e+00,3.272430658339999798e+00,2.006179094309999744e+00,0.000000000000000000e+00
2.030468009799999862e+01,1.845905076190000216e+00,-1.118768817829999840e+01,-1.441720435210000062e+01,-2.972060203550000335e+00,3.699209213259999629e+00,2.109157800669999805e+00,0.000000000000000000e+00
2.030965921900000026e+01,2.429262159879999938e+00,-1.051204984740000015e+01,-1.358624218849999821e+01,-3.007002592090000093e+00,3.998762369160000052e+00,2.095299720759999929e+00,0.000000000000000000e+00
2.031465660699999987e+01,2.386078559459999582e+00,-1.042585741859999970e+01,-1.301265085809999889e+01,-2.925046205519999720e+00,4.361124515530000245e+00,2.065839529040000233e+00,0.000000000000000000e+00
2.031972678900000062e+01,2.438806817820000195e+00,-1.067259930580000038e+01,-1.263344812739999945e+01,-2.768395662310000116e+00,4.629395484919999859e+00,2.054930925369999883e+00,0.000000000000000000e+00
2.032472788400000141e+01,1.855134238440000027e+00,-1.128973751700000072e+01,-1.229407588730000001e+01,-2.510208129880000083e+00,4.883453845980000096e+00,2.070376157759999725e+00,0.000000000000000000e+00
2.032958869500000176e+01,7.757227261300000398e-01,-1.176024022880000075e+01,-1.255865972069999970e+01,-2.173296928410000106e+00,5.191990375519999645e+00,2.086571693420000262e+00,0.000000000000000000e+00
2.033467538000000019e+01,-3.373502327610000129e-01,-1.182657411089999933e+01,-1.198557107910000141e+01,-1.829438805579999938e+00,5.414156913759999412e+00,1.999937653539999971e+00,0.000000000000000000e+00
2.033969390800000099e+01,-1.281590400490000059e+00,-1.217464637480000000e+01,-1.129566456890000126e+01,-1.471488833430000032e+00,5.664566040040000416e+00,1.846723556520000198e+00,0.000000000000000000e+00
2.034463745600000095e+01,-1.879952891740000354e+00,-1.290893797020000022e+01,-1.060058854710000098e+01,-1.226010084150000123e+00,5.888191699980000138e+00,1.570521116260000127e+00,0.000000000000000000e+00
2.034962389200000032e+01,-2.622689221009999905e+00,-1.391370771769999948e+01,-9.936231488680000723e+00,-1.039079189299999983e+00,6.151053428650000043e+00,1.275769591329999786e+00,0.000000000000000000e+00
2.035474175899999949e+01,-3.034582799709999446e+00,-1.517214476769999898e+01,-9.486789685089998869e+00,-9.337224364280000133e-01,6.411516666410000731e+00,9.108082652089999343e-01,0.000000000000000000e+00
2.035956282800000139e+01,-3.267647459219999995e+00,-1.609621659220000112e+01,-9.118025930800000012e+00,-9.254648685459999635e-01,6.670369625090000198e+00,6.047778129580000384e-01,0.000000000000000000e+00
2.036465911799999873e+01,-3.234747060140000130e+00,-1.651210742379999985e+01,-8.780786611070000802e+00,-9.326212406160000468e-01,6.820691108700000171e+00,3.069972991939999840e-01,0.000000000000000000e+00
2.036956264200000177e+01,-3.183605778700000055e+00,-1.633490142970000036e+01,-8.491043786529999693e+00,-9.211094975470000001e-01,6.935928821560000124e+00,1.245413254949999902e-02,0.000000000000000000e+00
2.037470044200000174e+01,-3.535466036719999927e+00,-1.590912165670000000e+01,-8.469614045010001036e+00,-8.782203197480000778e-01,6.972152233119999210e+00,-2.347391396759999915e-01,0.000000000000000000e+00
2.037955144300000043e+01,-3.976492770930000642e+00,-1.512199278960000015e+01,-8.727898485969999953e+00,-7.200260162350000659e-01,6.976927280429999989e+00,-5.261936187740000603e-01,0.000000000000000000e+00
2.038449295499999891e+01,-4.861534607500000327e+00,-1.423091956390000057e+01,-8.958705137419999076e+00,-4.836549162859999917e-01,6.949062824249999437e+00,-8.352985382080000409e-01,0.000000000000000000e+00
2.038948129399999942e+01,-5.876341180359999861e+00,-1.329709908339999913e+01,-9.000652766310000885e+00,-2.317526638509999903e-01,6.920351505280000204e+00,-1.189152240749999923e+00,0.000000000000000000e+00
2.039463675700000067e+01,-6.935927975189999373e+00,-1.318885381269999968e+01,-9.155959063360000982e+00,9.207328408959999932e-02,6.925132751460000513e+00,-1.517465829850000114e+00,0.000000000000000000e+00
2.039970204400000142e+01,-7.530334714560001252e+00,-1.382543088380000107e+01,-9.723002579500001019e+00,3.798975944520000536e-01,6.955109596249999804e+00,-1.854899644850000140e+00,0.000000000000000000e+00
2.040471361000000172e+01,-7.946744601639998962e+00,-1.409463828530000029e+01,-1.022923243820000039e+01,7.042215466500000298e-01,7.004616737370000124e+00,-2.188246011729999996e+00,0.000000000000000000e+00
2.040969864499999886e+01,-8.119305984869999548e+00,-1.426035491720000081e+01,-1.045736197939999990e+01,9.665199518200001672e-01,7.048086166380000073e+00,-2.472351789469999783e+00,0.000000000000000000e+00
2.041470075300000175e+01,-7.949014300129999988e+00,-1.454025790030000032e+01,-1.072941717159999975e+01,1.234125018120000083e+00,7.010783672330000549e+00,-2.771762132640000154e+00,0.000000000000000000e+00
2.041973859399999824e+01,-7.582709044919999641e+00,-1.504160349410000030e+01,-1.107633792740000089e+01,1.470617532729999954e+00,6.967427730560000754e+00,-3.080812454219999719e+00,0.000000000000000000e+00
2.042472456300000161e+01,-7.526417248849999631e+00,-1.541034795920000100e+01,-1.172986028809999937e+01,1.685910701750000129e+00,6.835617542269999625e+00,-3.369562625889999996e+00,0.000000000000000000e+00
2.042970486899999827e+01,-7.749106644820000334e+00,-1.528232597490000089e+01,-1.258835343269999996e+01,1.879602193829999823e+00,6.701951980590000524e+00,-3.686302185059999736e+00,0.000000000000000000e+00
2.043462347999999906e+01,-8.248876952150000719e+00,-1.515156959719999996e+01,-1.376647834410000115e+01,2.023522853849999859e+00,6.521523475650000456e+00,-4.000091075899999460e+00,0.000000000000000000e+00
2.043969981100000055e+01,-9.104635703360001386e+00,-1.503394041209999976e+01,-1.512759952359999893e+01,2.239478588099999889e+00,6.377626895900000648e+00,-4.341532707209999842e+00,0.000000000000000000e+00
2.044463122499999841e+01,-1.031552657389999972e+01,-1.457836522040000027e+01,-1.632361431200000013e+01,2.450858354570000230e+00,6.246730327610000799e+00,-4.682670116419999751e+00,0.000000000000000000e+00
2.044970056900000088e+01,-1.170955984279999917e+01,-1.425409118069999970e+01,-1.733254468630000034e+01,2.648859739300000182e+00,6.136044502259999867e+00,-4.972818374630000982e+00,0.000000000000000000e+00
2.045467686399999963e+01,-1.291320147289999909e+01,-1.387899179359999913e+01,-1.792262304109999960e+01,2.867865085600000086e+00,6.034074783330000358e+00,-5.253437995909999714e+00,0.000000000000000000e+00
2.045970214400000131e+01,-1.390510004829999957e+01,-1.376652159869999892e+01,-1.827492724340000052e+01,3.077498435969999946e+00,5.956873416900000606e+00,-5.540799140930000810e+00,0.000000000000000000e+00
2.046473342000000173e+01,-1.493209682520000037e+01,-1.430043207609999811e+01,-1.864565791390000271e+01,3.288249731060000070e+00,5.852241992949999805e+00,-5.772584915160000385e+00,0.000000000000000000e+00
2.046965634500000064e+01,-1.604172512349999735e+01,-1.502163271920000120e+01,-1.885852441950000014e+01,3.478966951369999450e+00,5.716186523440000222e+00,-5.977372646330000094e+00,0.000000000000000000e+00
2.047472340099999855e+01,-1.747843316660000212e+01,-1.579105524920000114e+01,-1.885936028579999757e+01,3.628670215609999694e+00,5.501999855040001108e+00,-6.151863574980000138e+00,0.000000000000000000e+00
2.047961825000000147e+01,-1.915133949109999989e+01,-1.653205949400000208e+01,-1.902406335679999927e+01,3.711098909380000421e+00,5.252292633059999716e+00,-6.360927104950000022e+00,0.000000000000000000e+00
2.048458162100000024e+01,-2.174063000809999835e+01,-1.767867049230000021e+01,-1.932170073390000198e+01,3.725253820419999862e+00,4.980935573580000053e+00,-6.637743949889999939e+00,0.000000000000000000e+00
2.048968573100000157e+01,-2.535856331559999788e+01,-2.004085671949999892e+01,-2.000742908169999978e+01,3.606958627699999642e+00,4.687701225280000550e+00,-6.945194244380000548e+00,0.000000000000000000e+00
2.049469104399999964e+01,-2.958738980239999705e+01,-2.352963407030000198e+01,-2.096210997940000098e+01,3.373131513600000186e+00,4.465794563290000241e+00,-7.273658752439999375e+00,0.000000000000000000e+00
2.049962745699999900e+01,-3.363521557889999514e+01,-2.602354347440000026e+01,-2.137227600369999791e+01,2.937106370930000043e+00,4.370564937590000198e+00,-7.614399433139999118e+00,0.000000000000000000e+00
2.050466692599999874e+01,-3.598711889710000378e+01,-2.328482227439999974e+01,-2.170891618849999816e+01,2.304018020630000052e+00,4.393136978150000260e+00,-7.919166564939999375e+00,0.000000000000000000e+00
2.050969233400000036e+01,-3.594772913599999953e+01,-1.635111840500000113e+01,-1.960931823690000186e+01,1.518658876420000192e+00,4.489118099209999713e+00,-8.228064537050000737e+00,0.000000000000000000e+00
2.051462884500000072e+01,-3.485314175490000110e+01,-1.219002865280000059e+01,-1.696252245640000211e+01,1.002909302710000006e+00,4.566765308380000832e+00,-8.569399833680000356e+00,0.000000000000000000e+00
2.051956791399999958e+01,-3.704750707139999832e+01,-1.046850881190000138e+01,-1.344024966319999947e+01,9.041383266449999345e-01,4.614076137539999678e+00,-8.580603599550000737e+00,0.000000000000000000e+00
2.052472171200000162e+01,-3.962793272949999590e+01,-8.817818410870000179e+00,-9.584409516839999199e+00,1.105882048610000057e+00,4.448566436770000188e+00,-8.112522125239999937e+00,0.000000000000000000e+00
2.052973273699999979e+01,-4.032162927960000331e+01,-6.715452163620000192e+00,-5.669975142680000246e+00,1.490065574650000002e+00,3.990839958190000036e+00,-7.361544609069999190e+00,0.000000000000000000e+00
2.053471638999999982e+01,-3.963945482489999961e+01,-3.871304257490000289e+00,-1.426267020839999899e+00,1.943089485170000241e+00,3.424135923389999725e+00,-6.561105251310000774e+00,0.000000000000000000e+00
2.053970856200000128e+01,-3.958776906139999596e+01,-1.738789101820000127e+00,1.688917840320000030e+00,2.274083137509999908e+00,2.889990806579999738e+00,-5.713555336000000651e+00,0.000000000000000000e+00
2.054472339999999875e+01,-4.038872304019999859e+01,-5.244920396050000155e-01,4.062512473520000000e+00,2.525619745250000214e+00,2.447975635530000194e+00,-4.790179729460000146e+00,0.000000000000000000e+00
2.054961042600000098e+01,-4.138104480949999697e+01,-1.360496910079999955e+00,5.000186706860000108e+00,2.625938653950000035e+00,2.102970123290000437e+00,-3.808945894240000296e+00,0.000000000000000000e+00
2.055466373100000155e+01,-4.222946196579999878e+01,-3.954192384049999731e+00,5.331984127799999307e+00,2.521308422090000168e+00,1.932582497599999893e+00,-2.778715133670000004e+00,0.000000000000000000e+00
2.055972452900000036e+01,-4.187293634630000128e+01,-4.784219020369999242e+00,5.995030688150000842e+00,2.164998292920000011e+00,1.910811424260000058e+00,-1.847091555600000046e+00,0.000000000000000000e+00
2.056456081600000019e+01,-3.979113591719999476e+01,-1.983978791150000198e+00,7.102806052090000044e+00,1.613130092619999845e+00,1.893647432329999880e+00,-1.169679999349999999e+00,0.000000000000000000e+00
2.056960312900000076e+01,-3.728356272940000338e+01,1.931562375209999960e+00,7.581729970750000547e+00,1.045078277590000049e+00,1.856026291850000121e+00,-6.586794257160000221e-01,0.000000000000000000e+00
2.057473448100000013e+01,-3.468168278000000271e+01,5.491933866740000170e+00,6.972275299860000608e+00,6.027908921239999440e-01,1.684076905249999978e+00,-2.468659281729999877e-01,0.000000000000000000e+00
2.057969983099999922e+01,-3.175196320730000110e+01,8.194433998830000121e+00,6.296218451290000573e+00,4.193236231800000491e-01,1.427066445349999935e+00,2.697719819839999866e-02,0.000000000000000000e+00
2.058462230800000015e+01,-2.800694548860000310e+01,8.904503591630000159e+00,6.301983006169999513e+00,3.295890688900000032e-01,1.026181578639999925e+00,9.124164283280000731e-02,0.000000000000000000e+00
2.058970798200000019e+01,-2.410781974269999850e+01,6.395761360060000733e+00,6.686467476679999855e+00,1.160147786140000026e-01,4.983566403390000121e-01,1.352457422760000062e-02,0.000000000000000000e+00
2.059465704999999858e+01,-1.570886679539999875e+01,2.556609021379999902e+00,5.912307396749999278e+00,-2.153497189280000057e-01,-9.991748631000001157e-02,-1.156807392840000087e-01,0.000000000000000000e+00
2.059951350300000072e+01,-3.415443234499999647e+01,-2.996364785800000319e-01,-4.449277163919999722e+00,-1.065485119820000159e+00,-7.807708978650000908e-01,-3.393584787849999729e-01,0.000000000000000000e+00
2.060459510500000135e+01,-3.340140916120000014e+01,6.920748526239999698e+00,7.566449984030000131e+00,-2.875141143800000076e+00,-3.914286136630000357e+00,-1.121233344079999972e+00,0.000000000000000000e+00
2.060951620699999864e+01,-1.993904937290000134e+01,5.408600919010000396e+00,1.302813133579999949e+01,-4.104505538939999809e+00,-4.691198825839999920e+00,-1.234359860420000121e+00,0.000000000000000000e+00
2.061469210299999943e+01,1.482678468539999983e+01,8.555017369269998895e+00,7.657831798180001037e+00,-4.253678321839999832e+00,-5.096242427830000921e+00,-1.152677536010000114e+00,0.000000000000000000e+00
2.061960134199999928e+01,1.418107621329999901e+01,2.444459086039999818e+01,-2.047275760570000003e+01,-3.627399683000000152e+00,-6.033751487730000029e+00,-1.430951952929999882e+00,0.000000000000000000e+00
2.062454821100000046e+01,1.616562856660000236e+01,3.889779942279999858e+01,-3.590546118909999507e+01,-2.132635831830000051e+00,-7.508425235750000759e+00,-1.194951295849999928e+00,0.000000000000000000e+00
2.062968990999999974e+01,-1.389110425619999845e+01,4.646762911239999738e+01,-4.982545017899999351e+01,-1.189256429670000115e+00,-9.042785644530001221e+00,-1.847319602970000307e+00,0.000000000000000000e+00
2.063459856300000084e+01,-4.463300194770000218e+01,4.623268287690000200e+00,-4.374326143189999527e+01,-1.321122527120000223e+00,-9.045045852659999497e+00,-1.977411389350000048e+00,0.000000000000000000e+00
2.063969483500000024e+01,-6.448062040659999639e+01,1.875973174459999893e+00,-2.726315307440000169e+01,3.777605593199999667e-01,-9.118935585019999124e+00,-2.592696547510000005e-01,0.000000000000000000e+00
2.064473965199999839e+01,-5.673529854100000591e+01,2.095471227039999818e+01,-2.924127802489999794e+01,1.168397739530000062e-01,-8.310876846310000232e+00,6.396802663800000843e-01,0.000000000000000000e+00
2.064960871499999939e+01,-2.750348743260000361e+01,-3.257864024090000310e+00,1.110584210819999917e+00,1.179600119589999885e+00,-2.051837921140000187e+00,1.525261044499999885e+00,0.000000000000000000e+00
2.065466696700000071e+01,4.984744807580000270e+00,-1.714963375849999849e+01,-8.451210957829999870e+00,2.764914512630000321e+00,1.224952697750000041e+00,1.678334236149999992e+00,0.000000000000000000e+00
2.065969511200000142e+01,5.131532867130000675e+00,-3.420684057769999953e+01,-8.459134736570000257e+00,3.416553497310000242e+00,6.794300079349999244e+00,2.292655706409999716e+00,0.000000000000000000e+00
2.066462653199999977e+01,8.993425737669999975e+00,-3.545410741439999924e+01,-4.054928886519999942e+00,1.894347310069999901e+00,7.735483646389999635e+00,4.361037254330000223e+00,0.000000000000000000e+00
2.066951254599999999e+01,-1.560391004489999922e+01,-3.000672346800000057e+01,-9.573355038869999944e+00,1.727560907599999807e-01,3.388699054719999992e+00,6.432459831240000980e+00,0.000000000000000000e+00
2.067449492400000111e+01,-5.808437856959999479e+00,-7.124374909820000212e+00,-2.624442728219999665e+01,-2.016661405559999842e+00,-9.511620402339999725e-01,5.273685932159999368e+00,0.000000000000000000e+00
2.067954810100000174e+01,1.404433550059999902e+01,1.639906790459999897e+01,-1.658143522710000184e+01,-3.723211526869999677e+00,-4.644162654880000574e+00,2.504214525220000098e+00,0.000000000000000000e+00
2.068460385699999904e+01,1.073007534320000111e+01,6.083767540740000257e+00,-4.600095501900000272e+00,-5.212889671330000141e+00,-6.642165184019999558e+00,-5.299609899520000278e-01,0.000000000000000000e+00
2.068956284800000134e+01,-1.007386301280000040e+01,-1.775160011939999904e+01,-3.903442147759999425e+00,-5.092604637150000002e+00,-6.053092002869999710e+00,-1.832677125929999873e+00,0.000000000000000000e+00
2.069458564800000033e+01,-2.432805590030000076e+01,-1.264615680230000017e+01,-8.272205805289999603e+00,-4.037402629849999869e+00,-4.036397457119999643e+00,-8.013084530830000274e-01,0.000000000000000000e+00
2.069967677100000003e+01,-9.011734716819999491e+00,1.344412621240000050e+01,-5.992434826440000251e+00,-2.437876939770000195e+00,-2.141035795210000092e+00,-2.275927066800000065e-01,0.000000000000000000e+00
2.070459040900000147e+01,-1.129023903670000095e+01,1.307899526160000114e+01,-8.636118612420000673e+00,-8.458830714229998993e-01,-8.051523566250000374e-02,7.376204133029999888e-01,0.000000000000000000e+00
2.070954794400000054e+01,-7.225140053860000577e+00,-1.006575847069999918e+00,-8.859297253210000278e+00,-2.336008250710000234e-01,1.226761341090000013e+00,1.734974503519999933e+00,0.000000000000000000e+00
2.071453407499999955e+01,-5.106573197919999529e+00,-1.304217242839999846e+00,-1.041375781550000035e+01,-3.910002112389999729e-01,1.168977260589999956e+00,2.325355052950000001e+00,0.000000000000000000e+00
2.071952477600000009e+01,-1.853522419329999948e+00,5.008465290390000213e+00,-1.027783426429999913e+01,-8.693414926530000919e-01,3.671793937680000175e-01,1.717280983920000281e+00,0.000000000000000000e+00
2.072461005499999942e+01,-3.130743372560000015e+00,5.549498166959999423e+00,-9.857112943780000691e+00,-1.122730135920000150e+00,-1.403373777870000061e-01,9.406632184980000533e-01,0.000000000000000000e+00
2.072958449800000125e+01,-1.684751368289999940e+00,2.245923800440000395e+00,-1.021928738279999926e+01,-1.154201626779999934e+00,-6.375970244409999710e-01,3.976778388019999722e-01,0.000000000000000000e+00
2.073471714300000102e+01,-5.362869679930000189e+00,-9.975842199060001025e-01,-8.893293046310001060e+00,-8.293071985240000332e-01,-5.690557360650000396e-01,2.920705974100000213e-01,0.000000000000000000e+00
2.073967270300000010e+01,-5.087360547920000364e+00,-1.289055329550000017e+00,-9.324794119539999926e+00,-5.439348816869999936e-01,-5.387371182440000572e-01,3.673304617400000027e-01,0.000000000000000000e+00
2.074458125900000027e+01,-3.058736997759999632e+00,-7.287692517749999599e-01,-9.923533335149999246e+00,-3.502833545210000121e-01,-3.970443606379999713e-01,3.549202680590000103e-01,0.000000000000000000e+00
2.074958502599999832e+01,-4.731944058729999902e+00,-1.954717771479999922e+00,-1.079529629570000004e+01,-5.023187994960000013e-01,3.445639461280000648e-02,5.731016993519999492e-01,0.000000000000000000e+00
2.075474509100000020e+01,-2.726860958619999664e+00,-9.486530888019999441e-01,-1.097731758119999945e+01,-7.710707783699999318e-01,1.704178899529999736e-01,5.916918516160000197e-01,0.000000000000000000e+00
2.075967147700000126e+01,-3.391641210890000036e+00,4.301596685580000301e-01,-1.033536992300000001e+01,-9.244895577429999012e-01,1.721003353599999952e-01,5.229455828669999917e-01,0.000000000000000000e+00
2.076468561400000112e+01,-3.117076666260000017e+00,1.706193092510000175e+00,-1.014968368519999942e+01,-8.088071942329999597e-01,4.900071769949999878e-02,4.109219014639999834e-01,0.000000000000000000e+00
2.076960229199999830e+01,-3.093667149100000291e+00,1.819929507940000191e+00,-1.044946976489999990e+01,-5.712392926220000167e-01,-1.400397717950000176e-01,3.207668066020000208e-01,0.000000000000000000e+00
2.077468615900000160e+01,-2.771289298409999713e+00,1.780088788199999827e+00,-1.039684876629999977e+01,-3.540045619009999922e-01,-3.151386380199999726e-01,2.151094377039999839e-01,0.000000000000000000e+00
2.077962435799999952e+01,-3.305147753309999548e+00,7.978776401189999756e-01,-1.067681253960000021e+01,-2.759182453160000104e-01,-3.085217475890000283e-01,1.648929864170000092e-01,1.000000000000000000e+00
2.078463196099999877e+01,-2.991816255649999867e+00,-1.450009112689999990e-01,-1.073593342160000041e+01,-2.656989395620000249e-01,-3.008442223070000310e-01,1.684820652010000086e-01,1.000000000000000000e+00
2.078969418399999824e+01,-3.354233271260000038e+00,-5.795930915150000473e-01,-1.050971292889999908e+01,-2.557917833329999557e-01,-2.244891673330000059e-01,1.898324638610000281e-01,1.000000000000000000e+00
2.079459865400000140e+01,-3.824441968550000404e+00,-1.450951526379999912e+00,-1.044292896490000011e+01,-2.414975315329999928e-01,-1.926791667940000174e-01,2.902400493619999855e-01,1.000000000000000000e+00
2.079956653700000047e+01,-3.536171554639999659e+00,-1.800968056229999892e+00,-1.051553593600000092e+01,-2.585347890849999941e-01,-1.977416276929999939e-01,3.684789538380000007e-01,1.000000000000000000e+00
2.080441357500000166e+01,-2.855739851990000133e+00,-1.432618435700000026e+00,-1.072082703789999947e+01,-1.993634700780000102e-01,-3.265145719049999951e-01,4.099536836150000085e-01,0.000000000000000000e+00
2.080952390799999918e+01,-2.336496344029999950e+00,-1.080322708870000037e+00,-1.137206157990000044e+01,-2.150806933639999863e-01,-4.609107077119999896e-01,3.697765469550000073e-01,0.000000000000000000e+00
2.081444306899999930e+01,-2.354906883859999578e+00,-8.520319126980000490e-01,-1.205469780690000015e+01,-2.700738608839999833e-01,-6.624626517299999628e-01,3.578517436979999911e-01,0.000000000000000000e+00
2.081956144899999828e+01,-2.304566251290000256e+00,-1.639434701360000135e+00,-1.271518299230000082e+01,-3.765993118289999719e-01,-8.348692655560000508e-01,3.513883650299999828e-01,0.000000000000000000e+00
2.082470107299999995e+01,-2.309466298290000275e+00,-1.958604842050000183e+00,-1.271380468969999988e+01,-4.766177237030000402e-01,-9.616943597789999743e-01,4.072600305080000260e-01,0.000000000000000000e+00
2.082965181999999871e+01,-1.957263072050000163e+00,-1.845496495389999936e+00,-1.314888420589999996e+01,-5.810472965240000010e-01,-1.136228680610000152e+00,4.117844700810000536e-01,0.000000000000000000e+00
2.083442188600000122e+01,-1.990482327820000119e+00,-9.236309488139999857e-01,-1.424021930720000029e+01,-6.644708514210000416e-01,-1.350262284280000058e+00,4.420384168620000165e-01,0.000000000000000000e+00
2.083957592399999825e+01,-1.143441428339999844e+00,6.058898910819999761e-01,-1.521554434900000174e+01,-7.616050839419999940e-01,-1.702468991279999955e+00,3.875762522219999839e-01,0.000000000000000000e+00
2.084455500700000030e+01,3.019326632259999865e-01,1.736488862050000082e+00,-1.513327990730000039e+01,-7.908203601840000374e-01,-2.068337917329999609e+00,2.965034246440000354e-01,0.000000000000000000e+00
2.084956136599999965e+01,6.049898735019999529e-01,3.144772482440000072e+00,-1.547333954509999998e+01,-8.064889907840000483e-01,-2.475570917130000215e+00,1.563205718990000048e-01,0.000000000000000000e+00
2.085471626800000067e+01,6.105214964049999748e-01,2.935837471060000148e+00,-1.558706529300000021e+01,-8.119341731070000012e-01,-2.858832836149999945e+00,-4.307754337790000408e-03,0.000000000000000000e+00
2.085967788299999981e+01,5.526815941160000412e-01,2.836417019620000257e+00,-1.538859906869999961e+01,-7.615904212000000895e-01,-3.229033470149999641e+00,-1.184787601230000015e-01,0.000000000000000000e+00
2.086456096399999893e+01,5.194784126939999691e-01,3.097331224569999986e+00,-1.505813728030000043e+01,-7.131896018979999585e-01,-3.579813957209999398e+00,-1.944887042050000014e-01,0.000000000000000000e+00
2.086943980299999879e+01,4.894189361260000148e-01,4.001760483169999993e+00,-1.465597803690000056e+01,-6.695342063899999419e-01,-3.912524938580000278e+00,-3.164231181139999793e-01,0.000000000000000000e+00
2.087468324499999994e+01,9.765138132179999042e-01,4.352753310709999823e+00,-1.444027426200000086e+01,-6.153174638750000813e-01,-4.167541027069999515e+00,-4.248084127899999785e-01,0.000000000000000000e+00
2.087954071400000089e+01,1.146185612490000061e+00,4.035611314850000575e+00,-1.402328452920000146e+01,-5.662422776219999676e-01,-4.416416168209999604e+00,-4.969580769540000165e-01,0.000000000000000000e+00
2.088452920800000001e+01,1.206245894240000061e+00,3.793868258839999896e+00,-1.316604109240000042e+01,-5.246149301529999809e-01,-4.680765151980000205e+00,-5.069223046299999869e-01,0.000000000000000000e+00
2.088970125000000166e+01,4.831309418970000102e-01,2.714644743390000059e+00,-1.347925480890000038e+01,-4.869993925089999842e-01,-4.903382778170000122e+00,-4.700921773910000101e-01,0.000000000000000000e+00
2.089462311799999839e+01,3.014762064290000265e-01,1.994436180009999893e+00,-1.311389706369999963e+01,-5.249922871589999263e-01,-5.183018207549999978e+00,-4.687815904620000196e-01,0.000000000000000000e+00
2.089970108900000056e+01,1.028275856899999896e+00,1.267453592460000111e+00,-1.294924309259999973e+01,-6.040002703669999917e-01,-5.455371379849999869e+00,-4.173263013359999607e-01,0.000000000000000000e+00
2.090453159999999855e+01,7.552109031730001032e-01,5.809701520219999749e-01,-1.285420684760000043e+01,-7.646155953409999873e-01,-5.737331867219999992e+00,-4.037629961970000125e-01,0.000000000000000000e+00
2.090967011400000075e+01,-5.098148776179999703e-02,8.563741066209999975e-01,-1.256203241200000065e+01,-9.642924070360000544e-01,-6.007612705229999683e+00,-3.642940819259999907e-01,0.000000000000000000e+00
2.091456767300000053e+01,-3.449282667999999941e-01,1.291480803130000021e+00,-1.178798163759999973e+01,-1.238517999649999979e+00,-6.314653396609999803e+00,-3.432359993460000203e-01,0.000000000000000000e+00
2.091956427999999946e+01,-3.608001111580000586e+00,-1.155382772160000071e+00,-1.247722062390000097e+01,-1.540371537210000197e+00,-6.602657794949999825e+00,-3.050249218939999896e-01,0.000000000000000000e+00
2.092468378599999923e+01,-7.529719797530000314e+00,-4.310452338340000189e+00,-1.434720201060000022e+01,-1.893644690509999950e+00,-6.844528675080000291e+00,-4.545756578450000363e-01,0.000000000000000000e+00
2.092957612900000086e+01,-1.151594748829999837e+01,-5.521861972009999953e+00,-1.577476111700000061e+01,-2.370138406750000204e+00,-6.979258060460000301e+00,-5.660210847850000171e-01,0.000000000000000000e+00
2.093442538300000066e+01,-1.502263108260000024e+01,-3.493558447580000337e+00,-1.577271412140000173e+01,-2.966674566270000479e+00,-6.997584342959999759e+00,-5.956621766090000047e-01,0.000000000000000000e+00
2.093972073000000123e+01,-1.659264752600000037e+01,-2.200904216760000143e+00,-1.512144333900000071e+01,-3.561913013459999444e+00,-6.703086376189999918e+00,-6.774939894679998797e-01,0.000000000000000000e+00
2.094459875500000123e+01,-1.496730959289999952e+01,-2.611610193109999756e+00,-1.439807178160000056e+01,-4.069737434390000352e+00,-6.214673042300000283e+00,-6.723502874369999827e-01,0.000000000000000000e+00
2.094953861600000167e+01,-1.254851358970000064e+01,-1.046340286700000011e+00,-1.465788474730000068e+01,-4.510228157040000241e+00,-5.513499736790000050e+00,-5.622926950450000128e-01,0.000000000000000000e+00
2.095473635000000101e+01,-1.074269400180000034e+01,-9.591514672669999575e-01,-1.479713305900000009e+01,-5.013943672180000810e+00,-5.074108600619999798e+00,-4.314189553259999976e-01,0.000000000000000000e+00
2.095962569799999997e+01,-8.634324714739999962e+00,-1.215526056020000079e+00,-1.486797945009999999e+01,-5.476294517519999516e+00,-4.879515647889999919e+00,-3.594686985019999725e-01,0.000000000000000000e+00
2.096471692800000142e+01,-8.340780159830000429e+00,-1.860592211579999988e+00,-1.564501011699999999e+01,-5.987124919889999397e+00,-4.967303752900000369e+00,-4.749525189399999570e-01,0.000000000000000000e+00
2.096958854000000017e+01,-1.007729649440000053e+01,-2.206861225470000409e+00,-1.589721494580000005e+01,-6.452565670009999366e+00,-4.968365669249999783e+00,-6.612688302989999656e-01,0.000000000000000000e+00
2.097470402000000078e+01,-1.433122468920000081e+01,1.487929842420000037e+00,-2.039512374639999948e+01,-6.728804588320000057e+00,-4.823426246640000414e+00,-1.220340132710000081e+00,0.000000000000000000e+00
2.097966445799999846e+01,-1.180802489319999893e+01,6.553872777660000315e-01,-1.846229456609999886e+01,-6.770597934719999600e+00,-4.415230751040000179e+00,-1.718104839320000021e+00,0.000000000000000000e+00
2.098458129899999847e+01,-8.561396256649999259e+00,-2.839857223210000003e-01,-1.665944902560000074e+01,-6.616743564609999240e+00,-3.942075729369999948e+00,-1.896978378300000045e+00,0.000000000000000000e+00
2.098966173499999854e+01,-5.200259197350000306e+00,-1.072532931779999865e+00,-1.428302852130000034e+01,-6.381134986880001136e+00,-3.334386825559999767e+00,-1.931159734729999800e+00,0.000000000000000000e+00
2.099471066499999949e+01,-1.643242423080000014e+00,-4.229396541759999906e-01,-1.187849251420000130e+01,-6.118679046629999618e+00,-2.998954772950000347e+00,-1.877847433090000129e+00,0.000000000000000000e+00
2.099960110099999966e+01,2.008843475549999980e+00,1.895072573330000010e+00,-9.666516722169999909e+00,-5.874804496769999496e+00,-2.852392435070000509e+00,-1.950640797619999978e+00,0.000000000000000000e+00
2.100461313199999935e+01,7.392154324360000750e+00,2.416870588080000104e+00,-8.550770817740000140e+00,-5.690596103669999906e+00,-2.738259077070000380e+00,-1.992989659310000050e+00,0.000000000000000000e+00
2.100968545799999987e+01,1.797566840249999842e+01,-9.304249928679999559e-01,-8.154796400439998649e+00,-5.378190994259999691e+00,-2.282189130779999964e+00,-1.707840800289999850e+00,0.000000000000000000e+00
2.101464683000000022e+01,-6.577347176749999136e+00,6.863379456330000572e+00,-1.066811953010000025e+01,-5.182042598719999837e+00,-3.181754589080000084e+00,-1.165777444840000010e+00,0.000000000000000000e+00
2.101950472400000081e+01,-1.654242423619999869e+01,1.062363975230000079e+01,-2.277144137480000197e+01,-5.024550914759999820e+00,-3.488663196559999680e+00,-6.815194487569999904e-01,0.000000000000000000e+00
2.102451190700000083e+01,-1.512198343730000083e+01,5.486085140710000196e+00,-2.618467044039999791e+01,-4.458816528319999861e+00,-3.156176090239999787e+00,-5.517476797100000496e-01,0.000000000000000000e+00
2.102968575399999906e+01,-6.756523009680000413e+00,4.690104274119999417e+00,-2.282468664280000326e+01,-3.557643890380000506e+00,-2.544255971909999747e+00,-5.557289123540000153e-01,0.000000000000000000e+00
2.103453762299999852e+01,-8.403414018390000351e+00,2.690180748740000016e+00,-2.392074468099999862e+01,-3.017598152159999714e+00,-7.272006273270000820e-01,-5.970731750130000431e-02,0.000000000000000000e+00
2.103970595899999907e+01,-5.803032783039999920e+00,-9.842634044310000219e-01,-2.313531326540000066e+01,-2.812033891679999620e+00,5.368334650989999846e-01,2.540175914760000042e-01,0.000000000000000000e+00
2.104466741499999927e+01,-1.623723775880000053e+00,-3.753056940510000050e+00,-2.235550495050000208e+01,-2.821811676029999827e+00,1.270274281500000102e+00,5.398418307300000274e-01,0.000000000000000000e+00
2.104956062600000166e+01,1.364017047029999707e+00,-6.869536225399999196e+00,-2.205526645090000315e+01,-2.943540811540000579e+00,1.408221364020000088e+00,8.694905042649999638e-01,0.000000000000000000e+00
2.105472043700000029e+01,1.427425835490000017e+00,-8.664201382090000791e+00,-2.142233212020000011e+01,-3.088466644290000396e+00,1.305387377739999799e+00,1.238356113429999850e+00,0.000000000000000000e+00
2.105962934100000084e+01,1.301118692299999990e+00,-8.579567288630000732e+00,-2.030245364600000002e+01,-3.154221057890000512e+00,1.338062524799999986e+00,1.333933472630000061e+00,0.000000000000000000e+00
2.106461218800000168e+01,1.881959701520000028e+00,-8.380456921180000407e+00,-1.945820179269999883e+01,-3.373207807540000047e+00,1.470286369320000119e+00,1.257817983629999858e+00,0.000000000000000000e+00
2.106958912200000000e+01,1.165188784449999959e+00,-9.289766060779999890e+00,-1.836398149140000058e+01,-3.649672508240000113e+00,1.701796174050000054e+00,1.279644608499999947e+00,0.000000000000000000e+00
2.107466867300000146e+01,3.285445931559999866e-01,-1.011427685630000006e+01,-1.807421060980000149e+01,-3.812160253520000097e+00,2.080013275149999785e+00,1.438732028009999997e+00,0.000000000000000000e+00
2.107967868100000075e+01,6.127335098989999951e-01,-1.140948500940000088e+01,-1.765197888470000009e+01,-3.820236444469999881e+00,2.497826576230000040e+00,1.621649742130000016e+00,0.000000000000000000e+00
2.108461671699999940e+01,4.583381171529999909e-01,-1.347518770559999979e+01,-1.734611494650000196e+01,-3.731981039049999893e+00,2.877841234209999932e+00,1.872916460040000119e+00,0.000000000000000000e+00
2.108969839599999929e+01,2.658743481009999757e-02,-1.413232124249999977e+01,-1.578941391180000053e+01,-3.676567554469999610e+00,3.122841358180000082e+00,1.976459145550000018e+00,0.000000000000000000e+00
2.109469170099999857e+01,8.807995958909999867e-01,-1.442411690790000023e+01,-1.640292925620000020e+01,-3.608412265780000183e+00,3.303547143939999930e+00,1.961133956909999920e+00,0.000000000000000000e+00
2.109963721500000133e+01,2.285053887699999564e-01,-1.595779362539999902e+01,-1.609335711109999778e+01,-3.598331451419999549e+00,3.441270112990000296e+00,1.878351807590000089e+00,0.000000000000000000e+00
2.110466941399999996e+01,-7.849160864110001079e-02,-1.694877800869999973e+01,-1.556011883390000072e+01,-3.581720590590000253e+00,3.607430458069999624e+00,1.786966085429999795e+00,0.000000000000000000e+00
2.110968037600000002e+01,-1.148667200170000013e+00,-1.790288139869999995e+01,-1.475794788049999973e+01,-3.529577732089999920e+00,3.870074987409999778e+00,1.732732534409999747e+00,0.000000000000000000e+00
2.111463030299999843e+01,-2.671058699640000089e+00,-1.944867291690000144e+01,-1.413838624160000101e+01,-3.445141077040000166e+00,4.204461097719999430e+00,1.628765344620000111e+00,0.000000000000000000e+00
2.111960344099999887e+01,-3.552554534170000000e+00,-2.119727716419999908e+01,-1.391930042309999926e+01,-3.393014431000000108e+00,4.565963745119999473e+00,1.417501211170000053e+00,0.000000000000000000e+00
2.112465828099999854e+01,-4.299666448169999988e+00,-2.273906120019999832e+01,-1.380651692450000034e+01,-3.419951915740000015e+00,4.930021286009999670e+00,1.088652014729999840e+00,0.000000000000000000e+00
2.112964951400000047e+01,-4.773454465239999500e+00,-2.366635841649999961e+01,-1.320957628280000051e+01,-3.611127376559999380e+00,5.206017971040000525e+00,6.522223353389999811e-01,0.000000000000000000e+00
2.113452404099999882e+01,-5.596262840739999689e+00,-2.447509822690000192e+01,-1.230176819539999933e+01,-3.854097843169999926e+00,5.464247226719999517e+00,2.175143957140000250e-01,0.000000000000000000e+00
2.113965552499999845e+01,-5.932110413860000264e+00,-2.480313658749999917e+01,-1.146646186509999943e+01,-4.073219776150000193e+00,5.733351230619999406e+00,-2.341824620960000214e-01,0.000000000000000000e+00
2.114458121899999909e+01,-5.863184177149999954e+00,-2.500633977729999913e+01,-1.038395070630000028e+01,-4.148372173309999411e+00,5.969780445099999611e+00,-5.915184617040000203e-01,0.000000000000000000e+00
2.114957047800000112e+01,-5.899950604009999822e+00,-2.458110945489999821e+01,-9.918350964080000054e+00,-4.110966205599999590e+00,6.159985065459999909e+00,-9.365378618240000064e-01,0.000000000000000000e+00
2.115468054700000167e+01,-6.070873572380000027e+00,-2.337927399750000035e+01,-9.654009707289999298e+00,-3.923856258389999851e+00,6.326597213750000392e+00,-1.258011460300000106e+00,0.000000000000000000e+00
2.115963685899999902e+01,-6.113907242939999875e+00,-2.193441771920000249e+01,-9.368420495300000539e+00,-3.671588420869999592e+00,6.402674198150000606e+00,-1.647135615349999860e+00,0.000000000000000000e+00
2.116469961600000005e+01,-6.626417789380000478e+00,-2.107327435239999858e+01,-9.302858182060001369e+00,-3.350984096529999956e+00,6.404820442200000130e+00,-2.011241912840000090e+00,0.000000000000000000e+00
2.116965711499999969e+01,-6.709690531360000598e+00,-2.037518687380000060e+01,-9.244875948689999845e+00,-2.919934749599999879e+00,6.403857707979999425e+00,-2.390374422070000282e+00,0.000000000000000000e+00
2.117467263300000013e+01,-7.078285943340000053e+00,-1.973324389180000082e+01,-9.261910085600000286e+00,-2.395864725109999593e+00,6.409895896910000168e+00,-2.694247722630000119e+00,0.000000000000000000e+00
2.117963095900000070e+01,-7.453076118310001164e+00,-1.895289080239999890e+01,-9.414886478399999703e+00,-1.820498824119999970e+00,6.395720005040000267e+00,-2.978845596309999788e+00,0.000000000000000000e+00
2.118462383399999993e+01,-7.795048311779999572e+00,-1.863744888849999981e+01,-9.682808516279999722e+00,-1.239740133289999990e+00,6.381121635440000439e+00,-3.256903171540000308e+00,0.000000000000000000e+00
2.118967799900000060e+01,-8.167160791980000667e+00,-1.865596303479999918e+01,-9.755649880600000046e+00,-6.798380017280000187e-01,6.357294082640000177e+00,-3.484281063080000074e+00,0.000000000000000000e+00
2.119469834499999905e+01,-8.435182783100000137e+00,-1.879220105879999991e+01,-9.972420407919999619e+00,-1.747672408819999912e-01,6.327148914340000374e+00,-3.728538036349999807e+00,0.000000000000000000e+00
2.119963334899999907e+01,-8.586030347170000354e+00,-1.919576198569999903e+01,-1.036474916220000075e+01,2.194422930480000034e-01,6.306655406950000931e+00,-3.973134756090000330e+00,0.000000000000000000e+00
2.120457211500000128e+01,-8.708551980469998455e+00,-1.979716954369999726e+01,-1.051778985239999997e+01,5.024357438090000239e-01,6.252037048340000069e+00,-4.224680423739999746e+00,0.000000000000000000e+00
2.120956411799999941e+01,-8.834053506360000085e+00,-2.041498112410000232e+01,-1.076367249239999957e+01,6.925172209739999252e-01,6.226482391360000257e+00,-4.463438034059999282e+00,0.000000000000000000e+00
2.121455590000000058e+01,-8.896758676589998416e+00,-2.089287219250000049e+01,-1.100376953479999997e+01,7.584790587430000341e-01,6.162024021149999697e+00,-4.660382270809999561e+00,0.000000000000000000e+00
2.121958148499999908e+01,-8.641988965760001307e+00,-2.082032367369999903e+01,-1.132904076880000055e+01,7.763204574580000461e-01,6.080783367159999564e+00,-4.873104572299999937e+00,0.000000000000000000e+00
2.122450055999999918e+01,-8.420746261469998828e+00,-2.049306389619999891e+01,-1.175070784579999916e+01,7.433829903599999955e-01,6.040986061099999915e+00,-5.057933330540000050e+00,0.000000000000000000e+00
2.122956456800000069e+01,-8.371487432780000404e+00,-1.969882022859999893e+01,-1.230618601180000127e+01,7.797123193739999847e-01,5.966781139369999210e+00,-5.224864482880000160e+00,0.000000000000000000e+00
2.123457434999999904e+01,-8.505450497540000043e+00,-1.856683046090000033e+01,-1.293574297500000014e+01,8.616434335709999282e-01,5.886036872860000102e+00,-5.362916946409999497e+00,0.000000000000000000e+00
2.123954811799999831e+01,-8.749656144269998492e+00,-1.721975534239999917e+01,-1.367641170420000130e+01,1.073658943179999881e+00,5.809764385219999383e+00,-5.518263816830001112e+00,0.000000000000000000e+00
2.124451926700000115e+01,-9.306833515439999260e+00,-1.575416490369999956e+01,-1.442103413949999968e+01,1.339032053950000023e+00,5.722858428960000410e+00,-5.644491195680000573e+00,0.000000000000000000e+00
2.124949426899999949e+01,-9.980933384720000134e+00,-1.473093478589999883e+01,-1.525979733219999979e+01,1.697758555410000092e+00,5.715884208680000356e+00,-5.805813312529999770e+00,0.000000000000000000e+00
2.125452710400000100e+01,-1.121625960829999968e+01,-1.456415081699999980e+01,-1.603816070910000136e+01,2.142493009570000329e+00,5.712758064269999103e+00,-5.972341537480000184e+00,0.000000000000000000e+00
2.125950943400000170e+01,-1.303904319049999927e+01,-1.464000772980000065e+01,-1.677439057900000208e+01,2.591744899750000108e+00,5.720490455630001136e+00,-6.132451057429999963e+00,0.000000000000000000e+00
2.126453683400000116e+01,-1.488787540619999916e+01,-1.514462664619999899e+01,-1.736125523249999958e+01,2.967971324919999709e+00,5.746915817259999670e+00,-6.345284461980000401e+00,0.000000000000000000e+00
2.126950567400000125e+01,-1.670715887130000255e+01,-1.643255867079999888e+01,-1.772902939119999743e+01,3.194641351700000076e+00,5.795651912690000351e+00,-6.602560520169999947e+00,0.000000000000000000e+00
2.127458629899999920e+01,-1.821553748140000195e+01,-1.832611967049999890e+01,-1.757451219869999903e+01,3.260725736619999982e+00,5.863286018370000185e+00,-6.899066925049999632e+00,0.000000000000000000e+00
2.127960417499999934e+01,-1.984411600379999996e+01,-2.069877351579999925e+01,-1.726415679420000160e+01,3.081980466840000155e+00,5.931986331940000134e+00,-7.195082664489999225e+00,0.000000000000000000e+00
2.128453592299999997e+01,-2.119813758040000096e+01,-2.310426813880000196e+01,-1.705511539990000003e+01,2.723366498949999936e+00,5.969645977019999883e+00,-7.489179611210000864e+00,0.000000000000000000e+00
2.128963037400000147e+01,-2.275996136489999699e+01,-2.475430562889999919e+01,-1.711329403259999893e+01,2.183143138890000223e+00,5.979225635529999749e+00,-7.700378894810000929e+00,0.000000000000000000e+00
2.129465145800000059e+01,-2.453401569530000259e+01,-2.556968093179999713e+01,-1.703901415989999890e+01,1.512048959729999975e+00,5.917388916020000167e+00,-7.859444618230000401e+00,0.000000000000000000e+00
2.129965837099999959e+01,-2.542561732869999958e+01,-1.836945144730000123e+01,-1.742235764369999984e+01,8.976245522499999296e-01,5.781714916230000334e+00,-7.941515445710001231e+00,0.000000000000000000e+00
2.130445363899999833e+01,-2.530345225379999974e+01,-9.364484324890000266e+00,-1.556921516359999913e+01,4.976250529290000557e-01,5.519489288330000853e+00,-8.115002632139999506e+00,0.000000000000000000e+00
2.130946803399999823e+01,-2.823988681400000189e+01,-6.209308814119999020e+00,-1.407248724380000127e+01,5.976194739339999451e-01,5.282039642330000007e+00,-8.262644767759999453e+00,0.000000000000000000e+00
2.131464290399999939e+01,-3.346661842320000346e+01,-6.461623533030000033e+00,-1.202653437319999874e+01,1.146920800209999980e+00,4.986149311070000145e+00,-7.969355106350000106e+00,0.000000000000000000e+00
2.131952885100000117e+01,-3.807089267210000116e+01,-6.746908793639999402e+00,-1.217911212200000115e+01,1.963553071019999985e+00,4.683875083919999405e+00,-7.301539421080000203e+00,0.000000000000000000e+00
2.132465067100000056e+01,-3.999078053769999741e+01,-6.093550683609999297e+00,-1.106810785920000129e+01,2.528992176059999597e+00,4.428043365480000659e+00,-6.586207389830000203e+00,0.000000000000000000e+00
2.132952459599999884e+01,-4.117209460059999770e+01,-7.092677456779999723e+00,-8.400980069239999182e+00,2.709723472599999905e+00,4.303753852840000782e+00,-5.923349857330000745e+00,0.000000000000000000e+00
2.133457603500000133e+01,-4.183346942829999904e+01,-9.831908359899999894e+00,-6.520880608639999743e+00,2.384858608250000067e+00,4.276754379269999795e+00,-5.209747791289999874e+00,0.000000000000000000e+00
2.133949416200000115e+01,-4.311338999590000043e+01,-1.236708267130000038e+01,-5.031917477640000413e+00,1.711090207100000038e+00,4.266828060149999935e+00,-4.373606204989999746e+00,0.000000000000000000e+00
2.134451929800000158e+01,-4.331663059499999946e+01,-1.208693652720000067e+01,-1.973829883709999899e+00,9.924750924109999595e-01,4.215234279630000636e+00,-3.528984308240000090e+00,0.000000000000000000e+00
2.134950774100000004e+01,-4.166741844989999777e+01,-9.537578207560001076e+00,1.530897315879999887e+00,3.708051443100000011e-01,4.078543663019999599e+00,-2.679045438770000231e+00,0.000000000000000000e+00
2.135469008100000110e+01,-3.971716817920000153e+01,-6.117036773139999717e+00,4.938840550020000109e+00,-6.727761775259999411e-02,3.861956596369999772e+00,-1.825475215909999838e+00,0.000000000000000000e+00
2.135966184500000153e+01,-3.782216224140000094e+01,-3.093908264379999551e+00,7.780721095739998816e+00,-1.936552971599999895e-01,3.533382415769999785e+00,-9.316476583480000073e-01,0.000000000000000000e+00
2.136454829099999841e+01,-3.593360007289999913e+01,-6.512180292570000084e-01,8.914468520810000740e+00,7.833788171410000292e-03,3.089939355849999902e+00,-5.988199636339999743e-02,0.000000000000000000e+00
2.136966863900000035e+01,-3.365147697789999626e+01,1.136830047379999931e+00,9.213816793560001273e+00,4.165042936800000262e-01,2.608793973920000120e+00,6.478646397589999939e-01,0.000000000000000000e+00
2.137465935299999842e+01,-3.055323506820000290e+01,1.958853117720000148e+00,8.637966286110000169e+00,7.926278114320000068e-01,2.111176490779999693e+00,1.078023910520000017e+00,0.000000000000000000e+00
2.137962454799999890e+01,-2.753822206139999906e+01,2.695008899549999892e+00,8.073373085730001009e+00,9.668186903000000054e-01,1.579484105110000147e+00,1.145007133479999828e+00,0.000000000000000000e+00
2.138454970600000138e+01,-2.494157241379999945e+01,1.885189915609999822e+00,7.286418406160000139e+00,8.549863696100000743e-01,9.770846962929999879e-01,9.067828655239998925e-01,0.000000000000000000e+00
2.138963256799999968e+01,-2.224853978280000177e+01,1.665178652819999938e-01,7.023384724850000538e+00,5.357956290249999975e-01,3.956222534179999473e-01,4.701744914050000057e-01,0.000000000000000000e+00
2.139466658399999943e+01,-1.961757636209999944e+01,-6.218392284289999683e-01,7.286105686950000937e+00,9.792253375050000153e-02,-1.284670978779999806e-01,-7.781317457560000574e-03,0.000000000000000000e+00
2.139955360700000142e+01,-1.500875570200000020e+01,-2.192602252360000004e-01,7.186229600710000831e+00,-2.684725224969999879e-01,-6.629847288129999683e-01,-4.917049407959999674e-01,0.000000000000000000e+00
2.140457281300000147e+01,-3.080412589179999827e+01,-4.693853689790000061e+00,-4.182277501580000667e+00,-1.442602515220000159e+00,-1.285971164700000058e+00,-1.183177947999999979e+00,0.000000000000000000e+00
2.140964420999999973e+01,-3.936801688789999787e+01,4.376074638130000305e-01,1.134665241339999930e+01,-3.225490093230000355e+00,-4.641400337219999450e+00,-2.241521596909999747e+00,0.000000000000000000e+00
2.141451437999999996e+01,-1.176651097959999959e+01,-1.908484720349999941e+00,1.452879893319999915e+01,-4.377126216889999810e+00,-5.384699821469999925e+00,-2.131250381470000121e+00,0.000000000000000000e+00
2.141955636599999835e+01,1.309519587029999954e+01,6.092779114719999889e+00,1.122711651789999987e+00,-4.519980907439999918e+00,-5.921148777009999975e+00,-2.185757160190000103e+00,0.000000000000000000e+00
2.142450766600000023e+01,7.916706021729999598e+00,2.258798333449999873e+01,-3.226889799989999830e+01,-4.162999629969999837e+00,-7.291408061980000355e+00,-2.839398622510000081e+00,0.000000000000000000e+00
2.142964418500000079e+01,-1.260427230180000002e+01,2.830477809610000151e+01,-4.350799838550000231e+01,-2.849128246309999835e+00,-8.959526062010001013e+00,-2.744977474210000157e+00,0.000000000000000000e+00
2.143454857300000072e+01,-3.306308321520000248e+01,2.540990304230000163e+01,-5.124451033720000481e+01,-2.092871189119999809e+00,-9.000899314879999835e+00,-3.002911806110000192e+00,0.000000000000000000e+00
2.143963793700000053e+01,-4.234255993720000077e+01,4.049872772180000524e+00,-2.687655497269999927e+01,-1.534618496890000072e+00,-9.063357353210001577e+00,-1.276842594150000121e+00,0.000000000000000000e+00
2.144462100799999860e+01,-3.420243795880000448e+01,2.328778930749999887e+01,-2.352541148419999928e+01,-9.309707880019999493e-01,-8.714447021479999833e+00,7.708745598789999987e-01,0.000000000000000000e+00
2.144965243400000077e+01,-3.071022829550000210e+01,3.583404898079999867e+01,-2.184672306919999940e+01,-7.913343906399999961e-01,-4.610509872439999768e+00,2.011628866200000143e+00,0.000000000000000000e+00
2.145459586799999840e+01,-1.634071040819999965e+01,1.276868340410000080e+00,-1.371460202640000148e+01,1.753980964419999955e-01,-1.333743929860000010e+00,1.891924381259999954e+00,0.000000000000000000e+00
2.145965417000000031e+01,-1.437756675369999826e+01,-2.802482016800000153e+01,-1.524834654839999892e+01,1.089902162550000053e+00,2.057541131969999881e+00,2.190127372740000133e+00,0.000000000000000000e+00
2.146461195099999841e+01,-1.065135427320000083e+01,-3.982616514499999738e+01,-1.230242052180000023e+01,4.713756144049999763e-01,3.209225654599999977e+00,3.009358406070000047e+00,0.000000000000000000e+00
2.146957402800000025e+01,-3.042664399359999994e+00,-1.415122234230000053e+01,-1.476103883230000058e+01,-3.730943799020000062e-01,1.599958300589999771e+00,3.259122848510000114e+00,0.000000000000000000e+00
2.147467189600000026e+01,-2.167704396340000006e+00,1.250280163979999948e+01,-1.190088204059999910e+01,-1.654866576189999883e+00,1.901288181540000122e-01,2.242771863940000276e+00,0.000000000000000000e+00
2.147952334100000016e+01,1.812216741599999903e+00,1.964386348060000032e+01,-1.027470122700000132e+01,-2.549120426180000010e+00,-2.315941572190000297e+00,2.873302102090000143e-01,0.000000000000000000e+00
2.148456534099999971e+01,-5.516175158550000290e+00,-5.523376468230000391e+00,-5.219017673839999816e+00,-2.406563758849999957e+00,-3.471255302430000356e+00,-7.149865031240000279e-01,0.000000000000000000e+00
2.148965181000000157e+01,-1.142214809160000044e+01,-1.549755044180000141e+01,-7.393150934179999467e+00,-1.321740627290000081e+00,-2.664588928220000152e+00,-3.470289409160000060e-01,0.000000000000000000e+00
2.149460334700000175e+01,-9.783430452450000203e+00,-2.757155851380000300e+00,-9.368322295619998741e+00,-3.159012794489999831e-01,-1.415389776230000063e+00,5.985139012340000564e-01,0.000000000000000000e+00
2.149962665299999998e+01,-1.584457641149999985e+00,4.539019101900000130e+00,-1.018074167129999985e+01,2.376225441690000273e-01,-7.536250948909999359e-01,4.140495359899999950e-01,0.000000000000000000e+00
2.150457037900000046e+01,-5.932713640449999382e+00,4.777611584920000154e-01,-1.184042260349999864e+01,8.856645226479999133e-02,3.404679000379999820e-01,4.607513546940000260e-01,0.000000000000000000e+00
2.150959312999999895e+01,-3.677758246159999800e+00,-1.104243098159999992e+00,-1.230281098240000048e+01,-8.087348341940000518e-01,4.243476092819999934e-01,6.521296501159999925e-01,0.000000000000000000e+00
2.151450564700000001e+01,-1.740020543309999779e+00,-6.627343525930000645e-01,-1.072107487519999935e+01,-1.361270785329999899e+00,7.622423768040000047e-02,9.302743077280000161e-01,0.000000000000000000e+00
2.151953342999999919e+01,-3.804577576650000292e+00,4.255893649669999057e+00,-8.842991430569998812e+00,-1.070514559749999872e+00,-4.947303980589999595e-02,8.234327435489999791e-01,0.000000000000000000e+00
2.152460627500000001e+01,-4.266910425990000810e+00,3.932646030419999938e+00,-1.081936690710000093e+01,-4.926478564740000010e-01,-4.150871336460000283e-01,5.065099596980000562e-01,0.000000000000000000e+00
2.152952825299999873e+01,-3.586373801660000193e+00,1.477380975880000058e+00,-9.838742589829999829e+00,3.520854189990000466e-02,-6.111519932750000272e-01,2.338197380300000294e-01,1.000000000000000000e+00
2.153451400799999860e+01,-4.537124666459999567e+00,-1.324326695539999932e+00,-9.086291068370000445e+00,3.459930717949999956e-01,-5.205371379850000091e-01,2.609932422640000027e-01,1.000000000000000000e+00
2.153941676999999899e+01,-3.276677445629999852e+00,-1.822772622410000043e+00,-9.691829442599999567e+00,2.915999889370000098e-01,-5.080164670939999461e-01,2.622922658919999983e-01,1.000000000000000000e+00
2.154457171199999976e+01,-3.238765648129999786e+00,-2.159536725840000226e+00,-1.009671080450000069e+01,5.338450893759999483e-02,-4.610797464850000527e-01,2.742814123629999656e-01,1.000000000000000000e+00
2.154950200200000054e+01,-3.612857611699999971e+00,-1.372655988300000240e+00,-1.000223686950000079e+01,-3.440649211410000130e-01,-3.119688928129999983e-01,3.325837552550000020e-01,1.000000000000000000e+00
2.155452397199999837e+01,-3.960852134200000041e+00,-1.267256754709999989e+00,-9.639294953239998520e+00,-5.449580550190000761e-01,-2.025910764930000107e-01,4.043732881550000102e-01,1.000000000000000000e+00
2.155962901199999848e+01,-4.172236292300000038e+00,-6.316033743350000229e-01,-9.337518576560000838e+00,-5.484871864320000068e-01,-1.407658308739999919e-01,3.793724775310000075e-01,1.000000000000000000e+00
2.156453141400000106e+01,-3.804346105980000559e+00,2.222460178469999881e-01,-9.794314250039999337e+00,-3.667043745520000009e-01,-1.529551893470000035e-01,3.070545196530000132e-01,1.000000000000000000e+00
2.156948867399999870e+01,-3.255338889529999946e+00,6.622611821230000029e-01,-1.014282373630000045e+01,-2.687264680860000365e-01,-2.801029980180000378e-01,2.149029523129999952e-01,1.000000000000000000e+00
2.157463757300000040e+01,-3.115180184990000267e+00,-1.839967685499999950e-01,-1.003084921600000001e+01,-3.237532079219999637e-01,-3.765110373499999663e-01,9.852843731639999991e-02,1.000000000000000000e+00
2.157959444500000146e+01,-3.849249662069999633e+00,-1.001122038639999934e+00,-9.843015444839998906e+00,-4.046331048010000098e-01,-3.398806452750000595e-01,7.476266473529999401e-02,1.000000000000000000e+00
2.158460820599999863e+01,-3.743174721180000386e+00,-1.397105662159999984e+00,-1.017536406990000053e+01,-4.865057766439999654e-01,-2.339092940089999850e-01,7.939495146269999470e-02,1.000000000000000000e+00
2.158958788200000001e+01,-3.567179856369999680e+00,-1.153160127670000090e+00,-1.021980293110000027e+01,-5.293780565260000071e-01,-1.377789527180000029e-01,9.347813576459999829e-02,1.000000000000000000e+00
2.159453004099999873e+01,-3.154366824740000297e+00,-6.228291162489999477e-01,-1.034640686530000053e+01,-5.365520119669999755e-01,-1.273142546419999965e-01,1.037784665819999896e-01,1.000000000000000000e+00
2.159956244400000003e+01,-2.735426250130000181e+00,2.753218658059999879e-01,-1.073999701780000038e+01,-5.217054486269999680e-01,-2.051478624339999890e-01,7.781200855969999663e-02,1.000000000000000000e+00
2.160456169000000060e+01,-2.387301963770000146e+00,7.856337331610000474e-01,-1.102107605890000031e+01,-4.405721724030000064e-01,-3.605346381660000099e-01,3.194307163359999535e-02,0.000000000000000000e+00
2.160946958099999904e+01,-2.390144055329999961e+00,9.537685321200001232e-01,-1.151544596849999991e+01,-3.642718195920000013e-01,-5.368197560310000727e-01,-3.507392480970000174e-03,0.000000000000000000e+00
2.161453472399999853e+01,-2.191324341379999652e+00,3.476192548830000367e-02,-1.205813713369999896e+01,-2.268215119839999960e-01,-6.894513368610000192e-01,-2.590847946700000279e-02,0.000000000000000000e+00
2.161952331999999899e+01,-2.254750519369999928e+00,-9.501598401040000086e-01,-1.276795830470000048e+01,-1.875407099720000081e-01,-8.163562417030000296e-01,-3.695107623930000279e-02,0.000000000000000000e+00
2.162438983699999895e+01,-2.011599496259999675e+00,-1.283953622489999891e+00,-1.315623866029999967e+01,-2.074076980350000043e-01,-9.930567145349999958e-01,-3.492540121080000420e-02,0.000000000000000000e+00
2.162960836199999903e+01,-1.711003561529999883e+00,-1.055349814850000012e+00,-1.355665602849999907e+01,-3.181957006450000236e-01,-1.232427954670000103e+00,-3.119091130790000235e-02,0.000000000000000000e+00
2.163464402900000039e+01,-1.487550049320000012e+00,-7.286034667540000065e-01,-1.379139885040000024e+01,-4.197081327440000398e-01,-1.498744130129999741e+00,-3.660896420480000413e-02,0.000000000000000000e+00
2.163950934100000012e+01,-1.515202464749999978e+00,-4.745713586080000518e-02,-1.425199508519999902e+01,-4.936400651929999661e-01,-1.806557297709999954e+00,-2.207790128890000161e-02,0.000000000000000000e+00
2.164452380299999845e+01,-1.197667304849999947e+00,9.249137597329998989e-03,-1.393078043299999891e+01,-4.826845526699999889e-01,-2.130972862240000154e+00,-4.981643706559999579e-02,0.000000000000000000e+00
2.164941026900000054e+01,-8.553652949050000176e-01,-7.827253714340000057e-01,-1.389837220140000085e+01,-3.809698522089999817e-01,-2.406846523279999595e+00,-6.678574532269999919e-02,0.000000000000000000e+00
2.165466666400000051e+01,-9.842996447880000277e-01,-1.313587420989999810e+00,-1.410495509670000125e+01,-3.174266517159999856e-01,-2.651466369630000042e+00,-4.616677388550000094e-02,0.000000000000000000e+00
2.165966296499999899e+01,-1.052461765260000126e+00,-1.537261151820000116e+00,-1.385597449059999953e+01,-3.377865850930000247e-01,-2.933485984800000335e+00,-3.126005083319999961e-02,0.000000000000000000e+00
2.166456382200000164e+01,-9.697386199940000173e-01,-1.354413936899999893e+00,-1.329084703730000072e+01,-4.124932289119999651e-01,-3.199419975280000106e+00,1.761461235579999882e-02,0.000000000000000000e+00
2.166962642300000041e+01,-1.021200292489999883e+00,-1.113554677989999853e+00,-1.288410981839999891e+01,-5.393728613849999576e-01,-3.410346984859999875e+00,1.211750134829999923e-02,0.000000000000000000e+00
2.167465950200000080e+01,-1.149420283560000033e+00,-7.914137778669999568e-01,-1.238024844239999922e+01,-6.709273457530000595e-01,-3.603481054309999987e+00,5.452638864519999268e-02,0.000000000000000000e+00
2.167951705999999845e+01,-1.512190423450000099e+00,-5.165949205469999583e-02,-1.202321078170000135e+01,-7.552661895749999132e-01,-3.759752988819999864e+00,6.575623899700000496e-02,0.000000000000000000e+00
2.168455301499999877e+01,-1.380997846310000110e+00,-8.534376695769999022e-02,-1.136882917390000181e+01,-8.263263106350000609e-01,-3.875665426249999879e+00,3.038194216789999805e-02,0.000000000000000000e+00
2.168962129299999830e+01,-1.604549412070000125e+00,-3.206752114879999893e-01,-1.125651913799999981e+01,-8.104196190829999757e-01,-3.995023488999999817e+00,5.718691647049999743e-02,0.000000000000000000e+00
2.169467030399999885e+01,-2.071672126040000173e+00,-6.976625311759999670e-01,-1.126444642380000083e+01,-8.185662031170000130e-01,-4.091146469119999018e+00,1.375014632939999815e-01,0.000000000000000000e+00
2.169953270599999939e+01,-1.686841034049999966e+00,-1.894009181890000004e+00,-1.144665709440000079e+01,-8.653153181079999978e-01,-4.176059246060000341e+00,2.746694087980000032e-01,0.000000000000000000e+00
2.170448792299999852e+01,-1.434954331299999941e+00,-2.583549050749999854e+00,-1.170835806579999883e+01,-9.346505999570000611e-01,-4.343427658080000420e+00,4.294090569019999859e-01,0.000000000000000000e+00
2.170958892799999873e+01,-2.383817921049999899e+00,-2.898100153339999707e+00,-1.184151682849999965e+01,-1.042530894279999787e+00,-4.532428264619999148e+00,6.541102528569999741e-01,0.000000000000000000e+00
2.171464042899999924e+01,-2.324024108209999717e+00,-3.166699944349999907e+00,-1.138632625209999993e+01,-1.240316390989999906e+00,-4.726359844210000105e+00,8.870042562479999448e-01,0.000000000000000000e+00
2.171945106600000130e+01,-2.118163243579999744e+00,-2.255561981880000122e+00,-1.082125841989999948e+01,-1.464935302730000055e+00,-4.956127166749999979e+00,1.052094817159999973e+00,0.000000000000000000e+00
2.172451382099999861e+01,-3.320198315189999860e+00,-9.722712072119999993e-01,-1.068424181279999985e+01,-1.677721500399999899e+00,-5.146957874299999958e+00,1.189639806750000028e+00,0.000000000000000000e+00
2.172948525500000017e+01,-5.058271816080000427e+00,6.221261008130000297e-02,-1.137789160119999821e+01,-1.811852574350000022e+00,-5.378534793850000106e+00,1.256659150120000179e+00,0.000000000000000000e+00
2.173465063300000111e+01,-6.932969709910000944e+00,-6.200543177739999967e-01,-1.209492460329999908e+01,-1.766215443609999713e+00,-5.508076190950000672e+00,1.163558483120000098e+00,0.000000000000000000e+00
2.173964665800000162e+01,-1.016335682130000073e+01,-7.782728490039999558e-01,-1.376468853809999970e+01,-1.599051713940000008e+00,-5.603135585780000483e+00,1.000460624690000078e+00,0.000000000000000000e+00
2.174453695100000061e+01,-1.282957509509999916e+01,-1.386766346709999986e+00,-1.465250597680000055e+01,-1.400767922400000032e+00,-5.574922084809999845e+00,8.518949151039999501e-01,0.000000000000000000e+00
2.174953642899999906e+01,-1.372563779969999942e+01,-1.247996320059999942e+00,-1.417310801089999828e+01,-1.276120185849999977e+00,-5.425920486449999913e+00,7.785061597819999957e-01,0.000000000000000000e+00
2.175466341599999964e+01,-1.309910515269999998e+01,-4.895826022549999990e-01,-1.313688514059999868e+01,-1.190468788150000012e+00,-5.165277004240000025e+00,8.650695085529999107e-01,0.000000000000000000e+00
2.175961768699999865e+01,-1.100948265170000084e+01,-9.656400255689999712e-01,-1.267262395349999871e+01,-1.139178633690000053e+00,-4.834247112269999924e+00,9.868189096449999642e-01,0.000000000000000000e+00
2.176455027300000111e+01,-1.005319431879999925e+01,-1.293709877349999982e+00,-1.319122697160000079e+01,-1.093929290770000007e+00,-4.572008609770000120e+00,1.122067809100000035e+00,0.000000000000000000e+00
2.176952923600000034e+01,-9.590500819460000770e+00,-1.553700976100000242e+00,-1.264604925029999904e+01,-1.082780480379999855e+00,-4.418621540069999298e+00,1.277471184729999987e+00,0.000000000000000000e+00
2.177464236999999869e+01,-8.120738063500001047e+00,-1.791849368620000105e+00,-1.212489070250000012e+01,-1.093756675720000127e+00,-4.415280342099999977e+00,1.363695621489999787e+00,0.000000000000000000e+00
2.177960573800000077e+01,-9.026815966090000032e+00,-9.273439779880000566e-01,-1.225351006819999888e+01,-1.085886478419999968e+00,-4.438038349150000172e+00,1.278102993970000156e+00,0.000000000000000000e+00
2.178456033000000147e+01,-1.097725562190000126e+01,-3.420869424270000514e-01,-1.209455635449999988e+01,-1.097381949420000113e+00,-4.439803600309999432e+00,1.190791368480000001e+00,0.000000000000000000e+00
2.178963571099999896e+01,-1.306244744690000026e+01,1.494365428429999865e+00,-1.667779833680000223e+01,-1.046637773510000091e+00,-4.235075473790000267e+00,1.086281180379999878e+00,0.000000000000000000e+00
2.179462718999999993e+01,-1.331360247440000144e+01,-3.582340673690000421e-01,-1.580986048749999995e+01,-1.000996828079999901e+00,-4.028345108029999899e+00,1.071075558660000038e+00,0.000000000000000000e+00
2.179951567899999887e+01,-1.249961015030000056e+01,-1.521898601389999994e+00,-1.390339324440000013e+01,-9.395474791529999647e-01,-3.680267572400000020e+00,1.166578173639999827e+00,0.000000000000000000e+00
2.180446872099999922e+01,-1.039830539479999949e+01,-1.989148595000000075e+00,-9.009347529419999390e+00,-9.705367684360000080e-01,-3.017433643339999971e+00,1.260244369510000073e+00,0.000000000000000000e+00
2.180943166300000158e+01,-7.508541400419999512e+00,-2.120035467190000134e+00,-4.096380256329999803e+00,-1.194722533229999994e+00,-2.285980463030000021e+00,1.352704524989999824e+00,0.000000000000000000e+00
2.181456317299999981e+01,2.082926948889999852e-01,-1.878976155669999981e+00,-2.854815430620000427e+00,-1.458902478219999965e+00,-1.518505334850000166e+00,1.281011581420000045e+00,0.000000000000000000e+00
2.181968406700000074e+01,7.065657932430000621e+00,-4.362773184939999993e+00,-5.013229143790000286e+00,-1.881237864490000078e+00,-1.101842641830000025e+00,1.169626951220000155e+00,0.000000000000000000e+00
2.182460680300000178e+01,1.576209335859999960e+01,-6.832254834750000505e+00,-8.348869358260001761e+00,-2.211926460269999950e+00,-8.454588055609999486e-01,8.253948092460000607e-01,0.000000000000000000e+00
2.182946688099999832e+01,-5.198149657850000160e+00,-3.516161032269999875e+00,-9.075583796389999236e+00,-2.457105398179999955e+00,-1.673482537269999959e+00,-2.096780575809999853e-02,0.000000000000000000e+00
2.183455089199999932e+01,-1.582949691580000007e+01,-2.700326002919999802e+00,-1.721622599930000064e+01,-2.500086069109999976e+00,-2.338893413540000132e+00,-6.973791122439999546e-01,0.000000000000000000e+00
2.183959989599999929e+01,-1.271259472940000101e+01,-9.045624126939998177e+00,-2.028265705869999991e+01,-2.426023244859999650e+00,-2.278821945190000253e+00,-1.052016854289999914e+00,0.000000000000000000e+00
2.184452145199999862e+01,-4.936472651839999948e+00,-9.089358639249999428e+00,-1.758092908000000065e+01,-2.184767723079999779e+00,-1.706354379650000030e+00,-1.251751184459999999e+00,0.000000000000000000e+00
2.184954297100000176e+01,-2.595780171289999938e+00,-6.059242755820000603e+00,-1.642569989100000072e+01,-2.012370824809999625e+00,-8.358951210979999047e-01,-1.488870859149999948e+00,0.000000000000000000e+00
2.185452961000000016e+01,-1.596210915049999901e+00,-5.337477464520000048e+00,-1.540534912799999923e+01,-2.073545694349999913e+00,4.549656063319999777e-02,-1.798112750050000042e+00,0.000000000000000000e+00
2.185960315999999892e+01,9.599728666529999677e-01,-8.547515615340000039e+00,-1.545410643690000008e+01,-2.453197240830000236e+00,6.696816682819999311e-01,-1.826716661450000112e+00,0.000000000000000000e+00
2.186466396899999864e+01,3.225250332990000413e+00,-9.799460965279999769e+00,-1.409283445079999986e+01,-2.746109962459999831e+00,8.653712868690000004e-01,-1.753258466720000186e+00,0.000000000000000000e+00
2.186949612700000145e+01,2.830032871540000272e+00,-8.008992091239999667e+00,-1.226491993540000003e+01,-2.778077125549999860e+00,9.616333842280000432e-01,-1.811913251879999853e+00,0.000000000000000000e+00
2.187452382600000078e+01,4.129949932969999793e+00,-4.761575519139999990e+00,-1.160080720720000080e+01,-2.717241764070000176e+00,1.004024624819999989e+00,-2.075832128520000097e+00,0.000000000000000000e+00
2.187955111200000147e+01,5.598613787779999740e+00,-2.897573791380000152e+00,-1.047761566289999990e+01,-2.693665504459999749e+00,8.935549259190000981e-01,-2.225399494169999937e+00,0.000000000000000000e+00
2.188449673499999903e+01,5.619924286839999894e+00,-2.277900216549999968e+00,-9.109035399619999751e+00,-2.507173538209999997e+00,9.804906845090000100e-01,-2.217363357540000024e+00,0.000000000000000000e+00
2.188960954699999917e+01,4.859818158969999580e+00,-1.311272422050000053e+00,-8.906455894740000545e+00,-2.191783428189999938e+00,1.209687590599999973e+00,-2.025297403340000191e+00,0.000000000000000000e+00
2.189460512599999831e+01,3.737649235759999744e+00,1.479256122100000015e-01,-8.642368904979999655e+00,-1.707745432849999911e+00,1.578712701800000007e+00,-1.744403839109999854e+00,0.000000000000000000e+00
2.189948561199999943e+01,2.856580978989999853e+00,1.202401420700000001e+00,-8.372319207429999466e+00,-1.191868424419999961e+00,1.945309281349999919e+00,-1.442724943160000217e+00,0.000000000000000000e+00
2.190446079599999862e+01,3.799343475390000169e+00,2.063180338160000016e+00,-7.865967183610000468e+00,-6.989481449130000579e-01,2.214283466339999951e+00,-1.273666501050000122e+00,0.000000000000000000e+00
2.190959411700000103e+01,3.839043033090000279e+00,2.003014038749999948e+00,-7.543920172320000006e+00,-2.829066216950000268e-01,2.420724153520000144e+00,-1.129704833029999911e+00,0.000000000000000000e+00
2.191464784900000140e+01,4.650706621980000399e+00,1.126737107910000146e+00,-7.406346515840000144e+00,9.802099317309999338e-02,2.499013423920000143e+00,-9.371426701549999683e-01,0.000000000000000000e+00
2.191961132200000151e+01,3.931910409619999491e+00,8.588487896389998544e-02,-7.653990904839999665e+00,4.431331455709999756e-01,2.594990253449999784e+00,-6.676883101460000525e-01,0.000000000000000000e+00
2.192459790099999850e+01,3.023430122049999724e+00,-9.375538218350000230e-01,-6.872988996200000145e+00,7.002078890800000899e-01,2.720212697979999650e+00,-4.185265004629999952e-01,0.000000000000000000e+00
2.192956420699999853e+01,1.867370619679999955e+00,-1.032174106449999851e+00,-7.842761080069999835e+00,8.787326216700001025e-01,2.944470405579999728e+00,-1.653952002530000021e-01,0.000000000000000000e+00
2.193451342399999859e+01,4.036570076880000024e-01,-1.624433093189999955e+00,-7.110130695889999686e+00,9.519253969190000220e-01,3.222483396529999933e+00,4.188914224509999312e-02,0.000000000000000000e+00
2.193952389600000075e+01,-3.740107150299999961e-01,-1.977114458340000214e+00,-7.156491465050000222e+00,9.315131902689999244e-01,3.561040401459999671e+00,1.791598349810000212e-01,0.000000000000000000e+00
2.194458103699999896e+01,-6.449712438219999955e-01,-1.819262714590000218e+00,-6.671408439229999487e+00,8.845326304440001008e-01,3.891101121899999793e+00,2.683857679369999749e-01,0.000000000000000000e+00
2.194953222799999892e+01,-5.746517991879999121e-01,-2.030855693129999917e+00,-6.674561350310000307e+00,8.115218281749999596e-01,4.189119338990000330e+00,3.112344741820000094e-01,0.000000000000000000e+00
2.195449884900000015e+01,-4.706598020549999650e-01,-2.254787490380000037e+00,-6.406608332769999414e+00,7.379267811779999242e-01,4.468026161190000067e+00,3.491145968439999803e-01,0.000000000000000000e+00
2.195955070899999839e+01,-2.372167194210000052e-01,-2.151013666039999883e+00,-6.160909817140000300e+00,7.052531838420000865e-01,4.691335201260000254e+00,3.704375326630000020e-01,0.000000000000000000e+00
2.196462851700000130e+01,-1.691394094240000201e-01,-1.810157178720000148e+00,-5.930628066340000615e+00,7.161144018170000347e-01,4.848072052000000021e+00,3.843921124939999601e-01,0.000000000000000000e+00
2.196953393900000151e+01,-1.840437312300000072e-01,-2.053574451549999846e+00,-6.050723349280000107e+00,7.726928591730000129e-01,4.992115497590000395e+00,3.761593997480000007e-01,0.000000000000000000e+00
2.197463009899999875e+01,-3.167887985089999914e-01,-2.943605474709999559e+00,-6.276835705429999912e+00,8.795520663259999150e-01,5.084711551669999885e+00,3.789854049679999837e-01,0.000000000000000000e+00
2.197951793500000051e+01,-6.713949211709999698e-01,-3.157860512070000070e+00,-6.504995641759999891e+00,9.842144846920000134e-01,5.161012172699999567e+00,3.097957372669999931e-01,0.000000000000000000e+00
2.198454108900000037e+01,-1.368794782820000000e+00,-3.279614668129999799e+00,-6.620826837509999230e+00,1.080340743060000053e+00,5.230238437649999739e+00,1.820533275599999778e-01,0.000000000000000000e+00
2.198960005600000045e+01,-2.104775061959999860e+00,-3.826279120839999770e+00,-6.952202233650000451e+00,1.166564106939999901e+00,5.278769493100000432e+00,-4.326494410630001008e-02,0.000000000000000000e+00
2.199465196299999903e+01,-3.023126755189999848e+00,-3.839172212430000286e+00,-7.225764323239999065e+00,1.205127358439999963e+00,5.318325519560000103e+00,-3.301423788069999810e-01,0.000000000000000000e+00
2.199952305100000061e+01,-4.038967639540000043e+00,-3.460138116280000009e+00,-7.247112816210000474e+00,1.237933754920000240e+00,5.355026245119999473e+00,-7.065292000769999303e-01,0.000000000000000000e+00
2.200446998900000040e+01,-4.824121114900000507e+00,-3.005187778399999843e+00,-7.409448573510000635e+00,1.253886818890000088e+00,5.384061336519999408e+00,-1.128151297570000100e+00,0.000000000000000000e+00
2.200957861199999854e+01,-5.519945909259999617e+00,-3.159213972509999913e+00,-7.727961565460000237e+00,1.311114907260000129e+00,5.447925567630000465e+00,-1.493973612789999850e+00,0.000000000000000000e+00
2.201450687199999834e+01,-6.332494464289999847e+00,-3.257803818330000212e+00,-7.773905570510001084e+00,1.360137104989999735e+00,5.452038764950000171e+00,-1.852420568470000140e+00,0.000000000000000000e+00
2.201962387300000046e+01,-7.475580795580000881e+00,-2.831745228419999982e+00,-7.756752775660000765e+00,1.454110741620000091e+00,5.461225032809999824e+00,-2.139097452159999690e+00,0.000000000000000000e+00
2.202463847099999938e+01,-8.539421740730000820e+00,-2.197726755770000207e+00,-7.764773585030000369e+00,1.494964361189999869e+00,5.401966094969999688e+00,-2.403018236159999876e+00,0.000000000000000000e+00
2.202948497799999927e+01,-9.604262802830000112e+00,-1.574618676450000088e+00,-7.633662987080001017e+00,1.540786862370000287e+00,5.343274593349999435e+00,-2.614190340039999949e+00,0.000000000000000000e+00
2.203465292199999936e+01,-1.062732925450000110e+01,-9.094753630159999602e-01,-7.720783052130000712e+00,1.566387772560000169e+00,5.264092922209999692e+00,-2.782371997829999888e+00,0.000000000000000000e+00
2.203964999900000166e+01,-1.163524022260000024e+01,-1.245279864169999973e-01,-7.816743426239999515e+00,1.616362929339999921e+00,5.139600276949999547e+00,-2.882661104200000324e+00,0.000000000000000000e+00
2.204454312300000041e+01,-1.253312663550000039e+01,6.447253793020000234e-01,-8.025992910399999403e+00,1.683297276500000050e+00,5.017881393430000614e+00,-2.909976005549999911e+00,0.000000000000000000e+00
2.204959041900000116e+01,-1.321401631099999818e+01,1.205213263250000111e+00,-8.384591244500001039e+00,1.737579822540000096e+00,4.859043121340000049e+00,-2.906342506409999693e+00,0.000000000000000000e+00
2.205461307999999931e+01,-1.387596864640000049e+01,2.036938666309999757e+00,-8.894176843410001254e+00,1.844425320629999865e+00,4.742868423459999150e+00,-2.900063276290000047e+00,0.000000000000000000e+00
2.205965351700000099e+01,-1.434670633599999867e+01,2.925736056019999864e+00,-9.325198608690000057e+00,1.915102601049999853e+00,4.599673271180000356e+00,-2.891024827959999932e+00,0.000000000000000000e+00
2.206464915700000162e+01,-1.457969208509999959e+01,3.505452591250000083e+00,-9.650251231539998642e+00,1.944864869119999895e+00,4.449085235600000132e+00,-2.896270513529999757e+00,0.000000000000000000e+00
2.206956812600000006e+01,-1.453022399750000027e+01,3.576534252430000116e+00,-1.007454222730000026e+01,1.925583839419999999e+00,4.317948818209999651e+00,-2.908228158949999642e+00,0.000000000000000000e+00
2.207463483700000140e+01,-1.431907481720000064e+01,3.537246198140000075e+00,-1.050858480169999964e+01,1.856099963190000146e+00,4.228359222409999951e+00,-2.887306928629999714e+00,0.000000000000000000e+00
2.207959049999999834e+01,-1.420434369170000011e+01,3.004589227979999944e+00,-1.095404776480000031e+01,1.701277732849999946e+00,4.098652362819999340e+00,-2.839729547500000173e+00,0.000000000000000000e+00
2.208449494399999935e+01,-1.483249312619999927e+01,2.334154164820000155e+00,-1.112014667400000079e+01,1.527911424639999849e+00,4.019379138949999763e+00,-2.746877670290000406e+00,0.000000000000000000e+00
2.208965113600000052e+01,-1.546817587880000033e+01,1.866853902329999704e+00,-1.132527761690000112e+01,1.308562636380000033e+00,3.935016155240000035e+00,-2.617317199709999986e+00,0.000000000000000000e+00
2.209464522200000047e+01,-1.558716583080000007e+01,2.198182390579999979e+00,-1.181894376209999997e+01,1.065623760220000049e+00,3.891803979869999708e+00,-2.462533712390000407e+00,0.000000000000000000e+00
2.209961885199999898e+01,-1.624540060700000055e+01,2.912609155680000228e+00,-1.228079204279999992e+01,8.162816762919999913e-01,3.846153974529999964e+00,-2.319380521770000314e+00,0.000000000000000000e+00
2.210460714099999890e+01,-1.814389614050000077e+01,3.655077920050000095e+00,-1.219172844250000054e+01,5.918203592299999816e-01,3.770668506619999416e+00,-2.159804344179999891e+00,0.000000000000000000e+00
2.210960349999999863e+01,-1.986983730500000078e+01,4.202798603829999813e+00,-1.170970246619999955e+01,4.540316164490000306e-01,3.714929819109999976e+00,-1.969913125040000157e+00,0.000000000000000000e+00
2.211461701099999999e+01,-2.108762553380000071e+01,4.328208067519999425e+00,-1.088187217089999947e+01,3.250321447850000323e-01,3.635824680330000724e+00,-1.745452761649999962e+00,0.000000000000000000e+00
2.211963078499999824e+01,-2.193350586510000255e+01,3.997767029619999413e+00,-1.006999932309999934e+01,2.831466794009999677e-01,3.570243358609999973e+00,-1.483661413190000111e+00,0.000000000000000000e+00
2.212452261399999998e+01,-2.269921317400000049e+01,3.443873210169999588e+00,-9.326807797449999882e+00,2.710629999639999621e-01,3.494919776919999777e+00,-1.164278388020000055e+00,0.000000000000000000e+00
2.212947055900000137e+01,-2.334686108969999907e+01,2.991289601430000111e+00,-8.124323520769999973e+00,2.893278300759999921e-01,3.391664266590000310e+00,-8.181739449500000649e-01,0.000000000000000000e+00
2.213449171599999943e+01,-2.397781272210000125e+01,2.482802026889999958e+00,-6.796511905720000080e+00,2.848925590520000051e-01,3.209525585170000195e+00,-4.705545008179999877e-01,0.000000000000000000e+00
2.213958725699999874e+01,-2.454591422280000046e+01,1.773425530909999992e+00,-5.596868405419999526e+00,3.285378515719999948e-01,2.955203533170000174e+00,-1.607420742510000111e-01,0.000000000000000000e+00
2.214453397100000132e+01,-2.447210313669999948e+01,1.403662974850000245e+00,-4.608218602600000047e+00,3.624199628829999908e-01,2.672916650770000402e+00,1.139723360539999925e-01,0.000000000000000000e+00
2.214955676800000006e+01,-2.529098790900000182e+01,9.268009571520000600e-01,-3.647760875039999906e+00,4.316542446609999972e-01,2.416259527209999813e+00,2.749792039389999943e-01,0.000000000000000000e+00
2.215460919799999928e+01,-2.570493929699999924e+01,8.217681457289999214e-01,-2.799552393079999479e+00,5.262932181360000516e-01,2.131828546519999978e+00,3.836068809029999915e-01,0.000000000000000000e+00
2.215962407800000022e+01,-2.540639357280000254e+01,6.771147601229999813e-01,-1.844816842559999781e+00,5.733644366260000069e-01,1.831076264380000040e+00,4.292017221450000197e-01,0.000000000000000000e+00
2.216458392899999907e+01,-2.468872694899999942e+01,1.168682837109999983e-01,-1.070545922679999817e+00,5.710514783860000110e-01,1.547760248179999909e+00,3.813920021060000498e-01,0.000000000000000000e+00
2.216943817800000005e+01,-2.338293076639999768e+01,-7.234051674590000758e-01,-7.435336901869999959e-01,5.418128371239999685e-01,1.275712847709999931e+00,3.078149259090000034e-01,0.000000000000000000e+00
2.217462714199999851e+01,-2.157228068959999945e+01,-1.250127632999999960e+00,-6.610819822760000131e-01,4.880869686600000645e-01,9.496136903759999637e-01,2.242261618380000099e-01,0.000000000000000000e+00
2.217949871700000131e+01,-1.918156862509999883e+01,-1.055220416320000076e+00,-9.379241164520000229e-01,4.327091872689999841e-01,6.216139793399999558e-01,1.240236833689999929e-01,0.000000000000000000e+00
2.218449248399999973e+01,-2.382108603679999703e+01,-6.588689824010000251e+00,-1.137529866210000051e+01,-3.930139243599999888e-01,3.899582028390000121e-01,-4.787993729110000540e-01,0.000000000000000000e+00
2.218962590599999984e+01,-2.598290751260000064e+01,-3.147970109440000108e+00,-2.215370110619999944e-01,-1.633711695669999964e+00,-1.336253404620000085e+00,-8.803638219830000056e-01,0.000000000000000000e+00
2.219462500599999899e+01,-1.090913310280000026e+01,-4.735117428069999690e+00,1.712605151510000034e+00,-2.722202777860000200e+00,-1.519839882849999935e+00,-9.264241456990001122e-01,0.000000000000000000e+00
2.219951590000000152e+01,2.505670276780000094e+00,-6.324132878659999513e+00,-3.273280204409999783e+00,-3.259283304210000232e+00,-1.445933103560000044e+00,-9.350824356079999733e-01,0.000000000000000000e+00
2.220455069999999864e+01,-8.900627334720000450e-01,-2.133604996729999925e+00,-1.139793485680000096e+01,-3.167265653609999898e+00,-1.571863532070000069e+00,-1.101232290270000025e+00,0.000000000000000000e+00
2.220962705499999856e+01,2.303074405290000293e+00,3.251034397260000319e-01,-2.160641910610000238e+01,-2.310871839520000304e+00,-1.278501272199999983e+00,-9.460239410399999826e-01,0.000000000000000000e+00
2.221453693999999857e+01,1.107033956380000106e+01,5.328542462919999778e+00,-2.119914529609999931e+01,-1.722797155379999889e+00,-1.590337157250000022e+00,-7.712333798410000441e-01,0.000000000000000000e+00
2.221966393399999973e+01,1.170040739910000127e+01,6.728205846729999884e+00,-1.543985462420000054e+01,-1.256824851039999968e+00,-1.778301715850000075e+00,-7.117676734919999859e-01,0.000000000000000000e+00
2.222460815299999837e+01,2.573784612589999909e+00,8.312345507979999937e+00,-9.932356108549999618e+00,-1.118226647379999994e+00,-2.105167627329999736e+00,-6.840422153470000488e-01,0.000000000000000000e+00
2.222947296399999928e+01,-4.375216779190000516e+00,8.146963807120000567e+00,-1.203461012760000060e+01,-1.112889289860000019e+00,-2.922201633450000280e+00,-6.888096332549999978e-01,0.000000000000000000e+00
2.223462330399999942e+01,-7.968548437169999943e+00,6.537382830630001251e+00,-1.239327626619999911e+01,-1.095019817350000091e+00,-3.595082759859999921e+00,-6.000826358799999927e-01,0.000000000000000000e+00
2.223964719099999954e+01,-1.250205812799999983e+01,7.361016843289999834e+00,-1.235846448059999858e+01,-7.729772925380000714e-01,-3.822347402569999719e+00,-4.299048781390000240e-01,0.000000000000000000e+00
2.224454302999999911e+01,-1.260230012489999929e+01,8.352123391619999282e+00,-1.292628657989999930e+01,-2.799400687220000017e-01,-3.304296970369999809e+00,-3.004720211030000310e-01,0.000000000000000000e+00
2.224961404400000120e+01,-7.218528526769999232e+00,7.284423432959999722e+00,-1.453991303239999944e+01,4.149029031399999873e-02,-2.589378118519999994e+00,-2.533470988270000168e-01,0.000000000000000000e+00
2.225451741499999869e+01,-7.791732319099999415e+00,3.746129771590000601e+00,-1.370025669019999981e+01,1.701769977809999834e-01,-1.544122099880000043e+00,1.997478604320000184e-01,0.000000000000000000e+00
2.225964306399999870e+01,-5.997887246619999502e+00,4.235263314900000187e-01,-1.400638600140000101e+01,1.033811643719999979e-02,-9.578240513799999301e-01,6.021860241890000243e-01,0.000000000000000000e+00
2.226437811899999986e+01,-7.538292395560000969e+00,-8.273490876669999938e-01,-1.384109373240000096e+01,-2.604429721829999989e-01,-8.161454200740000386e-01,9.171695709229999993e-01,0.000000000000000000e+00
2.226956390799999852e+01,-6.694295393820000051e+00,-2.772290584409999870e+00,-9.486692069940000138e+00,-4.770170748229999869e-01,-1.001251816749999968e+00,7.767038941380000061e-01,0.000000000000000000e+00
2.227461430600000014e+01,-3.037230391610000080e+00,-8.530431794069999185e+00,-9.963132355089999947e+00,-4.256787896159999751e-01,-9.547734856610000653e-01,5.434395670889999863e-01,0.000000000000000000e+00
2.227957109100000110e+01,-2.619147602880000036e+00,-4.198796090190000108e+00,-1.181600712420000043e+01,-2.645508348939999976e-01,-9.882692098620000642e-01,4.083953201770000319e-01,0.000000000000000000e+00
2.228463774500000127e+01,-4.230882250280000534e+00,2.479275314070000125e+00,-1.194975274680000155e+01,-3.790611028670000104e-01,-1.041239857670000157e+00,1.950964629650000226e-01,0.000000000000000000e+00
2.228962786099999960e+01,-4.248927610049999970e+00,3.317259631389999797e+00,-1.035021677900000014e+01,-3.793935775760000073e-01,-1.075343847270000097e+00,1.502647530289999943e-02,0.000000000000000000e+00
2.229461786599999940e+01,-6.291877791740000170e+00,1.299162297539999900e+00,-9.699192080319999576e+00,-3.622907102110000110e-01,-9.920361042020000575e-01,9.361422806980000677e-02,0.000000000000000000e+00
2.229958419500000133e+01,-5.693427329939999559e+00,-1.052976875169999937e+00,-1.009621045369999948e+01,-1.919351667170000053e-01,-7.523007988930000556e-01,3.019540309909999887e-01,0.000000000000000000e+00
2.230454484699999895e+01,-5.541964848840001068e+00,-4.277451109230000270e+00,-9.999550406900000965e+00,-1.036622002720000019e-01,-4.032733738420000158e-01,3.567529618739999631e-01,1.000000000000000000e+00
2.230954894499999952e+01,-5.056915725299999664e+00,-3.140827251940000231e+00,-9.814785375660001421e+00,-8.909267932180001126e-02,-1.959372162819999763e-01,2.937059700490000091e-01,1.000000000000000000e+00
2.231455504599999884e+01,-4.023217404959999577e+00,-9.661174338230000824e-01,-1.071281090469999953e+01,-3.278413414959999717e-01,-2.110328078269999852e-01,2.376977950330000089e-01,1.000000000000000000e+00
2.231951056100000130e+01,-3.296586261190000311e+00,1.457593740870000154e+00,-9.641664604980000775e+00,-4.827189147469999608e-01,-2.200144827370000000e-01,1.755847036840000042e-01,1.000000000000000000e+00
2.232461033499999914e+01,-2.864588928879999941e+00,1.454100199670000038e+00,-9.867703311379999676e+00,-4.320046007630000129e-01,-2.560842931269999845e-01,1.118856146929999990e-01,1.000000000000000000e+00
2.232950295499999882e+01,-3.205160607909999904e+00,5.380112637289999888e-01,-9.958891064260001258e+00,-2.277980893849999855e-01,-2.512592971320000146e-01,1.376640349630000038e-01,1.000000000000000000e+00
2.233454249500000088e+01,-2.950360794190000302e+00,-1.998509566929999870e-02,-9.726486914480000578e+00,-8.863873779769999850e-02,-2.284582108260000133e-01,1.700007617469999899e-01,1.000000000000000000e+00
2.233963031600000093e+01,-2.671243116299999887e+00,-4.979951508889999823e-01,-9.788894563080001276e+00,-8.073397725819998760e-02,-2.178167402739999703e-01,1.474385708569999898e-01,1.000000000000000000e+00
2.234461196599999866e+01,-2.715635800249999843e+00,-3.827829272900000190e-01,-9.731733582960000462e+00,-1.470591276880000020e-01,-2.096163332459999862e-01,7.224743813280000426e-02,1.000000000000000000e+00
2.234956404000000063e+01,-2.882497218280000162e+00,-2.352361765960000184e-01,-9.626748190880000777e+00,-2.219675183300000021e-01,-2.339026778939999884e-01,3.482715412969999286e-02,1.000000000000000000e+00
2.235461078799999868e+01,-3.007644816160000012e+00,9.215827841129999032e-02,-9.471700837030001097e+00,-1.972837299109999887e-01,-1.843714117999999957e-01,4.137942567469999472e-02,1.000000000000000000e+00
2.235958025600000099e+01,-3.020047493879999934e+00,2.687727729559999945e-01,-9.524379703300001054e+00,-1.339246630670000160e-01,-1.819450408219999704e-01,7.694415748119999565e-02,1.000000000000000000e+00
2.236455532700000148e+01,-2.761716583430000149e+00,1.580014726800000047e-01,-9.624100306719999054e+00,-8.039926737550000257e-02,-1.488605886700000158e-01,4.854581505059999552e-02,1.000000000000000000e+00
2.236955882999999901e+01,-2.727186245049999958e+00,1.585488682969999827e-02,-9.662257895680001596e+00,-6.181950122119999474e-02,-1.415523141620000092e-01,4.094109311699999781e-02,1.000000000000000000e+00
2.237463096600000156e+01,-2.814874173120000211e+00,6.314887715120000300e-02,-9.622259647289999052e+00,-7.649039477110000651e-02,-1.457033902410000137e-01,-1.417058287190000199e-03,1.000000000000000000e+00
2.237966850300000132e+01,-2.872971849559999846e+00,1.304975258140000094e-01,-9.533480124600000494e+00,-6.136900559069999317e-02,-1.556034535170000010e-01,-9.806576184930001008e-03,1.000000000000000000e+00
2.238452462700000112e+01,-2.879600912309999927e+00,1.330332548360000089e-01,-9.526731819380000132e+00,-4.383117705580000939e-02,-1.503263264890000173e-01,-2.883635647590000045e-02,1.000000000000000000e+00
2.238964396700000137e+01,-2.894572271469999958e+00,3.152991810060000177e-01,-9.615134909980000089e+00,-1.242911815640000001e-02,-1.370921880010000093e-01,-1.938088424500000045e-02,1.000000000000000000e+00
2.239461833800000079e+01,-2.842532579890000299e+00,4.028562126990000158e-01,-9.671627781569998916e+00,1.523007545620000056e-02,-1.016109958290000032e-01,-4.013939201830000331e-02,1.000000000000000000e+00
2.239957291600000033e+01,-2.851632416669999781e+00,8.732705886250000105e-02,-9.695339496549999936e+00,1.002523396160000073e-02,-9.279913455250000942e-02,-3.998227044939999669e-02,1.000000000000000000e+00
2.240457911800000090e+01,-2.923428363600000246e+00,-6.459015286759998975e-02,-9.556793780170000474e+00,2.648634091020000275e-02,-8.337809890510000654e-02,-4.942721500990000794e-02,1.000000000000000000e+00
2.240959883000000019e+01,-3.006599983280000110e+00,-4.765642585919999813e-02,-9.542509818750000150e+00,1.201744563880000061e-02,-7.974179089069999282e-02,-3.887968137859999784e-02,1.000000000000000000e+00
2.241459471699999995e+01,-2.955301757720000033e+00,-1.200841039519999903e-01,-9.394916288039999230e+00,7.913392968479999318e-03,-5.851454287769999180e-02,-6.036641076209999651e-02,1.000000000000000000e+00
2.241959092100000106e+01,-2.978841038740000169e+00,-2.981195164119999630e-01,-9.333956500160001113e+00,7.319748867300000100e-03,-4.723057895899999969e-02,-4.952261969449999607e-02,1.000000000000000000e+00
2.242458231499999854e+01,-2.890236288090000105e+00,-2.841062616939999952e-01,-9.473235206989999213e+00,-8.303231559690000402e-03,-2.899180725219999838e-02,-4.916749522089999824e-02,1.000000000000000000e+00
2.242957017399999842e+01,-2.900522119790000186e+00,-1.965858904830000142e-01,-9.538920854339998812e+00,-3.817497193809999551e-02,4.063342697919999739e-03,-5.331554263830000362e-02,1.000000000000000000e+00
2.243470291499999902e+01,-2.928310290419999795e+00,-1.842804991279999860e-01,-9.369703520850000800e+00,-3.395051136610000020e-02,-9.604508057240000382e-03,-6.246938183899999886e-02,1.000000000000000000e+00
2.243954390600000082e+01,-2.866199286690000125e+00,-2.169173519039999942e-01,-9.393508759330000402e+00,-4.246594756839999762e-02,9.805393405259999959e-03,-5.845553800459999533e-02,1.000000000000000000e+00
2.244472054499999913e+01,-2.823416960540000353e+00,-3.003212642400000520e-01,-9.398478364430001619e+00,-4.168535768990000445e-02,8.631106466050000609e-04,-6.230339035389999974e-02,1.000000000000000000e+00
2.244968622500000066e+01,-2.874762532369999679e+00,-1.389172896400000246e-01,-9.464737427759999377e+00,-1.919882558290000180e-02,3.103201277550000220e-02,-6.984215974809999949e-02,1.000000000000000000e+00
2.245470286600000165e+01,-3.010716770950000232e+00,-8.468117486310001996e-02,-9.422923654380001679e+00,-2.752517536280000079e-02,2.348167821759999593e-02,-5.759176611899999992e-02,1.000000000000000000e+00
2.245965812100000036e+01,-2.829561454639999862e+00,-5.058881234950000222e-02,-9.425101582939998224e+00,-2.846784144640000097e-02,4.380408674480000542e-02,-8.311187475919999679e-02,1.000000000000000000e+00
2.246465694500000154e+01,-2.927609156420000414e+00,-5.876503604380000495e-02,-9.408303592879999400e+00,-9.687630459669999139e-03,2.497735805809999862e-02,-5.931318551300000103e-02,1.000000000000000000e+00
2.246954249399999881e+01,-2.799128614709999407e+00,-2.135340113430000131e-01,-9.400511916090000142e+00,2.969842753369999729e-04,4.994114488359999854e-02,-7.176245749000000063e-02,1.000000000000000000e+00
2.247457516900000130e+01,-2.780447879640000064e+00,-2.575779549259999968e-01,-9.389328258769999991e+00,1.451277825979999971e-02,5.037682503460000349e-02,-7.516515254970000670e-02,1.000000000000000000e+00
2.247966600599999865e+01,-2.760282458970000352e+00,-3.553500728980000245e-01,-9.390463400279999817e+00,2.462649950760000157e-03,3.802206367250000191e-02,-5.673399940130000041e-02,1.000000000000000000e+00
2.248456163699999877e+01,-2.682717573249999710e+00,-4.077249512470000337e-01,-9.384830362829999828e+00,1.640046946699999855e-02,4.699403047559999602e-02,-6.544920057059999685e-02,1.000000000000000000e+00
2.248961834600000032e+01,-2.714736805590000301e+00,-4.297506493649999593e-01,-9.455110936760000584e+00,1.226954627779999925e-02,2.398496866229999844e-02,-5.691588297489999504e-02,1.000000000000000000e+00
2.249471574400000051e+01,-2.757344944210000204e+00,-3.436872537630000224e-01,-9.420164711059999973e+00,3.493532072749999749e-03,-7.351967040450000171e-03,-4.360383003949999670e-02,1.000000000000000000e+00
2.249960752799999852e+01,-2.722427944609999706e+00,-2.831201002010000356e-01,-9.431330832719998725e+00,-1.330528128889999981e-02,1.434341073040000048e-03,-4.822011291980000253e-02,1.000000000000000000e+00
2.250455317000000122e+01,-2.752727221280000247e+00,-2.403113427019999970e-01,-9.442855266300000494e+00,-5.000576842580000195e-03,4.305801820010000600e-03,-4.986201971769999713e-02,1.000000000000000000e+00
2.250965796999999924e+01,-2.824163979509999756e+00,-1.960450068050000050e-01,-9.432289448620000627e+00,-8.144633844490000579e-03,-8.872454985979999140e-03,-3.849813342089999924e-02,1.000000000000000000e+00
2.251468950699999994e+01,-2.816986927490000348e+00,-3.179215288660000027e-01,-9.359746774979999628e+00,4.837363958359999772e-03,-7.606169208880000400e-03,-3.230636566879999810e-02,1.000000000000000000e+00
2.251968155799999849e+01,-2.821289593120000383e+00,-3.342935120719999764e-01,-9.327413946649999232e+00,-1.935893110929999897e-02,9.281341917810000119e-03,-2.401238679890000186e-02,1.000000000000000000e+00
2.252463528699999884e+01,-2.830717346679999746e+00,-2.454508792810000117e-01,-9.365354093469999697e+00,-3.226223215459999433e-02,2.499527484180000259e-02,-5.356051493439999492e-03,1.000000000000000000e+00
2.252951065799999952e+01,-2.736217400510000175e+00,-2.725198870630000103e-01,-9.321743499800000166e+00,-9.180824272329999453e-03,7.985063828530000393e-03,-2.222909219559999691e-02,1.000000000000000000e+00
2.253456272700000085e+01,-2.742362479140000531e+00,-3.328549671689999823e-01,-9.401441890410000113e+00,-1.770416647199999846e-02,3.644408658150000233e-03,-1.156822778280000054e-02,1.000000000000000000e+00
2.253966166600000065e+01,-2.747928004309999839e+00,-3.625536110679999924e-01,-9.398723279100000383e+00,-1.977237500250000196e-02,1.664789393540000093e-02,-1.404529903079999951e-04,1.000000000000000000e+00
2.254454845000000063e+01,-2.736128553180000367e+00,-2.600621364249999790e-01,-9.385655123219999396e+00,-2.322732284669999994e-02,1.071677636360000158e-02,-6.678344681860000007e-03,1.000000000000000000e+00
2.254971836300000021e+01,-2.749818348099999810e+00,-1.792672740760000161e-01,-9.410277523299999558e+00,-3.425722569229999737e-02,1.212701946500000134e-02,-2.390635572370000336e-02,1.000000000000000000e+00
2.255462296900000041e+01,-2.841826185189999965e+00,-2.156581821559999945e-01,-9.369585447420000435e+00,-3.113173320889999970e-02,1.186092291029999975e-02,-1.276806276290000028e-02,1.000000000000000000e+00
2.255965444899999994e+01,-2.891972610369999863e+00,-2.167728836660000047e-01,-9.381266532869998898e+00,-1.951181516050000050e-02,3.735767677430000197e-03,-1.099350745789999875e-03,1.000000000000000000e+00
2.256458494900000034e+01,-2.891615467490000313e+00,-6.801135035469998980e-02,-9.381675113669999178e+00,-2.695514447990000201e-02,1.013345364479999872e-02,-1.200460712430000175e-03,1.000000000000000000e+00
2.256957703300000162e+01,-2.878498504029999960e+00,-6.233117669329999236e-03,-9.384884723369999904e+00,-2.694063074890000117e-02,2.539594098929999835e-02,-1.383960829119999921e-03,1.000000000000000000e+00
2.257462492299999823e+01,-2.917669946200000197e+00,-3.927042730520000080e-02,-9.367022903460000549e+00,-2.556885825469999707e-03,2.392498031259999991e-02,2.299862680959999933e-03,1.000000000000000000e+00
2.257964871400000106e+01,-2.809665206300000051e+00,-9.051800039089999417e-02,-9.346269453770000624e+00,-1.269496604800000004e-02,2.238771691920000279e-02,-9.214584715659999634e-03,1.000000000000000000e+00
2.258468621700000156e+01,-2.856617511610000104e+00,-1.546416043260000206e-01,-9.341675111709999868e+00,1.065266504879999916e-02,4.671959578990000223e-02,-6.448858417569999432e-03,1.000000000000000000e+00
2.258952133000000018e+01,-2.818889838500000078e+00,-2.038979305290000155e-01,-9.384060547500000737e+00,-6.488557904959999997e-03,2.940986864270000306e-02,-5.703640170399999071e-03,1.000000000000000000e+00
2.259463074199999966e+01,-2.774067530959999583e+00,-2.030434325920000005e-01,-9.404444579360001555e+00,-1.405963487920000067e-02,4.398804903030000685e-02,-5.257773213089999946e-03,1.000000000000000000e+00
2.259961267199999924e+01,-2.815914037559999805e+00,-1.778887887970000137e-01,-9.394361576760001498e+00,-1.828800141810000071e-02,4.370279610159999439e-02,3.933222033079999784e-03,1.000000000000000000e+00
2.260456888699999922e+01,-2.704793795979999693e+00,-2.492527375160000225e-01,-9.376019864389999015e+00,-2.000016532840000194e-02,4.229947924610000243e-02,-2.152043022220000157e-02,1.000000000000000000e+00
2.260955581900000055e+01,-2.769113123419999933e+00,-2.029701116270000161e-01,-9.381600879389999648e+00,-2.822557464240000105e-02,4.771893471480000842e-02,-5.878592841329999784e-03,1.000000000000000000e+00
2.261468884499999987e+01,-2.738619200959999667e+00,-1.284956479390000073e-01,-9.433535649289998659e+00,-4.576174169779999995e-02,4.822360724209999450e-02,-4.029100760820000619e-03,1.000000000000000000e+00
2.261957687299999975e+01,-2.771418477749999720e+00,2.650946506990000187e-02,-9.410559262850000550e+00,-2.252236381169999899e-02,5.503007024530000291e-02,-1.037126034499999926e-02,1.000000000000000000e+00
2.262454682599999956e+01,-2.767274802080000207e+00,8.277496678239999739e-02,-9.503051668580001277e+00,-3.858368843790000585e-02,5.890824645759999700e-02,-1.483622752129999840e-02,1.000000000000000000e+00
2.262952446599999945e+01,-2.766648194609999667e+00,-1.264710490599999827e-02,-9.518909747449999514e+00,-2.288759872320000194e-02,6.004264950749999691e-02,-1.512269605880000147e-03,1.000000000000000000e+00
2.263468587899999918e+01,-2.694819514459999787e+00,-7.957242614780001000e-02,-9.545372222439999277e+00,-6.966941524300000049e-03,3.784693777559999806e-02,-1.259330473839999874e-02,1.000000000000000000e+00
2.263957738199999881e+01,-2.756734995620000461e+00,-1.447913601720000054e-01,-9.528910332460000632e+00,1.417734427380000018e-03,5.520871281619999654e-02,-5.401060916480000026e-04,1.000000000000000000e+00
2.264458111300000098e+01,-2.690936535540000119e+00,-2.244094977580000094e-01,-9.503278463080000904e+00,1.641760952770000143e-02,3.122172318400000257e-02,-1.310999621639999868e-03,1.000000000000000000e+00
2.264965306199999873e+01,-2.646072434679999752e+00,-2.278949652540000204e-01,-9.484794711880001117e+00,2.280181087549999763e-02,3.924070298669999485e-02,-1.397235412150000036e-02,1.000000000000000000e+00
2.265459125799999995e+01,-2.700978621610000019e+00,-1.886691077430000252e-01,-9.493061604970000289e+00,1.825711317359999739e-02,3.076163865629999786e-02,-5.044412799180000677e-03,1.000000000000000000e+00
2.265964431600000140e+01,-2.761656962190000453e+00,-1.204764277380000054e-01,-9.479386130840000035e+00,2.357889199630000196e-03,4.770569503309999432e-02,-4.246538504960000251e-03,1.000000000000000000e+00
2.266458362599999887e+01,-2.710306714179999688e+00,-1.741954324379999808e-01,-9.487178976670000097e+00,1.601073145870000186e-02,4.310786724090000938e-02,-1.178043521939999873e-02,1.000000000000000000e+00
2.266960411799999875e+01,-2.717487273339999732e+00,-1.155529633280000107e-01,-9.450300906129999845e+00,1.725038886069999930e-02,3.839208185669999718e-02,-2.122004143889999819e-02,1.000000000000000000e+00
2.267457912600000114e+01,-2.780087229639999880e+00,-1.775627351810000198e-01,-9.482282436800000269e+00,3.051517158750000069e-02,4.759669303890000369e-02,-1.576153934000000187e-02,1.000000000000000000e+00
2.267967033700000101e+01,-2.742850262649999760e+00,-2.393402874460000274e-01,-9.449176286010001036e+00,1.766685023899999818e-02,3.159758448599999520e-02,-1.634090207520000337e-02,1.000000000000000000e+00
2.268468339300000025e+01,-2.687009425229999859e+00,-3.146276018870000080e-01,-9.466939906240000369e+00,7.039363030339999480e-03,1.660041138529999918e-02,-1.737013459209999638e-02,1.000000000000000000e+00
2.268950146499999931e+01,-2.636431038370000035e+00,-3.169679910009999824e-01,-9.446146124540000244e+00,1.225075870750000004e-02,3.348618745799999963e-02,-2.403808943930000122e-02,1.000000000000000000e+00
2.269467050400000119e+01,-2.646660755970000167e+00,-3.348846463649999827e-01,-9.441022205650000387e+00,2.770024165509999900e-02,2.864697016779999689e-02,-8.550884202119999472e-03,1.000000000000000000e+00
2.269969713400000089e+01,-2.509030693120000155e+00,-3.726237907159999918e-01,-9.508645543069999206e+00,1.451665908099999958e-02,4.307896643880000653e-02,-2.337221242490000045e-02,1.000000000000000000e+00
2.270469044200000042e+01,-2.592838272619999884e+00,-3.389261403090000346e-01,-9.472454870269999105e+00,1.820234023029999870e-02,1.785937882959999848e-02,-6.737834773960000960e-03,1.000000000000000000e+00
2.270966980500000076e+01,-2.648219091320000107e+00,-2.994163330229999698e-01,-9.475223750459999650e+00,1.102983299639999880e-02,1.674182899299999847e-02,-1.809934736229999947e-03,1.000000000000000000e+00
2.271466178900000088e+01,-2.720659473629999603e+00,-1.762469216079999845e-01,-9.439870697530000854e+00,1.394614577289999928e-02,4.761478398000000556e-03,-9.519701823590000223e-03,1.000000000000000000e+00
2.271953259700000061e+01,-2.724741482250000235e+00,-9.826698881619999604e-02,-9.503487137389999617e+00,5.933544598519999852e-03,-7.947942242029999715e-03,-1.886652410030000004e-02,1.000000000000000000e+00
2.272463526800000011e+01,-2.705994696199999883e+00,-9.110130757110002087e-02,-9.492171962649999628e+00,9.730687364940000111e-03,9.735722560439999352e-04,-2.793352119620000004e-02,1.000000000000000000e+00
2.272964604299999891e+01,-2.686168005969999939e+00,-8.369376212780001156e-02,-9.448930786820000094e+00,1.620359160010000077e-02,2.468062564729999603e-02,-3.233923390509999690e-02,1.000000000000000000e+00
2.273463533500000011e+01,-2.701868556189999993e+00,-1.914368736890000033e-01,-9.374209600089999483e+00,3.220017254350000108e-02,2.138538658619999755e-02,-7.563002407550000784e-03,1.000000000000000000e+00
2.273954088800000051e+01,-2.605840962059999821e+00,-2.800138595470000324e-01,-9.434680727669999101e+00,2.600117214020000386e-02,5.128528922799999862e-03,-2.707401290539999950e-02,1.000000000000000000e+00
2.274467986300000177e+01,-2.566586517779999799e+00,-2.670873588859999925e-01,-9.427053301529999985e+00,3.460412845020000017e-02,1.554389856760000042e-02,-3.475391119719999783e-02,1.000000000000000000e+00
2.274949365699999859e+01,-2.526245155040000245e+00,-2.092087137560000032e-01,-9.438327559739999373e+00,3.452938795089999929e-02,-1.134243234990000085e-02,-1.923861168320000273e-02,1.000000000000000000e+00
2.275466690800000080e+01,-2.524933195659999630e+00,-8.351467010070000307e-02,-9.488938972080001477e+00,3.280001506210000056e-02,-8.869275450709998218e-03,-1.136066112670000225e-02,1.000000000000000000e+00
2.275967377099999922e+01,-2.596229084109999974e+00,-1.471216114839999922e-01,-9.462586387210000893e+00,2.965626120570000190e-02,-6.110074464229999988e-03,-2.349691279229999819e-02,1.000000000000000000e+00
2.276465008199999929e+01,-2.672737154250000025e+00,-1.712879109609999895e-01,-9.387149745689999492e+00,4.332342743869999763e-02,-1.226124633099999993e-02,-1.929074712099999866e-02,1.000000000000000000e+00
2.276957863100000168e+01,-2.757723129879999568e+00,-2.256330482039999863e-01,-9.369479648960000517e+00,6.475623697040000515e-02,-2.322597242890000330e-02,-2.681500278410000205e-03,1.000000000000000000e+00
2.277465525499999899e+01,-2.691171513340000043e+00,-2.600372942440000168e-01,-9.360760920460000634e+00,3.357786312700000025e-02,-2.725633792580000204e-03,-2.209860831499999706e-02,1.000000000000000000e+00
2.277952710900000000e+01,-2.749603828569999742e+00,-1.386947603299999998e-01,-9.356989585219999128e+00,3.256861492989999995e-02,-2.638605888929999952e-03,-9.501257911319999430e-03,1.000000000000000000e+00
2.278451664900000040e+01,-2.701972601079999592e+00,-2.053585411340000111e-01,-9.345806512430000268e+00,2.568795718249999860e-02,1.045901887120000151e-02,2.420605160300000043e-04,1.000000000000000000e+00
2.278965994600000045e+01,-2.623007200920000059e+00,-2.552526720499999624e-01,-9.316016354319998527e+00,2.559619024399999859e-02,-4.413322545590000166e-03,-2.585140988230000096e-03,1.000000000000000000e+00
2.279451775700000127e+01,-2.667687469640000142e+00,-3.076078227849999847e-01,-9.331406231160000786e+00,1.586236245929999872e-02,5.759752821180000228e-04,1.055215485389999867e-03,1.000000000000000000e+00
2.279954227800000055e+01,-2.638522165429999955e+00,-2.901246817330000449e-01,-9.350970178800000809e+00,-1.164990011599999903e-03,-3.152590477840000027e-03,1.678483560679999709e-02,1.000000000000000000e+00
2.280442982199999946e+01,-2.619301332140000049e+00,-2.792074933340000231e-01,-9.347201181660000913e+00,-1.881732232870000215e-02,-6.067498587069999547e-03,-2.813487080860000052e-03,1.000000000000000000e+00
2.280939798200000013e+01,-2.713705416709999874e+00,-2.980863447950000134e-01,-9.347026409610000641e+00,-1.418843679129999820e-02,-2.678631432349999966e-02,4.218693822619999818e-03,1.000000000000000000e+00
2.281451232199999879e+01,-2.710265797649999975e+00,-1.683348698419999956e-01,-9.341569313249999951e+00,-1.288594491779999733e-02,-1.304436288770000063e-02,2.028500428419999918e-03,1.000000000000000000e+00
2.281949614599999876e+01,-2.748456704360000113e+00,-9.630626493619999506e-02,-9.279079831589999827e+00,-1.449864730239999906e-02,-1.665309071539999852e-03,2.298807492479999857e-03,1.000000000000000000e+00
2.282448966700000170e+01,-2.747927127530000124e+00,-1.158936299919999940e-01,-9.344467957300000904e+00,-3.344294428830000415e-02,1.623876579110000024e-02,8.239543531089999449e-04,1.000000000000000000e+00
2.282951042599999880e+01,-2.752667015529999706e+00,-1.197561871719999976e-01,-9.378996834369999647e+00,-8.115041069690000219e-03,1.041434612129999923e-02,1.077058026569999985e-03,1.000000000000000000e+00
2.283456126000000097e+01,-2.687528480670000164e+00,-1.322421318579999894e-01,-9.420186922889998371e+00,-2.599473670129999817e-02,4.777893889699999508e-03,1.509091584010000030e-03,1.000000000000000000e+00
2.283946902799999989e+01,-2.677402807970000076e+00,-1.263872774829999934e-01,-9.425387998670000655e+00,-1.237301528450000104e-02,1.251489669079999985e-02,3.530919784679999781e-03,1.000000000000000000e+00
2.284453723800000091e+01,-2.633973416090000352e+00,-1.050105539249999997e-01,-9.415759169580001142e+00,-2.291222848000000131e-02,-2.395931631330000013e-03,6.995652802289999996e-05,1.000000000000000000e+00
2.284965216999999882e+01,-2.720531755600000157e+00,-1.345760181660000110e-01,-9.425400273630000214e+00,-5.052498541770000275e-03,7.531779818239999792e-03,4.492789506909999724e-03,1.000000000000000000e+00
2.285456031800000076e+01,-2.698170286190000322e+00,-1.520650501019999989e-01,-9.375793654419998902e+00,-3.013861738150000122e-02,-6.106374785300000508e-04,8.421068079769999937e-03,1.000000000000000000e+00
2.285966712300000125e+01,-2.726660175350000159e+00,-1.546144057920000037e-01,-9.413846613960000553e+00,-5.959308706220000848e-03,2.224244177340000111e-03,4.228771664199999780e-03,1.000000000000000000e+00
2.286451726499999992e+01,-2.753018605450000322e+00,-1.434863785200000130e-01,-9.372816099910000531e+00,-1.475585065779999767e-02,3.316957037900000130e-03,3.864032449199999563e-03,1.000000000000000000e+00
2.286951297699999941e+01,-2.790221377900000022e+00,-1.566502224680000055e-01,-9.390048974260000847e+00,-2.928719483320000108e-02,-2.484851051119999887e-03,1.257524453100000023e-02,1.000000000000000000e+00
2.287467562999999870e+01,-2.671339562410000035e+00,-1.733386512119999834e-01,-9.360123207070000007e+00,-1.031219027940000026e-02,7.205974310640000241e-03,2.670457353820000421e-03,1.000000000000000000e+00
2.287963877700000026e+01,-2.726663682479999462e+00,-1.566548986430000012e-01,-9.372254958890000154e+00,-2.722719451409999838e-03,2.258754521609999608e-02,1.574899768460000108e-03,1.000000000000000000e+00
2.288464842699999835e+01,-2.755220791669999780e+00,-1.611634255759999967e-01,-9.342468307919999049e+00,2.067915047519999956e-04,2.996885590260000079e-02,1.626887358729999997e-02,1.000000000000000000e+00
2.288946574199999873e+01,-2.716938991809999759e+00,-1.629041134970000138e-01,-9.405712407339999359e+00,-1.421660184860000162e-02,2.879250980909999966e-02,1.194742321970000166e-02,1.000000000000000000e+00
2.289466176399999853e+01,-2.708083485179999972e+00,-1.496508377009999891e-01,-9.376655239679999809e+00,-1.505065523090000010e-02,1.444745808840000069e-02,1.484984811399999924e-02,1.000000000000000000e+00
2.289964725500000142e+01,-2.746254810400000412e+00,-1.902274613670000003e-01,-9.410838079790000421e+00,-3.294150158760000141e-02,2.036909386520000323e-02,1.425900775939999837e-02,1.000000000000000000e+00
2.290452387999999928e+01,-2.701483648520000003e+00,-1.863890522480000089e-01,-9.359778339160000016e+00,-2.917438186709999867e-02,2.879221551119999847e-02,1.534833107140000028e-02,1.000000000000000000e+00
2.290963259400000140e+01,-2.625814075030000083e+00,-1.722686473610000046e-01,-9.347667630129999239e+00,-2.502073533830000140e-02,2.964509837330000022e-02,1.459341403100000018e-02,1.000000000000000000e+00
2.291463292999999979e+01,-2.538473352970000096e+00,-2.992076587090000128e-01,-9.429100881709999271e+00,-1.282619871199999935e-02,4.001949727540000251e-02,-9.277156554159999083e-03,1.000000000000000000e+00
2.291963552600000043e+01,-2.634614344340000081e+00,-3.302492051170000109e-01,-9.438685287140000213e+00,-1.413011271510000028e-02,4.215656965969999392e-02,2.048504725099999785e-02,1.000000000000000000e+00
2.292460529699999938e+01,-2.571134974859999645e+00,-2.518217842859999944e-01,-9.452059732489999533e+00,-3.225770220159999979e-02,1.422732323409999985e-02,1.239804085340000077e-02,1.000000000000000000e+00
2.292944714800000128e+01,-2.637928291190000163e+00,-2.159828110010000024e-01,-9.456692068469999768e+00,-3.603976219890000360e-02,6.119349971409999804e-03,1.059223525230000053e-02,1.000000000000000000e+00
2.293452199600000085e+01,-2.697107917649999909e+00,-1.475932201840000069e-01,-9.405859122329999877e+00,-2.169305272399999970e-02,7.923505268989999503e-03,1.763455197219999937e-02,1.000000000000000000e+00
2.293954803200000114e+01,-2.720062969049999779e+00,-1.297636677139999972e-01,-9.433932539649999782e+00,-1.074287854140000033e-02,5.021171644329999566e-03,3.543946659189999970e-03,1.000000000000000000e+00
2.294464591099999851e+01,-2.749826823669999865e+00,-8.593078219850000532e-02,-9.469006775639998708e+00,-1.518302131439999876e-02,2.723842859269999875e-02,-1.335845515130000029e-02,1.000000000000000000e+00
2.294951952099999914e+01,-2.678476282420000132e+00,-1.869244377659999845e-01,-9.407308736619999223e+00,-9.940729476510000440e-03,2.018222771579999963e-02,-6.380338687449999859e-03,1.000000000000000000e+00
2.295451468699999964e+01,-2.708124401710000129e+00,-1.955522183200000264e-01,-9.463034130969999680e+00,-1.659042574470000198e-02,2.511462196709999747e-02,-1.005733478809999956e-02,1.000000000000000000e+00
2.295962717000000097e+01,-2.699628083780000409e+00,-1.823322328709999773e-01,-9.426430785720000927e+00,1.296635251490000024e-03,1.341105997560000131e-02,7.716272026300000954e-03,1.000000000000000000e+00
2.296446705500000007e+01,-2.643377788770000070e+00,-1.688915538770000002e-01,-9.514207268850000787e+00,-1.406651688740000010e-03,1.258383784440000007e-02,7.166983559729999363e-03,1.000000000000000000e+00
2.296943032300000098e+01,-2.528043728890000175e+00,-2.769580521730000133e-01,-9.448632096129999880e+00,-7.445721887050000057e-03,1.936684735119999917e-02,3.751320997249999855e-03,1.000000000000000000e+00
2.297440698799999836e+01,-2.520033148650000054e+00,-2.726249183400000220e-01,-9.498696395979999707e+00,5.847147665920000154e-03,-7.638817187399999167e-03,-5.005505401640000275e-03,1.000000000000000000e+00
2.297965088200000139e+01,-2.619654383359999894e+00,-2.604908832310000033e-01,-9.499185056279999984e+00,-3.195789409800000019e-03,-6.380307953799999911e-03,2.357220510019999906e-03,1.000000000000000000e+00
2.298449542299999848e+01,-2.645436767130000089e+00,-2.139847325189999927e-01,-9.508636190720000769e+00,4.059303086250000414e-03,7.467132527379999937e-04,-5.437329877169999257e-03,1.000000000000000000e+00
2.298961587599999845e+01,-2.678968157589999954e+00,-1.533781785280000087e-01,-9.385641094689999520e+00,1.806543953720000234e-02,1.806582789870000072e-03,-5.833485163749999904e-03,1.000000000000000000e+00
2.299455296800000070e+01,-2.742740080279999937e+00,-1.058168288069999963e-01,-9.410607193639998869e+00,-8.516479283569999489e-03,-5.453234072770000475e-03,-2.031430834900000131e-03,1.000000000000000000e+00
2.299951288100000113e+01,-2.674999838479999781e+00,-7.975967408189998942e-02,-9.404943176530000670e+00,1.553264213730000008e-03,-8.281180635090000519e-03,-9.972861967979999506e-03,1.000000000000000000e+00
2.300451409800000135e+01,-2.625882756349999791e+00,-1.847487376949999982e-01,-9.423357369619999702e+00,3.596966271290000499e-04,-2.157660201189999863e-02,-2.066286094490000017e-02,1.000000000000000000e+00
2.300963898099999838e+01,-2.797116982629999971e+00,-1.928181719799999805e-01,-9.431377009949999390e+00,1.265931595120000155e-02,6.209822371600000161e-03,9.510031901299998564e-03,1.000000000000000000e+00
2.301448116399999932e+01,-2.678417830229999907e+00,-2.093300385799999885e-01,-9.388965270679999975e+00,8.082468993960000014e-03,-1.595890149469999944e-03,1.141892839219999997e-02,1.000000000000000000e+00
2.301956503299999923e+01,-2.678216754700000202e+00,-1.739144966050000241e-01,-9.418185519939999750e+00,-1.072432845830000037e-02,1.211333181710000199e-02,-1.776425400749999904e-03,1.000000000000000000e+00
2.302459281799999857e+01,-2.732233299309999808e+00,-1.833396563479999797e-01,-9.406289330439999929e+00,1.450078096239999954e-03,-4.090993199500000087e-03,1.433952059600000078e-02,1.000000000000000000e+00
2.302951629800000077e+01,-2.603408474220000102e+00,-3.144853073389999865e-01,-9.410644018519999321e+00,1.448935363439999820e-03,1.922400668259999961e-03,2.729339757929999475e-03,1.000000000000000000e+00
2.303463023999999848e+01,-2.629666951069999925e+00,-2.708369754769999749e-01,-9.461609651130000742e+00,-6.846815347670000447e-03,4.335743840779999851e-03,-6.796741858119999778e-03,1.000000000000000000e+00
2.303950721800000068e+01,-2.593293322909999699e+00,-2.715690160790000252e-01,-9.383462581610000797e+00,-7.201133295890001056e-03,3.795656841250000333e-03,-3.651624079790000144e-03,1.000000000000000000e+00
2.304464705999999907e+01,-2.630021463590000330e+00,-2.982555456159999840e-01,-9.452973340210000686e+00,-1.455947384240000031e-02,-8.873440325260001024e-03,6.312048994000000156e-03,1.000000000000000000e+00
2.304954452000000131e+01,-2.595167884619999921e+00,-2.708112199809999954e-01,-9.441360643819999510e+00,-1.499946229160000095e-02,-2.911963732909999669e-03,5.766551475970000794e-04,1.000000000000000000e+00
2.305465037000000095e+01,-2.654887609300000229e+00,-2.185764990219999926e-01,-9.459200251900000467e+00,-1.872265711430000108e-03,6.316224113110000156e-03,1.776631549000000018e-02,1.000000000000000000e+00
2.305947024399999989e+01,-2.711045549850000125e+00,-1.788375591560000255e-01,-9.432399923260000207e+00,3.578989300880000037e-03,-8.161992765960000146e-03,2.735316567120000403e-02,1.000000000000000000e+00
2.306460570200000149e+01,-2.675067935279999976e+00,-1.288095179279999947e-01,-9.433312946450000069e+00,-3.297899663449999769e-02,1.067404914649999932e-02,7.410624064509999977e-03,1.000000000000000000e+00
2.306963959300000155e+01,-2.689747325759999974e+00,-1.432945640090000083e-01,-9.445969014400001029e+00,-1.476797461510000013e-02,-5.377418361600000939e-03,9.458157233889999405e-03,1.000000000000000000e+00
2.307460533900000144e+01,-2.737301104090000603e+00,-1.001387375049999917e-01,-9.420306165359999540e+00,-7.478833198550000061e-03,7.165735587479999877e-03,1.967343315479999979e-02,1.000000000000000000e+00
2.307962280599999971e+01,-2.643898305510000046e+00,-1.551006184060000070e-01,-9.427385894489999529e+00,-1.837431639430000055e-02,-1.323778368529999853e-02,8.645416237409999163e-03,1.000000000000000000e+00
2.308451059100000080e+01,-2.693358501990000153e+00,-1.479154196099999874e-01,-9.428180259730000401e+00,-1.866577938200000147e-02,-2.151563763619999958e-02,1.496534887700000024e-02,1.000000000000000000e+00
2.308961476800000057e+01,-2.659567583809999913e+00,-1.417063815019999895e-01,-9.384999289660001409e+00,-1.552076637739999848e-02,2.175993286069999918e-03,2.002731338139999984e-02,1.000000000000000000e+00
2.309463253999999921e+01,-2.624706113790000295e+00,-2.226233084609999802e-01,-9.391395712689998732e+00,-3.369775414470000535e-02,-2.130929753180000122e-02,4.202571697530000337e-03,1.000000000000000000e+00
2.309955637699999897e+01,-2.652881530180000169e+00,-2.111323570279999839e-01,-9.435776121689999130e+00,-1.964343898000000047e-02,-7.793424185369999917e-03,5.492299795150000497e-03,1.000000000000000000e+00
2.310464862399999930e+01,-2.585558052490000147e+00,-2.555269041480000003e-01,-9.442861696039999586e+00,-3.434150665999999991e-02,2.948074601590000218e-03,1.844520494340000372e-02,1.000000000000000000e+00
2.310958656000000033e+01,-2.673690509450000086e+00,-2.703217376979999975e-01,-9.418731463389999448e+00,-2.946470305320000177e-02,6.202021613720000437e-03,1.096967235209999995e-02,1.000000000000000000e+00
2.311462642700000103e+01,-2.696132058359999473e+00,-2.233423982490000126e-01,-9.347693933610001338e+00,-1.987441442909999856e-02,7.161566056310000351e-03,1.847516186540000202e-02,1.000000000000000000e+00
2.311962100899999939e+01,-2.688732595759999899e+00,-1.915896713639999860e-01,-9.400813529380000588e+00,-2.773257531229999726e-02,1.451530493800000030e-02,8.361118845640001448e-03,1.000000000000000000e+00
2.312450948500000081e+01,-2.720526202639999891e+00,-1.497848119440000070e-01,-9.386401557670000173e+00,-4.251878708599999418e-02,3.580884076650000039e-03,7.500871084630000157e-03,1.000000000000000000e+00
2.312945895900000082e+01,-2.757988795070000165e+00,-1.149725787580000019e-01,-9.351900737650000295e+00,-3.302278742189999894e-02,1.094034872950000068e-03,2.302962541580000008e-02,1.000000000000000000e+00
2.313460554599999952e+01,-2.700671163089999993e+00,-9.481612684310000705e-02,-9.359211937450000462e+00,-4.126867279410000033e-02,6.525962613520000163e-03,9.486654773350000971e-03,1.000000000000000000e+00
2.313963133500000069e+01,-2.685600435209999581e+00,-1.213754589369999970e-01,-9.388755427319999569e+00,-2.909901365640000029e-02,1.081272773439999856e-02,7.521023973820000277e-03,1.000000000000000000e+00
2.314460339900000108e+01,-2.756280822109999473e+00,-8.227133724239998891e-02,-9.413546754229999536e+00,-2.949306368830000025e-02,1.470762677489999976e-02,3.212395682929999885e-02,1.000000000000000000e+00
2.314961902800000004e+01,-2.646559341420000155e+00,-8.594364168010000526e-02,-9.417655943110000649e+00,-2.470676973459999884e-02,6.354684010149999097e-03,1.050438359379999957e-02,1.000000000000000000e+00
2.315451434099999872e+01,-2.688714475579999874e+00,-7.653228670030000347e-02,-9.429657346549999986e+00,-1.844223029909999867e-02,1.335998810829999890e-02,1.043902896339999990e-02,1.000000000000000000e+00
2.315961977399999938e+01,-2.735166722409999807e+00,-6.312764256689999687e-02,-9.408363798630000829e+00,-2.698184922340000208e-02,5.078407935800000050e-03,1.467676181349999998e-02,1.000000000000000000e+00
2.316449358299999872e+01,-2.707825711019999915e+00,-8.465340094019999095e-02,-9.416897818220000715e+00,-1.444233581420000098e-03,1.234798412770000096e-02,1.088682562110000057e-02,1.000000000000000000e+00
2.316966758899999945e+01,-2.701633578390000068e+00,-6.418171819710000170e-02,-9.387267819110000744e+00,-9.038097225129998122e-03,2.428220957520000126e-02,4.760789684950000010e-03,1.000000000000000000e+00
2.317461443899999907e+01,-2.706453838149999847e+00,-1.481375835940000052e-01,-9.465528870400000017e+00,-1.071894261989999979e-02,2.534939534959999852e-02,3.341273171829999954e-03,1.000000000000000000e+00
2.317944531899999916e+01,-2.702970087689999801e+00,-1.515015253349999980e-01,-9.430519516339998631e+00,-4.042702727020000206e-03,1.124254893510000068e-02,1.419752184300000081e-02,1.000000000000000000e+00
2.318465000200000148e+01,-2.672361891190000005e+00,-1.204073536900000102e-01,-9.422762326339999106e+00,-2.419185824690000229e-03,4.140694439409999678e-02,-4.919009748850000467e-03,1.000000000000000000e+00
2.318948865799999837e+01,-2.717301687640000019e+00,-9.400630829759999696e-02,-9.392194754120000155e+00,2.836670726540000374e-03,1.689340546729999754e-02,3.401311812919999723e-03,1.000000000000000000e+00
2.319466069799999985e+01,-2.731111017279999942e+00,-1.048901058840000095e-01,-9.412425056720000072e+00,-4.517682245930000292e-04,3.464552760119999492e-02,1.926136761900000202e-02,1.000000000000000000e+00
2.319964916400000021e+01,-2.620325122229999693e+00,-1.850740606590000059e-01,-9.451274135069999360e+00,-3.522917628290000297e-03,1.063108444210000055e-03,4.837133456019999619e-04,1.000000000000000000e+00
2.320448385099999911e+01,-2.610214062579999883e+00,-2.260198007649999730e-01,-9.486036820900000777e+00,-3.526219166820000230e-03,1.599858887489999729e-02,5.448763258760000103e-03,1.000000000000000000e+00
2.320953336299999847e+01,-2.623419873370000044e+00,-2.375827397219999748e-01,-9.461147878829999414e+00,-6.188155617560000404e-03,1.288068480790000025e-02,6.146191153680000433e-04,1.000000000000000000e+00
2.321466136900000166e+01,-2.717462431159999969e+00,-1.899596224769999897e-01,-9.483414655700000750e+00,-7.136563304810000438e-03,1.271077990529999834e-02,9.927543811499999621e-03,1.000000000000000000e+00
2.321962077599999930e+01,-2.692510945249999565e+00,-1.099076235180000000e-01,-9.435540559369998803e+00,-3.398119285699999909e-02,1.261884905400000034e-02,1.456434559080000031e-02,1.000000000000000000e+00
2.322453447899999901e+01,-2.685064136380000299e+00,-1.145238212099999875e-01,-9.431088256139998904e+00,-6.731468020009999083e-04,8.809127844870000279e-03,7.322072051469998835e-04,1.000000000000000000e+00
2.322945379900000162e+01,-2.708124693970000330e+00,-1.764117385149999995e-01,-9.433173245720000821e+00,-9.586642496290001536e-03,2.109790034590000238e-02,1.196725992490000169e-03,1.000000000000000000e+00
2.323465597099999869e+01,-2.652359552130000075e+00,-1.767615017999999982e-01,-9.441405067489998970e+00,8.386958506889999072e-04,1.167824119329999820e-02,1.286786329000000166e-02,1.000000000000000000e+00
2.323951709800000032e+01,-2.627628430979999763e+00,-2.123400523180000166e-01,-9.431449490660000379e+00,-6.412108428779999918e-03,9.273053146899998961e-03,9.209380485120001111e-03,1.000000000000000000e+00
2.324461030999999878e+01,-2.606150174140000164e+00,-2.222890532719999923e-01,-9.473682950760000665e+00,5.687319207939999129e-03,2.115161530670000081e-02,4.221963696180000385e-03,1.000000000000000000e+00
2.324949881599999912e+01,-2.710916078249999916e+00,-1.398066762279999986e-01,-9.459977081489999051e+00,-8.157496340569999477e-03,1.014316920190000068e-03,1.125260628759999944e-02,1.000000000000000000e+00
2.325449644500000090e+01,-2.677197348530000021e+00,-1.301144904460000140e-01,-9.433069200820000333e+00,-1.683837920430000107e-02,1.310393214229999860e-02,9.139287285510000469e-03,1.000000000000000000e+00
2.325960182900000106e+01,-2.723360841549999911e+00,-7.792904285490000194e-02,-9.467999644430001638e+00,-6.442804355170000073e-03,-1.028963178399999907e-02,8.982121944430000379e-03,1.000000000000000000e+00
2.326458716799999848e+01,-2.712877149190000114e+00,-6.221005736460000213e-02,-9.429383205780000665e+00,-1.217006472869999745e-03,-3.331753425300000310e-03,1.464475039390000094e-02,1.000000000000000000e+00
2.326964460299999971e+01,-2.664453017770000098e+00,-8.975462393619999812e-02,-9.441763963930000614e+00,7.089491467920000338e-03,9.391299448909999972e-03,6.964633241299999535e-03,1.000000000000000000e+00
2.327462799199999921e+01,-2.736374636899999935e+00,-6.581458922909999565e-02,-9.456377595689998472e+00,-7.481804583219999957e-03,1.592301391070000127e-02,-3.522519953550000242e-03,1.000000000000000000e+00
2.327959893199999897e+01,-2.643908826909999732e+00,-1.493029649779999968e-01,-9.424107311210001114e+00,-1.112922374160000075e-02,1.601944677530000097e-02,1.079992949960000177e-02,1.000000000000000000e+00
2.328457612600000104e+01,-2.699635974829999618e+00,-9.098285969000000084e-02,-9.457651268889998519e+00,4.107257816940000465e-03,7.687867619099999703e-03,6.994156166909999348e-03,1.000000000000000000e+00
2.328949797199999949e+01,-2.676253930200000131e+00,-1.369901940350000125e-01,-9.396491574530001500e+00,-2.748992759729999846e-03,1.086595375089999954e-02,1.232683006670000012e-02,1.000000000000000000e+00
2.329459379600000091e+01,-2.703354118570000075e+00,-9.686751554810001108e-02,-9.454906354100000243e+00,-1.308154081930000068e-03,1.082806754859999901e-02,4.881821572779999376e-03,1.000000000000000000e+00
2.329962477300000145e+01,-2.694187938550000272e+00,-1.477249933379999880e-01,-9.395530036020000253e+00,-7.914423942569999773e-03,2.817666344340000184e-02,2.476737089459999860e-02,1.000000000000000000e+00
2.330464638200000138e+01,-2.632330617320000066e+00,-1.179416485630000039e-01,-9.399832117129999887e+00,5.328336847009999171e-04,9.935528039930001040e-03,1.146043417980000022e-03,1.000000000000000000e+00
2.330964588399999826e+01,-2.674257787940000242e+00,-1.238630014360000003e-01,-9.397365434750000190e+00,-1.607224158939999856e-02,1.822926662859999936e-02,-1.753952470610000000e-03,1.000000000000000000e+00
2.331453834699999916e+01,-2.693577405440000128e+00,-1.563413209160000039e-01,-9.440025595830000782e+00,-1.770123280580000041e-02,2.177328616380000068e-02,4.259161651130000635e-03,1.000000000000000000e+00
2.331955466599999838e+01,-2.629372059770000103e+00,-1.394433410739999990e-01,-9.402610934189999270e+00,-2.470864448699999598e-03,1.399056985970000000e-02,-1.129019167270000137e-02,1.000000000000000000e+00
2.332452824299999961e+01,-2.705903218530000043e+00,-1.326639831320000074e-01,-9.439922135449998919e+00,-7.981347851459999476e-03,1.923207938670000103e-02,1.706588454539999938e-02,1.000000000000000000e+00
2.332963819200000088e+01,-2.612978558850000077e+00,-9.858201871530000715e-02,-9.474493098099999955e+00,-9.025071049110000099e-04,2.373725734650000002e-02,1.413751672949999962e-02,1.000000000000000000e+00
2.333464339800000076e+01,-2.626771814150000051e+00,-1.099833647690000027e-01,-9.420515424189998654e+00,4.493672167880000904e-04,2.069114334880000142e-02,1.456372160459999850e-02,1.000000000000000000e+00
2.333957166000000072e+01,-2.561174721860000059e+00,-1.029277654350000126e-01,-9.418952997179999898e+00,9.032218717040000136e-03,2.547767944629999656e-02,-4.973293747750000098e-03,1.000000000000000000e+00
2.334463893899999931e+01,-2.623858849309999908e+00,-2.005913997969999973e-01,-9.434868359199999333e+00,-2.464019227769999928e-03,1.669221930210000246e-02,6.010270677510000208e-03,1.000000000000000000e+00
2.334948870499999884e+01,-2.531944827979999868e+00,-2.140143787379999718e-01,-9.456301607849999513e+00,1.488727051759999951e-03,1.844351738690000117e-02,-8.047963492570000404e-03,1.000000000000000000e+00
2.335465065500000037e+01,-2.589870362730000153e+00,-2.367489009800000099e-01,-9.475003970230000405e+00,5.200136918569999746e-03,3.614894114429999770e-03,3.551873611289999618e-03,1.000000000000000000e+00
2.335965901499999831e+01,-2.514649409790000067e+00,-2.156293761870000103e-01,-9.509020221600000156e+00,-2.290840726349999829e-03,7.347567006949999764e-03,-1.514357235279999853e-02,1.000000000000000000e+00
2.336463621300000071e+01,-2.678655438379999865e+00,-1.568782590699999979e-01,-9.485799505010000132e+00,-1.440068520609999979e-02,2.188485115769999920e-03,1.186411734670000072e-02,1.000000000000000000e+00
2.336954353300000164e+01,-2.650368378309999606e+00,-1.482219648079999841e-01,-9.462943530080000443e+00,-4.282275680449999615e-03,8.892170153560000892e-04,5.641177296639999714e-03,1.000000000000000000e+00
2.337444642899999891e+01,-2.642477332799999967e+00,-1.503633059520000093e-01,-9.431033311080000203e+00,-3.510284703219999827e-03,9.045857004819999464e-04,9.124404750760001714e-04,1.000000000000000000e+00
2.337962801000000113e+01,-2.661495629260000051e+00,-8.597062101859999361e-02,-9.425777874770000508e+00,-9.016284719110000123e-03,1.287007145580000046e-02,-1.066287141289999976e-02,1.000000000000000000e+00
2.338457437199999944e+01,-2.716035613230000312e+00,-8.712212914130000596e-02,-9.415452295589998855e+00,1.455261185770000132e-02,1.589044556020000054e-02,1.289882417770000199e-02,1.000000000000000000e+00
2.338959310599999952e+01,-2.545700966130000076e+00,-1.412869413810000085e-01,-9.445580891869999718e+00,-7.469557458530001227e-04,1.748625934120000280e-02,3.417320782320000180e-03,1.000000000000000000e+00
2.339463800800000115e+01,-2.640420692529999780e+00,-1.273044105939999948e-01,-9.388690545389998476e+00,-3.647537669169999969e-03,-2.115697599949999987e-03,-1.553057134150000011e-02,1.000000000000000000e+00
2.339951261599999910e+01,-2.778170290099999828e+00,-1.173912572719999908e-01,-9.508429269969999709e+00,-3.504946827889999714e-03,1.141640637070000242e-02,8.943241555239999805e-04,1.000000000000000000e+00
2.340462739699999872e+01,-2.608044609579999840e+00,-2.042242216079999950e-01,-9.439887064139998785e+00,-5.073225591329999506e-03,1.126941293480000078e-03,1.536818873140000097e-02,1.000000000000000000e+00
2.340959878700000019e+01,-2.718998262419999978e+00,-1.433533358589999807e-01,-9.478827327910000378e+00,-1.818276941780000086e-03,2.203717362139999848e-03,8.772411383690000702e-03,1.000000000000000000e+00
2.341463522400000130e+01,-2.612721953749999937e+00,-1.073450247550000042e-01,-9.393025359719999301e+00,-1.679942710329999922e-03,1.476248539979999920e-02,7.583354599769999774e-03,1.000000000000000000e+00
2.341948776699999968e+01,-2.645318401449999968e+00,-8.597736128660000976e-02,-9.423581241509999984e+00,2.350043272599999875e-03,2.630893606690000355e-03,-8.577113971109998763e-03,1.000000000000000000e+00
2.342451975799999886e+01,-2.698987155529999793e+00,-1.420173288809999934e-01,-9.450977197949999464e+00,4.506585653869999396e-03,1.122305635360000033e-02,-1.190358586610000199e-02,1.000000000000000000e+00
2.342946081299999861e+01,-2.633288940959999991e+00,-1.621281058900000127e-01,-9.398743737369999351e+00,-9.363455697889998958e-03,-1.168498117479999966e-02,-1.608557067810000021e-05,1.000000000000000000e+00
2.343461003599999870e+01,-2.682484641279999860e+00,-1.193423913400000203e-01,-9.437185988490000454e+00,5.411078222100000439e-03,2.641882281749999978e-03,-5.451323464510000882e-03,1.000000000000000000e+00
2.343956430400000102e+01,-2.680175487550000124e+00,-1.907268257239999876e-01,-9.423459660949999872e+00,1.141198910770000255e-02,7.907357998189999682e-03,7.219348102810001395e-03,1.000000000000000000e+00
2.344463003599999951e+01,-2.582859899440000273e+00,-1.460911176590000138e-01,-9.475969015869999623e+00,-9.883766062559999274e-03,-7.733344566080000218e-03,-1.418338436629999928e-02,1.000000000000000000e+00
2.344946150399999851e+01,-2.724182387059999488e+00,-1.751452805090000231e-01,-9.421547689849999685e+00,-1.067366730420000152e-02,-1.963198184970000020e-03,6.413070485000000112e-03,1.000000000000000000e+00
2.345456688000000156e+01,-2.604656136190000026e+00,-1.645768324829999796e-01,-9.407059730289999422e+00,1.644348725680000152e-03,2.164665050799999962e-02,3.391158534210000040e-03,1.000000000000000000e+00
2.345958481999999989e+01,-2.611699624959999966e+00,-1.399095703460000173e-01,-9.441911847969999272e+00,-5.026301834729999911e-03,1.023004297169999993e-02,5.331783555449999025e-03,1.000000000000000000e+00
2.346456336399999998e+01,-2.647033388670000154e+00,-1.694910906720000221e-01,-9.444989355720000646e+00,1.524753635749999956e-03,1.096328627319999999e-02,-5.816561169919999118e-04,1.000000000000000000e+00
2.346948269700000012e+01,-2.585908473359999959e+00,-1.864178582169999931e-01,-9.452535533310001625e+00,-7.775552105159999443e-03,-2.960997866469999851e-03,-7.919164374470001252e-03,1.000000000000000000e+00
2.347440028400000145e+01,-2.604711373509999817e+00,-1.112203866169999972e-01,-9.424308386739999932e+00,8.770604617889999136e-03,3.247573506090000329e-03,-8.060781285169999963e-03,1.000000000000000000e+00
2.347956493299999892e+01,-2.677453953640000162e+00,-9.838886163019999742e-02,-9.478691718829999502e+00,-5.692762322720000545e-03,-6.196226924659999601e-03,-2.197911962870000187e-03,1.000000000000000000e+00
2.348451686299999963e+01,-2.575811442240000027e+00,-1.065617654230000128e-01,-9.422866371239999594e+00,6.415726151319999133e-03,1.440583262589999929e-03,-1.173370401369999922e-03,1.000000000000000000e+00
2.348948551000000151e+01,-2.709890826859999713e+00,-1.405496126830000081e-01,-9.421010514239998912e+00,-1.013415027409999940e-02,1.451849006119999971e-03,-1.609590020960000164e-03,1.000000000000000000e+00
2.349460418800000028e+01,-2.588280755450000026e+00,-1.312519243770000066e-01,-9.401561132879999505e+00,2.648430410769999840e-03,1.239899452779999987e-02,-9.040239267049998695e-03,1.000000000000000000e+00
2.349945709700000052e+01,-2.652811095290000143e+00,-1.792819053899999959e-01,-9.470418980529998976e+00,7.235287688670000335e-03,7.731427438559999865e-03,-4.193993285299999797e-03,1.000000000000000000e+00
2.350446908099999987e+01,-2.678451440240000370e+00,-1.195237209900000125e-01,-9.447479418969999543e+00,-1.141493860629999926e-02,-1.275395322590000026e-02,1.438574632630000225e-03,1.000000000000000000e+00
2.350950102499999872e+01,-2.537216923169999916e+00,-1.506570647340000069e-01,-9.426561134099999961e+00,9.179709479209999246e-03,7.039044983689999625e-03,-9.651092812420001069e-03,1.000000000000000000e+00
2.351449807399999870e+01,-2.680230432609999713e+00,-1.707170522710000082e-01,-9.449716968760000668e+00,3.475764300669999859e-03,-5.219474434850000615e-03,7.332563400269999929e-04,1.000000000000000000e+00
2.351957538899999989e+01,-2.644704653459999832e+00,-1.560704498189999789e-01,-9.403516943119999638e+00,6.058518309149999587e-03,-5.679044872520000106e-03,-3.149586264039999726e-03,1.000000000000000000e+00
2.352455929499999954e+01,-2.596851015399999962e+00,-1.231651279659999876e-01,-9.434638642090000360e+00,2.842335961760000286e-03,1.166834682229999851e-02,-1.290093455460000066e-02,1.000000000000000000e+00
2.352961335799999887e+01,-2.653985984290000211e+00,-1.490778509850000100e-01,-9.414690079039999659e+00,1.030816882850000074e-02,-1.715400628749999892e-02,-5.298932548609999564e-03,1.000000000000000000e+00
2.353459735899999927e+01,-2.655614170009999775e+00,-1.444810521140000026e-01,-9.438234036239999014e+00,2.774362917989999823e-03,-1.271370984609999921e-02,-2.962731290610000172e-03,1.000000000000000000e+00
2.353957025600000108e+01,-2.650008605090000025e+00,-1.350204374650000039e-01,-9.433145188670000181e+00,1.577500952409999950e-04,-7.267590146510000300e-03,1.063236594200000010e-02,1.000000000000000000e+00
2.354457813799999855e+01,-2.607194714759999865e+00,-1.803875650769999894e-01,-9.450830482960000722e+00,6.843301467599999938e-03,-1.099182944739999883e-02,4.439306445419999997e-03,1.000000000000000000e+00
2.354955069700000081e+01,-2.545995857429999898e+00,-2.151999717929999889e-01,-9.463044652369999810e+00,1.216577459129999927e-02,-1.121898181739999951e-02,-2.758379094300000139e-03,1.000000000000000000e+00
2.355452582699999908e+01,-2.587246736230000010e+00,-1.460281354250000108e-01,-9.454317740549999627e+00,-1.738982973619999754e-03,-1.997999101879999878e-02,-4.201756790280000362e-03,1.000000000000000000e+00
2.355955922700000116e+01,-2.657632816359999595e+00,-1.321763092129999984e-01,-9.400650447769999474e+00,7.292379625140000404e-03,-6.930781528350000477e-03,-1.288270764050000045e-02,1.000000000000000000e+00
2.356453049499999963e+01,-2.676315012729999943e+00,-1.226411497570000092e-01,-9.398338079180000193e+00,1.611237600449999877e-02,-3.578425152230000402e-03,-1.195681001990000006e-02,1.000000000000000000e+00
2.356952527400000008e+01,-2.671033565200000126e+00,-1.598618962570000079e-01,-9.435275770949999696e+00,1.661164127290000112e-02,-4.522779025140000533e-03,-9.811974130570000341e-03,1.000000000000000000e+00
2.357445853000000113e+01,-2.718302096850000016e+00,-1.464905013729999872e-01,-9.410893024850000899e+00,3.903756383809999821e-03,-5.677295383069999937e-03,5.596972070630000518e-03,1.000000000000000000e+00
2.357952323299999975e+01,-2.685118204649999729e+00,-1.466716574929999850e-01,-9.423413483719999206e+00,1.325168414040000034e-03,1.159323100000000072e-02,1.444082427770000156e-02,1.000000000000000000e+00
2.358454067299999934e+01,-2.603819685369999970e+00,-9.388666397330000524e-02,-9.365752152869999847e+00,-3.086778335269999788e-03,-8.643474429850001028e-03,-1.094201020899999814e-02,1.000000000000000000e+00
2.358955807599999943e+01,-2.708258257220000242e+00,-1.106219001340000008e-01,-9.381869174940000278e+00,9.211584925649999450e-03,-1.082458533349999917e-03,8.833419531580000844e-03,1.000000000000000000e+00
2.359461049600000138e+01,-2.629878547990000204e+00,-1.478942580910000137e-01,-9.415857369260001164e+00,1.129573490470000066e-02,-8.546199649569999335e-03,3.541741287340000478e-03,1.000000000000000000e+00
2.359951209800000171e+01,-2.649731249449999826e+00,-1.233026276070000038e-01,-9.466885545700000293e+00,4.815818741919999750e-03,-2.058481099079999873e-03,5.719778127969999413e-04,1.000000000000000000e+00
2.360461017400000117e+01,-2.645487328270000216e+00,-1.311979748340000029e-01,-9.411179440569998889e+00,-1.683080103250000122e-03,-5.105543881649999248e-03,2.772822743280000356e-03,1.000000000000000000e+00
2.360958458200000010e+01,-2.586863289870000138e+00,-1.349276354820000134e-01,-9.413495900820000983e+00,1.214430201799999998e-02,1.131214667110000058e-02,-4.817164968700000070e-03,1.000000000000000000e+00
2.361455038100000081e+01,-2.611862706570000192e+00,-1.528017486129999991e-01,-9.420306165359999540e+00,4.137322306630000605e-03,1.507148332889999935e-02,-3.477861173449999649e-03,1.000000000000000000e+00
2.361953243700000016e+01,-2.666530116300000142e+00,-1.348347239010000143e-01,-9.416132679069999512e+00,-2.454808447510000140e-03,-3.876379691059999699e-03,1.307604927570000033e-02,1.000000000000000000e+00
2.362445619800000074e+01,-2.592920397949999956e+00,-1.184193034119999932e-01,-9.441448322110000291e+00,-3.540463978420000171e-03,-7.543433923269999945e-03,-5.362015217540000260e-03,1.000000000000000000e+00
2.362956217800000047e+01,-2.652046248400000028e+00,-1.328355403070000107e-01,-9.458038806900001205e+00,-5.009999964390000372e-03,5.594116635619999882e-03,6.204121746119999926e-03,1.000000000000000000e+00
2.363447419699999941e+01,-2.654953660279999905e+00,-1.159535160860000053e-01,-9.440803594460000170e+00,2.799437148499999729e-03,1.929569430650000111e-02,7.827701047060001138e-03,1.000000000000000000e+00
2.363951334600000109e+01,-2.629617266709999956e+00,-1.574649363850000039e-01,-9.430697795510001313e+00,9.071918204430000701e-03,6.271262653169999528e-03,-8.066475391390000305e-03,1.000000000000000000e+00
2.364457237699999936e+01,-2.654605869750000124e+00,-1.228005324369999957e-01,-9.407350237670000226e+00,1.385988760740000138e-02,-9.361764416100001526e-03,-6.632767617700000007e-03,1.000000000000000000e+00
2.364954793200000083e+01,-2.643284849790000113e+00,-1.444741931150000103e-01,-9.431495667889999268e+00,1.901958882809999876e-02,-3.908935934310000561e-03,-3.253027331080000136e-03,1.000000000000000000e+00
2.365458135200000100e+01,-2.619872117759999952e+00,-1.540357291209999979e-01,-9.437351992710000914e+00,7.620180491360000266e-03,1.132995914670000166e-02,-1.250535249710000088e-02,1.000000000000000000e+00
2.365957540799999848e+01,-2.664479321249999977e+00,-1.706551842819999942e-01,-9.438102518810000063e+00,2.897077705710000058e-03,1.737633720039999993e-03,-4.644336178899999626e-03,1.000000000000000000e+00
2.366458175600000047e+01,-2.673630595959999745e+00,-1.943360474630000112e-01,-9.423746076680000527e+00,1.059919316320000020e-02,1.152379252020000085e-02,1.015047356489999844e-02,1.000000000000000000e+00
2.366954765099999847e+01,-2.602555364520000136e+00,-1.863708042049999902e-01,-9.459978250529999855e+00,3.076620632780000236e-03,2.591321617360000176e-02,-4.566126968709999581e-03,1.000000000000000000e+00
2.367459489199999823e+01,-2.629633925579999865e+00,-1.589913422339999938e-01,-9.453310024820000379e+00,6.375949014909999130e-04,1.254326757040000011e-02,-3.648947458709999930e-04,1.000000000000000000e+00
2.367952401799999862e+01,-2.666586522659999847e+00,-1.467519105220000120e-01,-9.430710070469999096e+00,5.456681828949999473e-03,1.345243677499999985e-02,1.458906801420000073e-03,1.000000000000000000e+00
2.368461870200000163e+01,-2.626444481890000127e+00,-1.490480495020000129e-01,-9.407777523169999156e+00,-3.124627983200000195e-03,-1.260223891589999819e-02,-7.007489912209999804e-04,1.000000000000000000e+00
2.368950883999999846e+01,-2.663392695059999760e+00,-1.669450777179999901e-01,-9.423677103099999286e+00,-1.252335589380000093e-02,-4.925804212689999934e-03,4.217120818789999760e-03,1.000000000000000000e+00
2.369462974200000005e+01,-2.670731075119999964e+00,-1.756393841690000179e-01,-9.473222347510001029e+00,8.486874401569999629e-03,-1.493807765660000236e-03,4.194412380460000103e-03,1.000000000000000000e+00
2.369957207199999871e+01,-2.628158592329999710e+00,-1.659242467700000057e-01,-9.446140279319999777e+00,-1.191616058350000035e-02,-1.035555498669999894e-03,-1.253562420610000207e-02,1.000000000000000000e+00
2.370454060499999827e+01,-2.691552329349999884e+00,-1.396343427349999999e-01,-9.435361111149999758e+00,-6.993414834140000008e-03,-1.332928775810000160e-03,-9.831091156229999125e-04,1.000000000000000000e+00
2.370958492400000139e+01,-2.689781520290000394e+00,-1.039135616019999930e-01,-9.435320779139999559e+00,9.541243314739999287e-03,-7.900076452639999067e-04,4.470700398090000395e-03,1.000000000000000000e+00
2.371461090000000027e+01,-2.623821732170000143e+00,-1.598138193320000067e-01,-9.414852576130000372e+00,-7.983959279949999488e-03,1.055201515560000042e-03,8.746599778530000317e-04,1.000000000000000000e+00
2.371957627100000110e+01,-2.639446586800000105e+00,-1.537743382379999912e-01,-9.408620403739998750e+00,4.340259823950000199e-03,-1.167117618020000087e-02,-1.866198144850000169e-04,1.000000000000000000e+00
2.372451083300000008e+01,-2.597311910909999799e+00,-1.838706944849999858e-01,-9.439013788440000496e+00,3.845675382760000132e-03,1.771265454590000357e-02,-8.987661451100000323e-03,1.000000000000000000e+00
2.372960138699999888e+01,-2.616200443509999918e+00,-1.589431922439999978e-01,-9.446257183689999337e+00,-1.111486181620000187e-02,-1.323115173729999886e-02,-9.795179590580000914e-03,1.000000000000000000e+00
2.373446124999999896e+01,-2.623773801370000047e+00,-1.766740244459999998e-01,-9.433034714030000600e+00,-1.530762296169999905e-02,1.474701054389999932e-02,-6.259458139540000077e-03,1.000000000000000000e+00
2.373949769900000106e+01,-2.673023277710000034e+00,-1.850072242339999840e-01,-9.445289215449999887e+00,-3.316933056339999714e-03,5.077938549219999931e-03,8.270160295070000042e-03,1.000000000000000000e+00
2.374459825399999957e+01,-2.600942668620000120e+00,-1.312598976209999879e-01,-9.413879347179999968e+00,-4.405922663859999683e-04,-3.056357381869999595e-03,-6.754575297240000484e-03,1.000000000000000000e+00
2.374960417899999854e+01,-2.601048467090000038e+00,-1.623380771129999955e-01,-9.419284421100000415e+00,-3.419514279810000057e-03,-1.740074716510000077e-03,-6.737641058860000150e-03,1.000000000000000000e+00
2.375460093999999955e+01,-2.636805424640000339e+00,-1.906809772879999865e-01,-9.414196742569998833e+00,-7.261599879709999816e-03,-2.524242736399999899e-04,-1.128725428129999896e-02,1.000000000000000000e+00
2.375962271299999884e+01,-2.711778248040000339e+00,-1.130945647249999991e-01,-9.384795291519999694e+00,-3.014720976350000227e-03,-3.392460988829999573e-03,2.002076059579999817e-02,1.000000000000000000e+00
2.376459741900000111e+01,-2.598595228720000261e+00,-1.301301720720000055e-01,-9.427712642219999495e+00,-1.767865009609999663e-02,-7.307096384470000879e-03,-4.751359112560000521e-03,1.000000000000000000e+00
2.376957613200000097e+01,-2.677922740190000095e+00,-1.360928159369999835e-01,-9.425561017150000609e+00,-1.086325664070000169e-02,8.187441155310001134e-03,1.575806923210000196e-02,1.000000000000000000e+00
2.377447303599999984e+01,-2.639722773399999944e+00,-1.563983117999999950e-01,-9.439439904900000400e+00,-6.204482633620000097e-03,6.132339127359998955e-03,1.172316074370000072e-02,1.000000000000000000e+00
2.377954911200000154e+01,-2.612218972659999583e+00,-1.871703570850000165e-01,-9.416888465870000502e+00,2.097423886880000164e-03,-1.150079537179999993e-02,-4.565052222459999856e-04,1.000000000000000000e+00
2.378450680999999989e+01,-2.571647308300000212e+00,-1.743333065390000047e-01,-9.421084163989998927e+00,-4.061560612170000105e-03,9.515584446490000028e-03,-3.330076811839999696e-03,1.000000000000000000e+00
2.378954495099999988e+01,-2.594785899559999720e+00,-1.663095380269999923e-01,-9.462442594820000608e+00,-3.248054999859999810e-04,-1.932200975720000096e-04,-2.329660113899999999e-03,1.000000000000000000e+00
2.379460265100000171e+01,-2.601224408179999781e+00,-1.126389938440000016e-01,-9.448329898320000808e+00,-1.295392028990000055e-02,4.908054135740000205e-03,-1.245335326530000062e-03,1.000000000000000000e+00
2.379947386699999967e+01,-2.649050573709999856e+00,-1.171875605269999954e-01,-9.440020335130000717e+00,6.395898293699999772e-03,-1.747203990820000302e-02,4.677606746550000590e-03,1.000000000000000000e+00
2.380443298100000149e+01,-2.641413795220000083e+00,-1.240253797910000066e-01,-9.410954399650000468e+00,-2.792383544150000077e-03,3.271002788100000258e-04,-1.970189623530000064e-05,1.000000000000000000e+00
2.380942303000000138e+01,-2.658444424999999889e+00,-1.026509486549999906e-01,-9.412486431519999641e+00,-8.570001460609998761e-03,-4.916975274679999744e-03,7.190727628770000532e-03,1.000000000000000000e+00
2.381458141999999967e+01,-2.639607330320000056e+00,-1.181693381059999992e-01,-9.428403547100000281e+00,-1.058634370569999997e-02,-9.444570168850001043e-03,-6.944025866689999653e-03,1.000000000000000000e+00
2.381961030100000087e+01,-2.633501122400000227e+00,-1.350479647929999916e-01,-9.433354447499999296e+00,-5.591960623859999237e-03,-1.310678943990000074e-02,1.893963897599999996e-03,1.000000000000000000e+00
2.382458013200000124e+01,-2.621049344850000296e+00,-2.099909136420000100e-01,-9.439587204410001320e+00,1.370641589160000000e-02,1.869865320620000063e-02,-2.339589875190000324e-03,1.000000000000000000e+00
2.382953491499999998e+01,-2.638551391530000068e+00,-1.659117343479999951e-01,-9.424872450360000542e+00,-1.177280792040000023e-04,1.000565662979999854e-02,1.066245883699999848e-02,1.000000000000000000e+00
2.383461834599999918e+01,-2.662754397150000063e+00,-1.670264358580000053e-01,-9.441010515209999454e+00,-1.262199599299999864e-02,9.857592172919999590e-03,5.469116382300000245e-03,1.000000000000000000e+00
2.383953098699999984e+01,-2.650084300670000115e+00,-1.467370052140000158e-01,-9.429481989980001089e+00,1.860703341659999954e-02,-8.562987670300000603e-03,-1.731281401590000065e-03,1.000000000000000000e+00
2.384459023799999855e+01,-2.652216344270000192e+00,-1.376076774789999901e-01,-9.468143436810001035e+00,-1.012586802239999993e-02,-1.226650550960000155e-02,-5.026294384150000382e-04,1.000000000000000000e+00
2.384946622200000022e+01,-2.677919233059999904e+00,-1.454146979679999951e-01,-9.419564991599999715e+00,3.373156068850000230e-04,4.915800876920000707e-03,-1.961409579959999950e-04,1.000000000000000000e+00
2.385451710599999942e+01,-2.660171979449999835e+00,-1.539073169680000019e-01,-9.427460713289999461e+00,-5.939737427980000019e-03,4.635977093129999916e-04,5.011485889550000052e-03,1.000000000000000000e+00
2.385955993500000005e+01,-2.633986860089999826e+00,-1.692044740170000061e-01,-9.413837261610000340e+00,2.913813106719999931e-03,5.810709670189999690e-03,-9.947985410690000571e-03,1.000000000000000000e+00
2.386455620799999977e+01,-2.664028070350000110e+00,-1.526503665770000129e-01,-9.419154657240000006e+00,-2.563170855860000090e-03,-9.532915428280001185e-03,-2.141991397369999960e-03,1.000000000000000000e+00
2.386958692500000012e+01,-2.682785085529999947e+00,-1.409337074960000102e-01,-9.449562070460000740e+00,-1.775426790119999964e-05,1.128016319129999945e-02,3.080968046560000114e-03,1.000000000000000000e+00
2.387448166300000096e+01,-2.632048293240000003e+00,-1.358830273770000041e-01,-9.402793305019999437e+00,-1.923161558809999977e-02,-5.821129307149999418e-03,-1.596923451870000061e-03,1.000000000000000000e+00
2.387954364300000165e+01,-2.634193780839999999e+00,-1.468242085729999924e-01,-9.416773899580000773e+00,-1.232066657390000139e-02,1.094806846230000040e-02,1.118130236860000008e-02,1.000000000000000000e+00
2.388451791800000024e+01,-2.593193954190000206e+00,-1.730350286230000201e-01,-9.421378763029998993e+00,-8.063259534539998774e-03,3.555375151339999935e-03,3.442396176980000010e-03,1.000000000000000000e+00
2.388951641499999923e+01,-2.607976220520000332e+00,-1.908598775189999930e-01,-9.415556925000000632e+00,-1.957551576199999949e-02,-3.709201002489999604e-03,7.982741110029998796e-03,1.000000000000000000e+00
2.389442022900000140e+01,-2.603005154109999886e+00,-1.711458538760000092e-01,-9.486407407779999801e+00,1.386802643539999848e-03,-1.050874125210000037e-04,-5.200921092180000455e-03,1.000000000000000000e+00
2.389937360600000105e+01,-2.603477155540000254e+00,-1.364172986509999963e-01,-9.444743272000000189e+00,-5.498295649889999720e-03,-1.462284568699999919e-02,-1.073246821760000057e-04,1.000000000000000000e+00
2.390438664399999880e+01,-2.675708279009999746e+00,-1.445280239270000100e-01,-9.448619821170000321e+00,4.527309443800000416e-03,2.492781728510000058e-03,6.359074264759999665e-03,1.000000000000000000e+00
2.390956078800000029e+01,-2.652616449499999973e+00,-1.537892252799999970e-01,-9.418762443049999433e+00,-1.035630796100000042e-02,-5.427601747210000251e-03,1.627296442169999914e-03,1.000000000000000000e+00
2.391462356799999966e+01,-2.639589502400000232e+00,-1.444936649999999934e-01,-9.437215799109999637e+00,-3.273594425990000115e-03,-1.645909738730000002e-03,-1.155407167970000110e-03,1.000000000000000000e+00
2.391960264900000155e+01,-2.624216284440000102e+00,-7.310031665739999407e-02,-9.430815868930000789e+00,4.165376070889999748e-03,2.835354302079999902e-03,-7.519114762539999379e-03,1.000000000000000000e+00
2.392446611400000123e+01,-2.665555133789999864e+00,-1.160910796599999850e-01,-9.455221995920000566e+00,-2.586312592030000010e-02,-5.439609289169999341e-03,1.315489178519999762e-03,1.000000000000000000e+00
2.392958144500000017e+01,-2.641208920299999985e+00,-1.350307122639999857e-01,-9.447709720589999804e+00,5.232452880590000507e-03,-7.155099883680000536e-03,-6.068922579289999682e-03,1.000000000000000000e+00
2.393452000499999954e+01,-2.646121534520000207e+00,-1.226996567449999964e-01,-9.393211237679999215e+00,-3.536818316210000191e-03,3.848782740530000412e-03,-5.889785941689999228e-03,1.000000000000000000e+00
2.393938160000000082e+01,-2.649758721979999621e+00,-1.539726738220000002e-01,-9.429072240140000005e+00,-7.835103198890001203e-03,-7.886093109849999158e-03,1.326571917159999987e-03,1.000000000000000000e+00
2.394457389000000092e+01,-2.650353180739999814e+00,-1.064802337519999975e-01,-9.450105091290000203e+00,-9.183431044219998035e-03,-3.341329284010000501e-03,-4.824303090569999689e-03,1.000000000000000000e+00
2.394939419199999975e+01,-2.645374223290000160e+00,-1.444547212289999938e-01,-9.425776121200000190e+00,6.256993860010000470e-03,6.449766457079999724e-03,3.900320501999999818e-03,1.000000000000000000e+00
2.395447924200000145e+01,-2.637615279719999872e+00,-1.611143074710000012e-01,-9.434632212349999492e+00,-1.592203602189999970e-02,1.371511630709999936e-02,-1.242215279490000010e-03,1.000000000000000000e+00
2.395941280399999940e+01,-2.614895790649999885e+00,-1.829634069139999819e-01,-9.465683768699999945e+00,-8.315032348039999577e-03,-1.510940305889999988e-02,6.211242638530000207e-03,1.000000000000000000e+00
2.396426046499999885e+01,-2.579424664300000281e+00,-1.731725739299999900e-01,-9.440254143889999838e+00,2.701101591809999466e-03,4.592826589939999135e-03,-1.223549991850000039e-02,1.000000000000000000e+00
2.396926161700000080e+01,-2.669739433740000223e+00,-1.610420824850000154e-01,-9.426282317160000090e+00,-5.804718472059999974e-03,-4.078202880919999662e-03,-9.869182249530000610e-04,1.000000000000000000e+00
2.397446174999999968e+01,-2.666412335140000422e+00,-1.169445272849999884e-01,-9.411427862380000064e+00,-7.022743578999999549e-03,8.059463463720000984e-03,1.444126386200000021e-02,1.000000000000000000e+00
2.397940393300000039e+01,-2.643803905229999973e+00,-1.238557405780000009e-01,-9.387377709219999034e+00,-1.791277434680000084e-03,-1.031134091320000043e-02,1.587967760860000202e-02,1.000000000000000000e+00
2.398443738099999933e+01,-2.601889886349999959e+00,-1.337462984760000029e-01,-9.425823467480000772e+00,3.971423953769999578e-03,7.688931189479998943e-03,1.911571016539999985e-03,1.000000000000000000e+00
2.398959504200000126e+01,-2.633101601690000404e+00,-1.561622014890000076e-01,-9.404214862259999919e+00,-1.413122843949999978e-02,1.710527390239999918e-02,4.312976263459999959e-03,1.000000000000000000e+00
2.399447057800000138e+01,-2.648619488820000090e+00,-1.458400563739999933e-01,-9.452887415489998446e+00,-2.117824973539999839e-03,-7.629388477649999382e-03,9.152190759780000351e-03,1.000000000000000000e+00
2.399955403499999917e+01,-2.649279121770000245e+00,-1.291334343860000011e-01,-9.451473457040000525e+00,-2.343561314050000149e-02,4.846265073869999735e-04,8.366021327670000035e-03,1.000000000000000000e+00
2.400456008100000105e+01,-2.633879308060000035e+00,-1.517178258340000085e-01,-9.447861111760001762e+00,-1.316989120099999917e-02,2.640746068209999953e-03,1.987082185220000186e-03,1.000000000000000000e+00
2.400956255899999903e+01,-2.655303788890000405e+00,-1.800539309420000067e-01,-9.422662373099999655e+00,-1.242371276020000012e-02,4.888046532869999919e-03,7.554541341960000801e-03,1.000000000000000000e+00
2.401455673099999899e+01,-2.558972243379999956e+00,-1.710565316240000022e-01,-9.452298801950000495e+00,-1.184696983549999964e-02,4.522097297010000023e-03,1.251014648009999989e-03,1.000000000000000000e+00
2.401951929299999833e+01,-2.622734229190000210e+00,-1.720749879520000192e-01,-9.445418394780000781e+00,5.247814580800000059e-03,-7.343596778810000843e-03,1.159845385700000037e-02,1.000000000000000000e+00
2.402452464299999946e+01,-2.571179983049999951e+00,-1.708375551119999947e-01,-9.433917926599999504e+00,-4.327293019739999851e-03,2.210721373559999814e-02,3.009299049150000044e-03,1.000000000000000000e+00
2.402955416800000066e+01,-2.611008427829999867e+00,-1.430796882829999950e-01,-9.408771794910000708e+00,-5.909509025509999784e-03,7.076129317279999595e-03,-1.124324463310000070e-02,1.000000000000000000e+00
2.403455701800000099e+01,-2.648024153270000181e+00,-7.084662857960000171e-02,-9.446270043180000187e+00,-1.325073186309999942e-03,4.432997200640000426e-03,-6.691970396790000372e-03,1.000000000000000000e+00
2.403947218500000105e+01,-2.653624749759999624e+00,-6.754465072500000222e-02,-9.475064760510001349e+00,3.996065817770000188e-03,3.614456858489999841e-03,3.141849534590000249e-03,1.000000000000000000e+00
2.404448160700000159e+01,-2.638979846069999802e+00,-1.110151463690000062e-01,-9.414947268669999758e+00,-5.254320800300000573e-03,-1.623618649319999961e-03,2.795350505039999670e-03,1.000000000000000000e+00
2.404944544399999984e+01,-2.636978735380000050e+00,-1.180432640400000122e-01,-9.407386478030000276e+00,-3.484970889989999661e-03,2.136783860620000003e-02,-4.716405645010000175e-03,1.000000000000000000e+00
2.405457873599999985e+01,-2.652546306870000148e+00,-1.493449226900000204e-01,-9.449036585280000011e+00,-1.223538350310000161e-02,3.066361881790000046e-03,-2.169998595489999998e-03,1.000000000000000000e+00
2.405957923300000090e+01,-2.630294727579999936e+00,-8.612894425229999928e-02,-9.418048157299999446e+00,1.111492887140000038e-02,-1.037736609579999886e-02,2.406440908090000039e-03,1.000000000000000000e+00
2.406444061899999909e+01,-2.690255567539999948e+00,-1.230022655540000120e-01,-9.435628237650000472e+00,6.854936480520001235e-03,-4.766357131300000098e-03,1.587636582549999814e-02,1.000000000000000000e+00
2.406952380399999925e+01,-2.626978734900000223e+00,-1.169112460700000022e-01,-9.418975209019999184e+00,-5.967224482449999361e-03,2.319365553559999890e-02,-2.841217443349999990e-03,1.000000000000000000e+00
2.407458810600000021e+01,-2.632571732599999770e+00,-1.386617439760000070e-01,-9.447047457289999173e+00,-7.254941388959999619e-03,-8.393615484239998897e-03,-4.897296428680000119e-03,1.000000000000000000e+00
2.407961007999999836e+01,-2.684393982030000014e+00,-1.608918968920000081e-01,-9.412883321880000764e+00,-1.163294911379999901e-02,1.116711180660000073e-02,8.963815867900000109e-03,1.000000000000000000e+00
2.408450743799999927e+01,-2.637271580850000241e+00,-1.492050758280000222e-01,-9.432372450729999969e+00,-8.326816372569999930e-03,1.202004589140000072e-02,4.357920959589999844e-03,1.000000000000000000e+00
2.408955519499999909e+01,-2.690902633270000344e+00,-1.170602900180000017e-01,-9.431251922260001308e+00,2.325097331780000103e-03,8.648537099360000674e-03,2.431604452430000118e-02,1.000000000000000000e+00
2.409457102100000014e+01,-2.589911279259999866e+00,-1.056245211050000077e-01,-9.482738363870000242e+00,-5.614347755909999960e-03,4.276138264690000461e-03,-5.369986407459999972e-03,1.000000000000000000e+00
2.409958626899999956e+01,-2.610670574169999814e+00,-1.209710793869999967e-01,-9.450546989839999412e+00,6.436712574210000544e-03,2.361456677320000405e-02,-1.366670941929999878e-03,1.000000000000000000e+00
2.410447018500000027e+01,-2.646761585990000221e+00,-1.599616851039999954e-01,-9.434920966169999090e+00,7.071251166050000325e-04,-4.415384493770000210e-03,3.043733770030000122e-03,1.000000000000000000e+00
2.410950326900000107e+01,-2.650625275679999948e+00,-1.384072668920000027e-01,-9.416139693330000782e+00,-7.079067640009999510e-03,1.318007893859999939e-02,1.206981856379999926e-02,1.000000000000000000e+00
2.411454770399999958e+01,-2.615684602940000492e+00,-1.089403128559999906e-01,-9.445134317139999069e+00,-1.749801682309999780e-03,-3.633501473809999834e-03,5.921235308049999958e-03,1.000000000000000000e+00
2.411948366400000054e+01,-2.617886496900000193e+00,-8.507158981960000199e-02,-9.438004319130000042e+00,-1.087151933460000011e-02,8.937673643229998924e-03,-1.624533673750000072e-03,1.000000000000000000e+00
2.412448632099999912e+01,-2.644091197740000343e+00,-1.052784750130000002e-01,-9.439990524520000648e+00,1.434892788530000088e-02,1.113691087809999883e-02,-2.469932660459999937e-04,1.000000000000000000e+00
2.412944342000000120e+01,-2.592937056820000308e+00,-1.147827278749999902e-01,-9.429810491279999596e+00,2.364815445619999814e-03,1.070459373300000107e-02,-1.403465680779999829e-02,1.000000000000000000e+00
2.413450732500000129e+01,-2.650148890340000118e+00,-1.397813225909999846e-01,-9.425335976219999523e+00,-8.800420910120001702e-03,-1.982803689319999948e-03,9.687839075919999626e-03,1.000000000000000000e+00
2.413945590000000152e+01,-2.580695707149999851e+00,-1.340915134510000106e-01,-9.458536235029999517e+00,1.953862141819999974e-03,-2.403317252170000026e-03,-6.271908991039999715e-03,1.000000000000000000e+00
2.414441344700000158e+01,-2.644327929100000141e+00,-1.029307976419999993e-01,-9.443587087699999216e+00,-9.325360879299998684e-03,8.026084396989998770e-04,-4.761961754410000067e-03,1.000000000000000000e+00
2.414947561600000014e+01,-2.618900057859999908e+00,-9.221325086829999795e-02,-9.430193353119999955e+00,-1.250733714549999952e-02,8.052246645089999530e-03,-1.468539820049999953e-03,1.000000000000000000e+00
2.415457564500000132e+01,-2.646931974120000142e+00,-7.885790293650001004e-02,-9.408160385010001292e+00,6.288461387159999770e-03,1.402435451750000048e-02,4.669851623479999436e-03,1.000000000000000000e+00
2.415959237899999934e+01,-2.573041393000000010e+00,-1.257846262819999894e-01,-9.463196628060000393e+00,7.673904183319999643e-04,1.356710307300000064e-02,-1.817842572930000039e-02,1.000000000000000000e+00
2.416456781000000120e+01,-2.641272633190000274e+00,-1.171109333599999885e-01,-9.420494381410000173e+00,4.005973227319999976e-03,2.006752043960000065e-02,-3.055854002010000448e-03,1.000000000000000000e+00
2.416952083500000015e+01,-2.584664903040000183e+00,-1.557560318410000089e-01,-9.473696979279999653e+00,-6.505364086479999836e-03,3.182066604500000291e-03,4.996326752009999997e-04,1.000000000000000000e+00
2.417443186199999872e+01,-2.632910463029999981e+00,-1.625479204710000014e-01,-9.457654191499999641e+00,-4.148757085200000146e-03,4.359608516100000469e-03,-6.616997998210000882e-04,1.000000000000000000e+00
2.417957351700000146e+01,-2.643380419120000102e+00,-1.468907984029999836e-01,-9.435109766739998349e+00,3.137713763860000300e-03,1.940839551390000084e-02,3.678772365669999780e-03,1.000000000000000000e+00
2.418432229400000111e+01,-2.617241769260000073e+00,-1.698822271479999979e-01,-9.469137124019999519e+00,-2.273348625750000115e-03,2.440032549199999679e-03,8.483577519659999885e-03,1.000000000000000000e+00
2.418937008500000019e+01,-2.623905318799999886e+00,-1.313632118649999958e-01,-9.423578903419999264e+00,-3.326293313879999814e-03,3.622468560929999713e-03,7.916652597489999901e-03,1.000000000000000000e+00
2.419443181700000167e+01,-2.575807058320000120e+00,-1.306485333900000156e-01,-9.465085802810000004e+00,-1.442078594120000008e-02,1.422921195629999955e-02,-7.555226329710001661e-04,1.000000000000000000e+00
2.419934238400000126e+01,-2.632100315690000247e+00,-1.387581718220000093e-01,-9.458924942090000343e+00,1.677349396049999941e-02,3.589564003050000306e-03,-3.965532872830000027e-03,1.000000000000000000e+00
2.420433855199999940e+01,-2.626399765960000021e+00,-1.648314100319999975e-01,-9.449110819560001318e+00,-3.852887777610000414e-03,-8.793696761129999456e-03,-1.150289364160000070e-02,1.000000000000000000e+00
2.420966010100000076e+01,-2.604467335619999879e+00,-1.359015585480000121e-01,-9.391790264970000024e+00,5.872187321069999430e-04,1.745614036920000237e-02,-1.404034998270000181e-02,1.000000000000000000e+00
2.421440684599999926e+01,-2.597422093279999622e+00,-1.625388421149999985e-01,-9.435297398260001245e+00,7.448412943629999401e-03,-2.133639995010000283e-03,-7.032391615209999947e-03,1.000000000000000000e+00
2.422035725499999970e+01,-2.594261291160000038e+00,-1.688534503559999955e-01,-9.470366958080001396e+00,4.706929437820000194e-03,6.881296634670000002e-03,7.414425723249999482e-03,1.000000000000000000e+00
2.422442735299999939e+01,-2.586860367259999904e+00,-1.567952021629999970e-01,-9.455831652249999664e+00,8.108612149949999751e-03,-6.427797023210000613e-03,1.271717250350000092e-02,1.000000000000000000e+00
2.422933851599999855e+01,-2.534816876290000298e+00,-1.828088008740000048e-01,-9.445563940730000496e+00,1.374513097110000026e-02,1.805795356629999807e-02,-1.786153763530000035e-02,1.000000000000000000e+00
2.423432786800000116e+01,-2.629736216910000035e+00,-1.266988824489999887e-01,-9.416521970639998074e+00,1.151884347199999895e-02,-1.213931012900000030e-02,6.553743034600000711e-03,1.000000000000000000e+00
2.423925672900000095e+01,-2.571666305259999952e+00,-1.472829212589999992e-01,-9.462607429989999375e+00,6.796157453209999630e-03,4.521748982369999496e-03,-3.752807853739999634e-03,1.000000000000000000e+00
2.424437351199999924e+01,-2.578560448690000229e+00,-1.652120981790000109e-01,-9.465379232789999264e+00,1.425179652870000083e-04,-1.097919885070000026e-04,-1.545691862700000058e-03,1.000000000000000000e+00
2.424940292400000175e+01,-2.613368142690000173e+00,-1.578491499290000100e-01,-9.461478133700000015e+00,-7.951422594489998118e-04,1.024270430210000088e-03,-8.976989425720000373e-03,1.000000000000000000e+00
2.425442794499999977e+01,-2.578267310959999836e+00,-1.353221512249999925e-01,-9.449926812119999298e+00,4.384967032819999354e-03,-1.223631575699999849e-02,-9.701276198030002115e-03,1.000000000000000000e+00
2.425936855000000136e+01,-2.625715875350000061e+00,-1.328208176620000180e-01,-9.445668570149999610e+00,6.764316931369999605e-03,-1.495068706570000169e-02,1.591966720299999765e-03,1.000000000000000000e+00
2.426437415099999839e+01,-2.609774502120000061e+00,-1.397950405889999970e-01,-9.438812128389999501e+00,1.095589250329999896e-02,3.412406425919999996e-03,-9.930792264639999936e-03,1.000000000000000000e+00
2.426944570099999865e+01,-2.683774388829999857e+00,-1.204426441989999985e-01,-9.416440722100000826e+00,-1.625544205310000198e-02,-3.560184501110000375e-03,-1.835292903710000149e-03,1.000000000000000000e+00
2.427455266600000172e+01,-2.604908065120000060e+00,-1.257479475330000041e-01,-9.458460831709999184e+00,-1.613122969870000104e-02,-1.444011460990000072e-02,-7.820094004270000676e-03,1.000000000000000000e+00
2.427957845499999934e+01,-2.659261294340000248e+00,-1.303309370749999863e-01,-9.443726203909999839e+00,-1.424260344360000000e-02,-1.109106745569999990e-02,7.179897278550000962e-03,1.000000000000000000e+00
2.428440213400000047e+01,-2.594594176379999784e+00,-1.346950414349999958e-01,-9.392782783139999481e+00,1.347782183439999969e-02,-1.206972263749999871e-02,-4.046229645609999634e-03,1.000000000000000000e+00
2.428933469300000070e+01,-2.630437350919999862e+00,-1.290533548870000102e-01,-9.433034714030000600e+00,1.733891665940000184e-03,-7.835729047660000557e-03,-3.107903990890000228e-03,1.000000000000000000e+00
2.429452538900000036e+01,-2.591338681720000370e+00,-1.898484171879999960e-01,-9.431404482479999629e+00,-8.952338248489999477e-08,-2.851833822209999970e-03,-1.251112204049999958e-03,1.000000000000000000e+00
2.429944724099999931e+01,-2.641230547609999757e+00,-1.588826211630000040e-01,-9.429082177010000620e+00,-5.168973933909999999e-03,-3.521746490150000526e-03,2.325508929789999943e-02,1.000000000000000000e+00
2.430444790099999963e+01,-2.568657186569999862e+00,-1.242135501730000091e-01,-9.423528634540000226e+00,5.848225555379999666e-04,-6.242242641749999772e-03,-7.252532988790000301e-03,1.000000000000000000e+00
2.430939568200000167e+01,-2.592516493320000226e+00,-1.553742842479999831e-01,-9.438477197339999236e+00,8.251897990699998825e-03,7.209717296060000119e-04,-1.062131300569999978e-02,1.000000000000000000e+00
2.431439334499999916e+01,-2.660356688359999833e+00,-1.374702874360000104e-01,-9.442582879099999715e+00,5.578868556769999744e-03,1.866148784760000021e-03,6.709633395079999535e-03,1.000000000000000000e+00
2.431949426899999978e+01,-2.603660695409999892e+00,-6.725133033430000240e-02,-9.439404249060000751e+00,-1.429498288779999793e-02,-3.853642847389999754e-04,-6.725088693199999731e-03,1.000000000000000000e+00
2.432437779700000036e+01,-2.658850375449999692e+00,-1.138822719030000152e-01,-9.467675234779999727e+00,-9.309124201540000185e-03,-4.810791462659999747e-03,7.556081749500000340e-03,1.000000000000000000e+00
2.432935571000000152e+01,-2.562932086920000074e+00,-1.175133310150000138e-01,-9.458099012659999971e+00,8.368858136240000037e-03,5.319512449199999445e-03,-6.342215929180000308e-03,1.000000000000000000e+00
2.433433880600000165e+01,-2.637026081659999743e+00,-1.043620451549999995e-01,-9.457676403329999815e+00,-3.613437525929999363e-03,1.875183079390000101e-03,8.495086804029999480e-03,1.000000000000000000e+00
2.433946093300000157e+01,-2.618525087070000090e+00,-9.917600255310000945e-02,-9.421021035630001705e+00,-2.447306178509999999e-05,-1.103049982339999839e-02,-1.867380109620000008e-03,1.000000000000000000e+00
2.434435198199999917e+01,-2.645024971459999819e+00,-1.052555416620000045e-01,-9.439815752470000376e+00,8.600156870669999716e-04,7.428077980880000430e-03,-3.065346274519999657e-03,1.000000000000000000e+00
2.434955756700000151e+01,-2.670238907690000385e+00,-1.527502102219999991e-01,-9.438857136570000250e+00,8.655007113700000738e-04,-6.851812358949999592e-03,-2.168479375540000205e-03,1.000000000000000000e+00
2.435450013100000177e+01,-2.605951436699999846e+00,-1.397492012859999910e-01,-9.429549209999999348e+00,1.718526147310000043e-02,-2.942021470519999658e-03,-1.074716728179999845e-02,1.000000000000000000e+00
2.435960799000000065e+01,-2.672166076359999920e+00,-1.217649971099999950e-01,-9.417443177139999122e+00,1.037570461629999836e-02,-2.704169042409999835e-02,9.110962040719998781e-03,1.000000000000000000e+00
2.436437393499999970e+01,-2.565703597459999763e+00,-1.448400764180000078e-01,-9.462136889869999123e+00,-2.056530117990000225e-02,-8.472730405630000657e-04,-1.275588944549999916e-02,1.000000000000000000e+00
2.436945366799999846e+01,-2.627926244880000262e+00,-1.134822123360000046e-01,-9.418944813879999600e+00,1.091381721200000016e-02,-6.477097515019999974e-03,-1.111970469359999970e-02,1.000000000000000000e+00
2.437459112799999872e+01,-2.642265151349999730e+00,-1.445316497899999941e-01,-9.440847433610001005e+00,4.328036215160000443e-03,-1.864208839829999825e-02,-1.160870213059999982e-02,1.000000000000000000e+00
2.437957558800000157e+01,-2.679675721340000205e+00,-1.469458256589999956e-01,-9.439985263820000583e+00,1.362330187110000028e-02,-1.367616932839999834e-02,1.305797789249999938e-02,1.000000000000000000e+00
2.438458367699999840e+01,-2.621655494050000090e+00,-1.613012996770000207e-01,-9.454998124030000284e+00,1.600461266929999876e-02,-6.662956438959999686e-03,1.291456399489999962e-03,1.000000000000000000e+00
2.438950842999999935e+01,-2.614339325809999615e+00,-1.388407629379999897e-01,-9.455095739189999904e+00,6.582224741579999899e-03,-3.714889520780000152e-03,5.501290783290000395e-03,1.000000000000000000e+00
2.439443241800000095e+01,-2.622996387259999729e+00,-1.074886070769999896e-01,-9.417518580469998568e+00,-5.894837900999999429e-03,2.580548264090000085e-02,-2.018334344029999847e-04,1.000000000000000000e+00
2.439946937499999891e+01,-2.604210730510000182e+00,-1.195239584520000065e-01,-9.422966324480000821e+00,1.459215767679999769e-02,7.141979411240000075e-03,-2.170707331969999685e-03,1.000000000000000000e+00
2.440452302099999926e+01,-2.628613058100000011e+00,-1.412526007200000100e-01,-9.469816338460001148e+00,1.081311795860000029e-02,7.816469296810001424e-03,-4.143879283220000022e-03,1.000000000000000000e+00
2.440958088500000045e+01,-2.637447521939999984e+00,-1.483483585339999966e-01,-9.466113392289999595e+00,1.620532385999999894e-02,3.699836786840000457e-03,-2.886384725570000000e-03,1.000000000000000000e+00
2.441450632900000173e+01,-2.628484171019999760e+00,-1.719031567829999996e-01,-9.435196860499999616e+00,1.283385511489999915e-02,1.706345751880000011e-02,-1.466164481829999996e-03,1.000000000000000000e+00
2.441947601300000059e+01,-2.619012286059999806e+00,-1.316647246959999906e-01,-9.455959662539999755e+00,9.673917666080000810e-03,-5.508363246920000567e-03,-1.526841195300000049e-03,1.000000000000000000e+00
2.442453750299999982e+01,-2.565234810909999830e+00,-1.543924701369999986e-01,-9.450094569900000963e+00,-3.053780645130000065e-03,-1.239234674720000005e-02,-3.562643658369999463e-03,1.000000000000000000e+00
2.442941850000000059e+01,-2.591381936339999914e+00,-1.137023304930000062e-01,-9.438448555769999970e+00,7.293435279279999323e-03,4.276297986510000509e-03,-1.326681859789999827e-02,1.000000000000000000e+00
2.443437971099999828e+01,-2.648941268120000192e+00,-1.182681223050000008e-01,-9.424697678319999383e+00,1.171550806610000169e-02,9.245599620040000424e-03,-4.012422170489999586e-03,1.000000000000000000e+00
2.443955369800000099e+01,-2.606836402839999955e+00,-1.518704499790000106e-01,-9.461279396260000141e+00,-7.472651079300000887e-03,-5.193644203250000028e-03,-1.899375393990000369e-02,1.000000000000000000e+00
2.444453559300000123e+01,-2.644114578609999544e+00,-1.614274468069999968e-01,-9.458186690939999863e+00,1.063184626399999930e-02,5.553999915719999396e-03,-5.282691679890000151e-03,1.000000000000000000e+00
2.444949693899999943e+01,-2.662944366770000126e+00,-1.264316828799999792e-01,-9.413375489310000788e+00,5.906539503479999592e-03,5.344146862629999689e-03,1.908702077340000041e-03,1.000000000000000000e+00
2.445447008900000085e+01,-2.588155083240000209e+00,-1.612027712059999895e-01,-9.429733918920000235e+00,1.168258860710000117e-02,-1.372682675720000162e-02,-9.820068255069999349e-03,1.000000000000000000e+00
2.445946181100000061e+01,-2.595963418909999820e+00,-1.668717932860000197e-01,-9.396375254669999677e+00,2.062003500759999886e-02,-5.950322374699999403e-03,-1.606090366839999992e-02,1.000000000000000000e+00
2.446448095499999908e+01,-2.687021700189999862e+00,-1.834831199390000167e-01,-9.420465739830000018e+00,1.136347930879999871e-02,2.313298638909999649e-03,-1.142794173210000090e-02,1.000000000000000000e+00
2.446945778299999930e+01,-2.653140765629999898e+00,-1.229380960099999975e-01,-9.421768639130000622e+00,6.794982589780000637e-03,-9.686013683680000028e-03,-8.932248689229999733e-03,1.000000000000000000e+00
2.447458596699999944e+01,-2.663816473429999832e+00,-1.337301967250000001e-01,-9.432386479249998956e+00,5.828470923010000554e-03,1.971998065709999748e-02,-1.704176422210000206e-03,1.000000000000000000e+00
2.447945572200000086e+01,-2.634645908520000024e+00,-1.336201422130000038e-01,-9.422634900569999417e+00,1.013180334120000053e-02,3.412276506420000230e-03,-1.299671735610000156e-02,1.000000000000000000e+00
2.448453467099999870e+01,-2.659129776919999966e+00,-1.279785287299999852e-01,-9.449514724189999271e+00,-3.879809053610000242e-03,-3.503675805400000096e-03,-1.428046845829999880e-03,1.000000000000000000e+00
2.448952484400000174e+01,-2.634530173189999935e+00,-1.504517148879999933e-01,-9.439485497599999775e+00,1.667728275060000043e-02,1.153533346949999969e-02,-8.060334250329998645e-03,1.000000000000000000e+00
2.449444626100000022e+01,-2.610678757480000112e+00,-1.432184482989999896e-01,-9.410941540159999619e+00,8.690466172989999918e-03,2.148253843190000168e-03,-5.404142662880000690e-03,1.000000000000000000e+00
2.449945658700000095e+01,-2.599580148099999821e+00,-1.680909232849999990e-01,-9.398821478780000405e+00,1.323004625740000113e-02,4.958737641569999771e-03,-8.593642152850000313e-03,1.000000000000000000e+00
2.450444608700000160e+01,-2.680512756679999775e+00,-1.970505671189999863e-01,-9.463056342799999854e+00,-2.273867372419999949e-03,-9.638817049559999378e-03,9.020605124530000143e-03,1.000000000000000000e+00
2.450959815099999872e+01,-2.573481830249999991e+00,-1.791409625489999990e-01,-9.439260456679999578e+00,8.748107589780000637e-03,-9.845241904259999580e-03,-8.234231732790000396e-03,1.000000000000000000e+00
2.451454554100000038e+01,-2.615939162230000115e+00,-2.256801935470000020e-01,-9.457919564439999149e+00,3.601365722719999767e-03,-1.177268102770000040e-02,-5.471343174580000669e-03,1.000000000000000000e+00
2.451944926399999858e+01,-2.583010413829999852e+00,-2.042541783549999823e-01,-9.444572007090000554e+00,9.437440894540001166e-03,3.286325838419999756e-03,-5.270858295260001138e-03,1.000000000000000000e+00
2.452459676000000144e+01,-2.603703657770000124e+00,-1.887219704410000032e-01,-9.446378179730000824e+00,1.743892952800000021e-02,-4.933857358989999879e-03,-6.595947779720000813e-03,1.000000000000000000e+00
2.452944411400000035e+01,-2.584922969449999997e+00,-1.614640159580000012e-01,-9.451779161989998457e+00,6.775553338229999695e-03,-1.422324450690000061e-03,-9.958834387360001456e-03,1.000000000000000000e+00
2.453435510899999983e+01,-2.596950384119999899e+00,-1.672604638099999819e-01,-9.429418861619998538e+00,9.984904900189999974e-03,-4.779553972180000318e-03,-1.105622854079999981e-03,1.000000000000000000e+00
2.453953847400000043e+01,-2.590330381459999831e+00,-1.790996806909999906e-01,-9.434489004489998720e+00,4.232728388159999640e-03,-1.421801373360000002e-02,-9.762547910209999277e-03,1.000000000000000000e+00
2.454447471499999978e+01,-2.655639012189999981e+00,-1.965977635839999960e-01,-9.407238009469999440e+00,2.266669832170000246e-02,-6.193131208420000165e-03,-4.787838552149999865e-04,1.000000000000000000e+00
2.454957432000000139e+01,-2.644647662579999725e+00,-1.967043474969999983e-01,-9.426992511250000817e+00,1.268575899300000004e-02,-7.216958329080000109e-03,-5.978318396959999420e-03,1.000000000000000000e+00
2.455454323700000074e+01,-2.620011818490000088e+00,-1.445865857139999877e-01,-9.434579020860001108e+00,-5.098471418020000812e-03,-7.639978080989999823e-03,-2.268731826919999882e-03,1.000000000000000000e+00
2.455946717899999854e+01,-2.674270062899999800e+00,-1.694383558379999877e-01,-9.437902612330001162e+00,-9.926903061569999909e-03,-1.051126979289999930e-02,6.935157813129999918e-03,1.000000000000000000e+00
2.456447172600000073e+01,-2.675971313859999867e+00,-1.718444853979999853e-01,-9.442550730389999813e+00,-7.649019244129999376e-04,-5.257030949000000321e-03,1.515048276629999899e-02,1.000000000000000000e+00
2.456949135900000059e+01,-2.619153155840000302e+00,-1.571382434470000033e-01,-9.386982572430000005e+00,1.154836546630000002e-02,5.993181839589999940e-04,1.305094221610000015e-03,1.000000000000000000e+00
2.457460156799999851e+01,-2.636809224040000288e+00,-1.717103924230000134e-01,-9.422586969770000209e+00,-1.172660570589999923e-02,-1.008285768329999880e-02,-4.927945323290000221e-03,1.000000000000000000e+00
2.457957780599999964e+01,-2.624205178530000016e+00,-1.695266917089999770e-01,-9.430774367879999787e+00,-1.744422130289999956e-03,3.189841285349999823e-03,1.099782530220000089e-04,1.000000000000000000e+00
2.458446000400000031e+01,-2.630590495649999916e+00,-1.803072846489999770e-01,-9.447990875619998619e+00,-1.194455195220000057e-02,-4.280842840670000607e-03,-2.080495236439999871e-03,1.000000000000000000e+00
2.458952399500000041e+01,-2.621922328290000159e+00,-1.742415548690000038e-01,-9.420386244860001312e+00,-9.428976103659999358e-03,-2.655487973239999654e-03,8.480114862319998795e-03,1.000000000000000000e+00
2.459448729200000017e+01,-2.617542505770000361e+00,-1.576701766330000087e-01,-9.440058913579999711e+00,1.669426076110000143e-02,8.518186397849999980e-03,4.106545820829999964e-03,1.000000000000000000e+00
2.459957454999999982e+01,-2.646169465319999858e+00,-1.341119899840000074e-01,-9.463148697260001185e+00,-8.260866627100000789e-03,2.733710221949999485e-03,1.876056566829999855e-02,1.000000000000000000e+00
2.460445271700000092e+01,-2.625826934509999599e+00,-1.588663641479999833e-01,-9.442330365639998391e+00,-7.128765806560000660e-03,-4.401254467670000226e-03,1.676794141530000073e-02,1.000000000000000000e+00
2.460941032099999859e+01,-2.560312259809999880e+00,-1.627736920510000074e-01,-9.471627771789998818e+00,6.706152111289999732e-03,-9.314843453469999132e-03,-6.502661388370000080e-03,1.000000000000000000e+00
2.461449444400000175e+01,-2.678198342259999976e+00,-1.631856886520000050e-01,-9.401075979710000752e+00,-1.556851156059999887e-02,1.027206145229999854e-02,6.636916659770000435e-03,1.000000000000000000e+00
2.461937037699999919e+01,-2.619218037770000063e+00,-1.646868504619999896e-01,-9.425725267799998974e+00,-6.117374286990000199e-04,-5.416413769129999837e-04,3.688511205840000213e-03,1.000000000000000000e+00
2.462455629999999829e+01,-2.695103592089999722e+00,-1.156261746950000002e-01,-9.558802197380000365e+00,1.246736198659999934e-02,-7.675573695450000310e-03,3.044123062859999899e-03,1.000000000000000000e+00
2.462948506100000046e+01,-2.587727213219999989e+00,-3.602270678169999796e-01,-9.338685866769999677e+00,1.527320360759999978e-03,-3.342885291199999744e-03,-1.134571619329999975e-02,1.000000000000000000e+00
2.463442197999999905e+01,-2.768860025440000427e+00,-2.851078125520000242e-02,-9.415562185700000697e+00,4.155394155530000092e-03,-4.924727138129999897e-03,-7.628014311189999785e-03,1.000000000000000000e+00
2.463945986099999885e+01,-2.529923843549999773e+00,-1.512612777050000024e-01,-9.470158868289999532e+00,-8.996208198370000009e-04,1.107752323150000074e-03,9.829270653430000407e-03,1.000000000000000000e+00
2.464451958900000150e+01,-2.685702434279999551e+00,-2.260451544020000147e-01,-9.399266299939998959e+00,-1.508387923239999998e-02,-4.575096070769999954e-03,3.098413581030000537e-03,1.000000000000000000e+00
2.464957527500000012e+01,-2.680728737519999960e+00,-1.433673461180000053e-01,-9.458875842250000332e+00,-1.668790588159999944e-03,-8.299611508850000471e-03,3.578588599340000106e-03,1.000000000000000000e+00
2.465450691899999924e+01,-2.591417592170000006e+00,-1.696631410370000037e-01,-9.439612338849999063e+00,2.404311904679999872e-03,-2.161295711990000173e-02,4.277352709319999762e-04,1.000000000000000000e+00
2.465948227599999854e+01,-2.690712079140000323e+00,-1.572859996209999833e-01,-9.433793423439999160e+00,1.305860467260000057e-03,-1.131871249529999880e-02,-1.360201835629999863e-02,1.000000000000000000e+00
2.466453852000000069e+01,-2.618353822150000010e+00,-1.387660811329999855e-01,-9.451184703220000927e+00,1.339685264970000116e-02,-1.937313703819999863e-03,-1.315316185359999973e-02,1.000000000000000000e+00
2.466950815199999880e+01,-2.665713539220000428e+00,-1.168115394219999964e-01,-9.401502096170000655e+00,2.270814776419999986e-02,-3.019376657899999934e-03,-4.778425209220000906e-03,1.000000000000000000e+00
2.467447904300000161e+01,-2.650267548290000441e+00,-1.490171063740000079e-01,-9.404199664689999238e+00,8.806371130049998885e-03,-9.160779416559999139e-03,5.213176831599999721e-03,1.000000000000000000e+00
2.467952710400000171e+01,-2.608598736339999835e+00,-1.540288609889999827e-01,-9.430613624360001168e+00,7.097548223099998726e-04,-6.239235866810000607e-03,-2.458713948730000334e-03,1.000000000000000000e+00
2.468455427900000032e+01,-2.611967920510000152e+00,-1.288250899560000051e-01,-9.407897934680001129e+00,-4.908399190749999919e-03,-1.382678514349999907e-03,-1.244335807860000136e-02,1.000000000000000000e+00
2.468957601800000035e+01,-2.654322376629999702e+00,-1.527283089169999830e-01,-9.428662490289999809e+00,3.341691568489999799e-03,-3.252951428290000273e-03,-1.021011546250000061e-02,1.000000000000000000e+00
2.469445448600000148e+01,-2.681097278569999798e+00,-1.681906025329999999e-01,-9.420752155560000674e+00,-6.712026894090000230e-03,6.845821626479999802e-04,1.532054040580000005e-02,1.000000000000000000e+00
2.469940219100000078e+01,-2.591712483459999827e+00,-1.685024266950000127e-01,-9.454325339339998635e+00,-2.696499694140000025e-03,-3.647747915239999902e-03,-1.723643625160000336e-03,1.000000000000000000e+00
2.470461134299999983e+01,-2.640762053320000025e+00,-1.471382977569999917e-01,-9.457050380389999233e+00,-7.762206718330000310e-03,4.636358935390000086e-04,9.463120251889998655e-03,1.000000000000000000e+00
2.470938892799999920e+01,-2.633365221059999595e+00,-1.673131073119999979e-01,-9.454334691689998849e+00,-1.391384284939999917e-02,-2.512666396800000181e-03,1.366685982790000024e-02,1.000000000000000000e+00
2.471460874499999960e+01,-2.689551803190000090e+00,-1.491694747910000118e-01,-9.442130459150000377e+00,-4.700413905080000170e-03,-8.368365466590000148e-03,1.862363144759999686e-02,1.000000000000000000e+00
2.471939587299999985e+01,-2.599420865879999987e+00,-1.208196973509999966e-01,-9.449395481719999879e+00,-1.048132963479999832e-02,-1.804276369509999912e-03,-3.241822123530000137e-03,1.000000000000000000e+00
2.472443281900000045e+01,-2.645726397720000289e+00,-1.085195940929999936e-01,-9.398475441819998721e+00,1.312145497650000006e-03,-1.019452325999999943e-02,3.555933246389999820e-03,1.000000000000000000e+00
2.472942678500000113e+01,-2.629722772909999673e+00,-1.299995040299999904e-01,-9.406661086369998870e+00,-1.076603028920000184e-02,1.586395502089999951e-02,2.006471389899999996e-03,1.000000000000000000e+00
2.473442734300000012e+01,-2.668697815729999867e+00,-1.302757271559999985e-01,-9.449992863089999418e+00,8.058155071919999692e-04,7.996166124940000050e-03,6.234280765059999757e-03,1.000000000000000000e+00
2.473940804800000137e+01,-2.644716051640000121e+00,-1.637072831070000012e-01,-9.457417460129999398e+00,1.268941909070000042e-03,3.498686011880000005e-03,7.099558599290000174e-03,1.000000000000000000e+00
2.474455885000000066e+01,-2.653790169450000125e+00,-1.287505177490000097e-01,-9.415131393069998467e+00,-4.485870711510000532e-03,-2.063602022829999841e-02,-1.091111102140000094e-03,1.000000000000000000e+00
2.474954951899999855e+01,-2.646729145030000119e+00,-1.710220265669999962e-01,-9.476551199670000258e+00,-3.464033070490000056e-04,-7.274770177899999701e-05,2.542972331869999911e-03,1.000000000000000000e+00
2.475446622100000127e+01,-2.659903976159999850e+00,-1.469181339339999948e-01,-9.446460597310000651e+00,5.394220817830000687e-03,4.972662776710000225e-03,5.205274559560000083e-03,1.000000000000000000e+00
2.475944593899999902e+01,-2.661739959409999745e+00,-1.762578631270000085e-01,-9.399783017289999876e+00,-6.003450253049999160e-04,-2.913215430450000112e-03,9.848105721180000494e-03,1.000000000000000000e+00
2.476454480700000005e+01,-2.617728968249999788e+00,-1.384232773110000148e-01,-9.422947619780000394e+00,-4.535964690149999617e-03,1.199089456349999860e-03,-4.010425414889999714e-03,1.000000000000000000e+00
2.476952325999999971e+01,-2.630013864809999546e+00,-1.837285278009999911e-01,-9.424560900189998591e+00,-6.629079580310000101e-03,1.023535151030000034e-03,1.440468011420000015e-03,1.000000000000000000e+00
2.477457204499999932e+01,-2.637548644229999795e+00,-1.088588816499999889e-01,-9.445628822659999813e+00,2.263470087199999890e-03,-4.983273334800000093e-03,-5.761723965410000051e-03,1.000000000000000000e+00
2.477950676100000038e+01,-2.588117673840000244e+00,-1.552469132750000091e-01,-9.418564874650000363e+00,-1.572384871539999826e-02,1.139293797310000043e-02,-4.958164878190000034e-03,1.000000000000000000e+00
2.478444736599999842e+01,-2.683745747259999703e+00,-1.444718276280000102e-01,-9.447078436950000935e+00,-1.443148124959999987e-02,-1.291084801779999883e-03,-4.924267996099999760e-04,1.000000000000000000e+00
2.478949114299999934e+01,-2.627078103620000160e+00,-1.574626896290000078e-01,-9.419537519069999476e+00,5.151334684340000067e-03,7.750970311460000407e-03,-4.244829528030000243e-03,1.000000000000000000e+00
2.479459869500000124e+01,-2.632533446409999645e+00,-1.424635565450000085e-01,-9.471085920000000158e+00,-1.971654593940000075e-02,-8.803693577650000338e-03,-2.725048689170000028e-03,1.000000000000000000e+00
2.479955896699999940e+01,-2.658970494700000131e+00,-1.111297857239999937e-01,-9.429191482600000285e+00,-9.928353130819999803e-03,9.676591493190001003e-03,5.880258977409999477e-03,1.000000000000000000e+00
2.480435111199999909e+01,-2.647858441319999923e+00,-1.374437738879999982e-01,-9.441267120319999151e+00,-2.176350355150000193e-02,1.320418901739999970e-02,1.468738261609999970e-02,1.000000000000000000e+00
2.480929064400000073e+01,-2.597566177929999665e+00,-1.695839565879999900e-01,-9.446810141400000305e+00,9.314224007539999729e-04,-3.256818512449999835e-03,-5.471189972009999833e-03,1.000000000000000000e+00
2.481442300999999873e+01,-2.667160523159999741e+00,-1.598412918610000177e-01,-9.423976378300000789e+00,1.221115002409999982e-03,-7.102109957490000160e-03,5.696117877960000381e-03,1.000000000000000000e+00
2.481935934999999915e+01,-2.639362415649999960e+00,-1.598286698409999984e-01,-9.424994615439999279e+00,-1.100781932470000155e-02,-7.656960282470000496e-03,-3.612108994280000614e-04,1.000000000000000000e+00
2.482450351499999996e+01,-2.623192202090000258e+00,-1.456360125689999951e-01,-9.422363097889999040e+00,-1.561394892629999927e-02,-6.918497383590000924e-03,9.871227666739999470e-05,1.000000000000000000e+00
2.482942763699999844e+01,-2.647633400390000169e+00,-1.028882736750000026e-01,-9.431005838549999964e+00,-6.188106257469999823e-03,-2.972862217579999751e-03,1.275050081310000021e-02,1.000000000000000000e+00
2.483442246799999964e+01,-2.618669756230000090e+00,-1.360148461969999945e-01,-9.420510163499999479e+00,-1.429602876310000041e-02,1.458674296739999841e-02,-1.824901672080000026e-03,1.000000000000000000e+00
2.483955993900000081e+01,-2.648321090390000077e+00,-1.423810202280000048e-01,-9.461543600149999733e+00,1.185353472829999907e-02,-5.965177901090000685e-03,7.758222520350000449e-03,1.000000000000000000e+00
2.484451163800000018e+01,-2.610747438799999820e+00,-1.647980374850000207e-01,-9.441057276960000522e+00,1.279040984810000080e-02,5.904063582419999574e-03,-2.580949105320000034e-03,1.000000000000000000e+00
2.484952629400000035e+01,-2.633904734770000200e+00,-1.410747416679999922e-01,-9.453977548810000187e+00,-1.090826280420000016e-02,-1.215478591620000083e-02,-7.646762765939999450e-03,1.000000000000000000e+00
2.485454245700000087e+01,-2.674524329920000110e+00,-1.255139104480000045e-01,-9.441079488799999808e+00,1.041999319570000070e-03,-1.061424729409999896e-03,9.973943233489998908e-03,1.000000000000000000e+00
2.485957894299999893e+01,-2.604040634640000018e+00,-1.730556147539999978e-01,-9.437135719610001416e+00,-7.483007386329999094e-03,8.439235389230000453e-03,-8.728189393879998842e-03,1.000000000000000000e+00
2.486456981799999966e+01,-2.673521582619999837e+00,-1.504964582120000005e-01,-9.438711590619998759e+00,2.572097582739999670e-03,-8.048197254540000178e-03,1.183968968690000088e-02,1.000000000000000000e+00
2.486951491599999997e+01,-2.630812906230000081e+00,-1.185258873249999956e-01,-9.461202239369999489e+00,-1.356672728430000086e-03,3.931888844820000117e-03,3.542107762770000442e-03,1.000000000000000000e+00
2.487454485199999965e+01,-2.644250479950000177e+00,-1.455763548029999910e-01,-9.430823467719999798e+00,2.600758103649999931e-03,-7.199238054449999362e-03,-4.184576217090000237e-03,1.000000000000000000e+00
2.487952916500000100e+01,-2.688507847089999903e+00,-1.156485509239999904e-01,-9.413969363550000580e+00,1.802872400730000033e-03,1.151529606429999887e-02,4.214799031619999997e-03,1.000000000000000000e+00
2.488445893000000098e+01,-2.629324421240000209e+00,-1.204620156200000153e-01,-9.415474507419999028e+00,-8.451702306049999535e-04,1.107652019710000067e-02,-1.150250248610000178e-02,1.000000000000000000e+00
2.488946903000000077e+01,-2.699493936010000095e+00,-1.253430565270000074e-01,-9.434208433980000308e+00,-3.460613079370000126e-03,-4.921234212819999712e-04,2.998504554849999639e-03,1.000000000000000000e+00
2.489459102100000010e+01,-2.634562614150000037e+00,-1.336086983700000008e-01,-9.415862045429999938e+00,2.523493720219999875e-03,-4.409918561580000035e-03,-1.617503119630000086e-03,1.000000000000000000e+00
2.489956859200000139e+01,-2.579659642100000205e+00,-1.361731146309999863e-01,-9.419485496629999233e+00,-9.513634257020000748e-03,7.426348514849999589e-03,-1.229035574939999972e-02,1.000000000000000000e+00
2.490448327400000039e+01,-2.699134747310000026e+00,-1.310787232349999998e-01,-9.405815283189998155e+00,-9.463544934989999435e-03,1.290794461970000070e-03,6.900889799000000172e-03,1.000000000000000000e+00
2.490954155700000072e+01,-2.618044025550000153e+00,-1.334378992479999804e-01,-9.395618883350000061e+00,-1.619516499339999915e-02,1.488185022030000162e-03,-5.497323349119999543e-03,1.000000000000000000e+00
2.491453763100000174e+01,-2.619732124770000059e+00,-1.505538052890000034e-01,-9.432461882580000179e+00,2.880046376959999712e-04,8.091961964960000739e-03,3.514656098560000122e-03,1.000000000000000000e+00
2.491952449200000075e+01,-2.640641934070000030e+00,-1.148306952019999966e-01,-9.443546755689999017e+00,1.339730573819999894e-03,6.055680103600000891e-03,3.944425843660000035e-03,1.000000000000000000e+00
2.492445920000000115e+01,-2.638896843970000017e+00,-1.445808044269999981e-01,-9.442335041819999830e+00,-1.139722019429999927e-02,6.196912378069999519e-03,6.901402026410000112e-03,1.000000000000000000e+00
2.492954175099999858e+01,-2.645487620529999973e+00,-1.634011945659999965e-01,-9.429459193630000513e+00,-9.382429532709998798e-03,-6.065554916860000159e-03,-9.490844095130000031e-04,1.000000000000000000e+00
2.493445335199999846e+01,-2.631030640630000139e+00,-1.385803675689999959e-01,-9.434171024580001230e+00,-1.529229152950000066e-02,4.148305859420000144e-03,4.975735209879999892e-04,1.000000000000000000e+00
2.493956525100000121e+01,-2.649352187009999859e+00,-1.134671426309999953e-01,-9.424401910239998514e+00,-1.621901430189999840e-02,1.899781450630000021e-02,4.186892881990000349e-03,1.000000000000000000e+00
2.494457023200000023e+01,-2.631286076699999921e+00,-1.764332744929999752e-01,-9.411146122829999072e+00,-4.494371532929999978e-04,-2.721305703740000120e-03,4.265336319799999630e-03,1.000000000000000000e+00
2.494949256700000007e+01,-2.625244166190000339e+00,-1.265714292779999972e-01,-9.418895714039999589e+00,-1.262302976100000002e-02,1.101192366329999811e-02,5.323220975699999996e-03,1.000000000000000000e+00
2.495448888800000020e+01,-2.635438520210000135e+00,-1.657717961549999841e-01,-9.426036817960000036e+00,1.254098257049999924e-03,-2.711625071240000070e-03,-4.615682177249999692e-03,1.000000000000000000e+00
2.495947036900000171e+01,-2.657968331919999816e+00,-1.088680787370000097e-01,-9.441241985880001408e+00,-8.905907161530000546e-03,5.801411345600000248e-03,5.310244858259999950e-03,1.000000000000000000e+00
2.496458834999999965e+01,-2.596518422439999974e+00,-1.218989896209999868e-01,-9.430720007350000600e+00,-1.244997512550000129e-02,9.266646578909999710e-03,-1.069668307899999948e-02,1.000000000000000000e+00
2.496946431799999999e+01,-2.683392111509999900e+00,-1.802923610740000127e-01,-9.455677922989998763e+00,-4.074732773009999941e-03,-1.476890989579999775e-03,2.432742388919999828e-03,1.000000000000000000e+00
2.497458325999999929e+01,-2.584967100860000144e+00,-1.877046100919999849e-01,-9.463296581299999843e+00,-1.335351448510000046e-02,-4.351609386499999312e-04,-4.800557158890000550e-03,1.000000000000000000e+00
2.497954769500000083e+01,-2.629767488829999778e+00,-1.659449424980000143e-01,-9.439611169810000035e+00,-1.033438835289999906e-02,1.310237497089999925e-02,-9.720157831909999324e-03,1.000000000000000000e+00
2.498447020200000068e+01,-2.662171628829999914e+00,-1.064069127879999910e-01,-9.431717786210001009e+00,-1.540254801510000139e-02,-4.839922301470000847e-03,2.382382517679999725e-03,1.000000000000000000e+00
2.498949822200000170e+01,-2.649026316050000052e+00,-1.015659116310000110e-01,-9.434460947439999856e+00,-6.708544213319999130e-03,3.927933517839999819e-03,-7.432522252200000033e-03,1.000000000000000000e+00
2.499459516299999962e+01,-2.681537131299999821e+00,-9.200554466810001442e-02,-9.425270509769999805e+00,-5.214867182080000149e-03,-1.387654221620000013e-03,4.300634376699999546e-03,1.000000000000000000e+00
2.499953468800000067e+01,-2.661052269409999838e+00,-1.122376921670000111e-01,-9.420762676949999914e+00,1.748306909579999896e-03,2.762461267409999782e-02,1.275566685939999965e-02,1.000000000000000000e+00
2.500447704999999843e+01,-2.570324242999999953e+00,-1.302964594169999935e-01,-9.430092230839999701e+00,1.165318861599999936e-02,-4.774691537020000695e-03,-5.694301798939999798e-03,1.000000000000000000e+00
2.500958233200000080e+01,-2.658009832979999931e+00,-1.219092918189999958e-01,-9.436369995930000698e+00,-2.694256370889999610e-03,-7.305725943299999636e-03,4.152401350439999944e-03,1.000000000000000000e+00
2.501453228700000153e+01,-2.639444248720000274e+00,-1.337897814250000039e-01,-9.450669154919999926e+00,3.228573128579999719e-03,9.730407968160000032e-03,-1.510456018149999857e-02,1.000000000000000000e+00
2.501941632200000143e+01,-2.712473829090000343e+00,-1.303421891210000128e-01,-9.461641215309999353e+00,7.070360705260000066e-03,7.072200998660000022e-03,6.545619107780000119e-03,1.000000000000000000e+00
2.502445724200000043e+01,-2.636680044699999836e+00,-1.194228726969999987e-01,-9.428883439570000746e+00,1.960108056659999945e-03,-1.243930310010000118e-04,-5.526801105590000525e-04,1.000000000000000000e+00
2.502956348400000053e+01,-2.624486333559999718e+00,-1.470190552920000171e-01,-9.447228074550000798e+00,-4.935585893689999754e-03,9.497089311480000004e-03,-2.529661869630000278e-03,1.000000000000000000e+00
2.503440601899999862e+01,-2.641278770670000053e+00,-1.703651518270000165e-01,-9.408038804460000293e+00,-5.129412747920000099e-03,2.418144606049999965e-02,-1.071978174150000143e-02,1.000000000000000000e+00
2.503952892799999930e+01,-2.676612242110000039e+00,-1.420474043590000124e-01,-9.428919095399999506e+00,1.988561823960000290e-03,4.251581616700000031e-03,6.016391329470000167e-03,1.000000000000000000e+00
2.504458645100000069e+01,-2.627360719949999979e+00,-9.216609639149998812e-02,-9.426491576000000094e+00,-3.967887721959999399e-03,1.159156952050000022e-02,1.147710904479999974e-02,1.000000000000000000e+00
2.504952382999999827e+01,-2.638255038930000129e+00,-1.196154909259999899e-01,-9.443719774169998971e+00,1.908495090900000054e-03,5.256985314190000015e-03,1.431191060689999961e-02,1.000000000000000000e+00
2.505458484600000091e+01,-2.622155844779999967e+00,-1.633507612859999847e-01,-9.420160619410001601e+00,4.332280717790000166e-03,2.756659872829999528e-03,-1.150526688430000095e-03,1.000000000000000000e+00
2.505944582600000103e+01,-2.610074069579999989e+00,-1.481040557829999826e-01,-9.434168101970000109e+00,1.692695170640000010e-02,-2.388482913370000224e-03,-9.246323257679999602e-03,1.000000000000000000e+00
2.506454424200000020e+01,-2.619880008809999605e+00,-1.170935712329999878e-01,-9.423704575630001301e+00,1.839474774900000300e-03,1.292240805920000235e-02,-1.146097108720000105e-02,1.000000000000000000e+00
2.506949682600000173e+01,-2.652471195809999571e+00,-1.089001817750000073e-01,-9.441486316029999770e+00,7.654032204299999510e-03,1.578894071280000089e-02,-6.606103852390000214e-05,1.000000000000000000e+00
2.507453061800000071e+01,-2.653534148869999942e+00,-1.612782293290000168e-01,-9.452594570020000475e+00,3.298347117379999902e-03,2.071614004670000245e-02,4.104550927880000477e-03,1.000000000000000000e+00
2.507955509199999966e+01,-2.627446060150000040e+00,-1.028905204309999988e-01,-9.442166114990000025e+00,-2.818650798869999901e-03,7.478048093619999934e-03,-6.974030286070000140e-03,1.000000000000000000e+00
2.508448723300000083e+01,-2.664938170929999739e+00,-1.325282735889999897e-01,-9.433414068730000324e+00,7.601166609670000594e-03,1.816923357550000173e-02,-2.216088119890000010e-03,1.000000000000000000e+00
2.508954690899999918e+01,-2.637700327659999733e+00,-1.277962583649999984e-01,-9.426956270899999879e+00,-1.678606681529999992e-02,5.031614564359999063e-03,2.900005783889999991e-04,1.000000000000000000e+00
2.509451611700000129e+01,-2.627069043529999703e+00,-1.231536841229999985e-01,-9.427865786960001770e+00,-3.068099962550000122e-03,-8.321624249220000227e-03,1.266526058320000155e-02,1.000000000000000000e+00
2.509958386399999952e+01,-2.617517663590000154e+00,-1.576999689829999829e-01,-9.446971469439999325e+00,1.347665674979999905e-03,1.181063894179999914e-02,3.998355008659999245e-03,1.000000000000000000e+00
2.510454733399999938e+01,-2.623639653600000177e+00,-1.865542162139999793e-01,-9.483658985850000889e+00,-1.031708624210000112e-02,8.837712928649999952e-03,-3.058001399039999690e-03,1.000000000000000000e+00
2.510944429899999975e+01,-2.659097920470000265e+00,-1.241606600749999983e-01,-9.423126483480000815e+00,-4.589759744699999262e-03,-3.307249862699999932e-03,5.513342097399999593e-03,1.000000000000000000e+00
2.511443337500000084e+01,-2.577650055840000398e+00,-1.314330530980000189e-01,-9.422996135089999115e+00,-2.547151641919999897e-03,6.932892836630000048e-03,-7.980165071790000161e-03,1.000000000000000000e+00
2.511944323100000176e+01,-2.670275148049999991e+00,-1.350915116730000143e-01,-9.444829196719998876e+00,-4.131710156800000311e-03,-2.951156115159999944e-03,1.166055444629999875e-02,1.000000000000000000e+00
2.512455600799999900e+01,-2.601572490959999762e+00,-1.123351703260000028e-01,-9.422618533950000597e+00,-3.662788774820000415e-03,-9.216680191459998561e-03,1.371004851529999827e-03,1.000000000000000000e+00
2.512945441500000143e+01,-2.646438345390000002e+00,-1.215768541269999919e-01,-9.395954398909999838e+00,-5.723694339390000135e-03,-6.544973701240000032e-03,7.818174548449999609e-03,1.000000000000000000e+00
2.513444689299999979e+01,-2.571806590510000046e+00,-1.256733479269999953e-01,-9.436720709059999379e+00,7.063060533259999871e-03,-5.122139118609999806e-03,1.133415615190000100e-03,1.000000000000000000e+00
2.513941904100000002e+01,-2.619976747179999954e+00,-1.683533553469999944e-01,-9.446505020980000111e+00,-6.268234457819999925e-03,-9.183376096190000015e-04,-1.307826861739999798e-02,1.000000000000000000e+00
2.514454579899999942e+01,-2.625416015619999932e+00,-1.103302693769999954e-01,-9.458909744519999663e+00,1.309580169619999979e-03,3.262599930170000193e-03,-2.705441089349999891e-03,1.000000000000000000e+00
2.514954610299999871e+01,-2.641787304709999784e+00,-8.046664417430000882e-02,-9.455914654360000782e+00,-4.680261015890000049e-03,7.335253991189999781e-03,1.623714575539999833e-03,1.000000000000000000e+00
2.515454658599999860e+01,-2.616438343920000076e+00,-1.040901968109999992e-01,-9.434435813000000337e+00,1.379106193779999941e-02,2.782247960570000123e-03,-4.085208754989999233e-03,1.000000000000000000e+00
2.515948964200000049e+01,-2.624009655959999687e+00,-1.256549354869999913e-01,-9.449952531080000995e+00,-3.177558537569999831e-03,-2.876638434830000070e-03,-3.083637682719999641e-03,1.000000000000000000e+00
2.516455858599999829e+01,-2.630324245929999805e+00,-1.233301458019999963e-01,-9.467094804540000297e+00,5.216159857810000709e-03,-7.946526631709999178e-03,-1.228815317149999954e-02,1.000000000000000000e+00
2.516944652100000113e+01,-2.632522340500000002e+00,-1.241881782699999909e-01,-9.423335742309999929e+00,4.158793948589999991e-03,6.070518866179999695e-03,-1.360603421929999952e-02,1.000000000000000000e+00
2.517446171099999930e+01,-2.643191910809999712e+00,-1.037749659820000059e-01,-9.393036465639998056e+00,-5.453509278600000322e-03,5.654700100419999924e-03,4.865643568339999962e-04,1.000000000000000000e+00
2.517941988200000125e+01,-2.602113758229999796e+00,-1.720738189079999980e-01,-9.448753092160000477e+00,1.498603448270000027e-02,3.773942124099999990e-03,-3.954904153940000042e-03,1.000000000000000000e+00
2.518435077099999830e+01,-2.631080909520000066e+00,-1.376054215900000266e-01,-9.456983160369999197e+00,-9.043950587509999237e-03,9.299136698250000735e-03,-6.597582250829999893e-05,1.000000000000000000e+00
2.518935790600000146e+01,-2.648910872979999720e+00,-1.443537998720000048e-01,-9.425008643960000043e+00,-6.726627238089999752e-03,1.471045054500000164e-02,-2.957210410389999808e-03,1.000000000000000000e+00
2.519437287999999953e+01,-2.601514915550000140e+00,-1.507555475400000067e-01,-9.460740467080000826e+00,1.171847619120000225e-02,7.155594415960000315e-03,-9.374956600370000503e-03,1.000000000000000000e+00
2.519936732000000035e+01,-2.623039934139999918e+00,-1.446496136140000000e-01,-9.442858773430000241e+00,-7.402933668349999906e-03,1.985813491050000042e-03,-5.354027263820000486e-03,1.000000000000000000e+00
2.520448015199999858e+01,-2.615152688020000227e+00,-1.172792847969999913e-01,-9.445175233680000559e+00,2.312767785039999881e-03,4.662860650569999356e-03,-1.001201663169999992e-02,1.000000000000000000e+00
2.520953595699999994e+01,-2.659553263020000280e+00,-1.590497578910000098e-01,-9.470469249410001567e+00,1.559961866589999920e-02,6.773743778469999872e-03,-3.391744801769999706e-03,1.000000000000000000e+00
2.521441564699999915e+01,-2.625786017979999887e+00,-1.601049660320000012e-01,-9.450497305479999000e+00,-1.090957224370000221e-02,4.282790701840000040e-03,-8.479161188010000613e-03,1.000000000000000000e+00
2.521942260799999858e+01,-2.641645265890000260e+00,-1.148914580790000028e-01,-9.449580775160001167e+00,-5.956662818789999932e-03,-1.267211139200000170e-02,-6.326594389980000170e-03,1.000000000000000000e+00
2.522446426500000172e+01,-2.598036425790000159e+00,-1.077945951529999946e-01,-9.438789332029999812e+00,3.709770739080000147e-03,-5.083724856380000302e-03,-7.424143143000000097e-03,1.000000000000000000e+00
2.522954509699999903e+01,-2.637633692160000098e+00,-1.483161550310000132e-01,-9.454725152310000880e+00,8.180781267579999641e-03,8.322047069669999755e-03,3.382072551179999935e-03,1.000000000000000000e+00
2.523437835200000023e+01,-2.619521404629999939e+00,-1.290520671120000129e-01,-9.434139460399999066e+00,-4.508035723120000157e-03,-1.435789978130000205e-03,-2.790742320939999972e-03,1.000000000000000000e+00
2.523951909699999874e+01,-2.671948634220000063e+00,-1.122147405499999973e-01,-9.425045468839998719e+00,6.531890947369999555e-03,1.325794123110000076e-02,2.669384470210000183e-03,1.000000000000000000e+00
2.524451247200000026e+01,-2.608263513029999814e+00,-9.676626539709999586e-02,-9.419688910239999657e+00,1.837303629150000093e-03,-2.032304927709999848e-02,-1.566547714169999952e-02,1.000000000000000000e+00
2.524949534699999987e+01,-2.694320332759999825e+00,-1.481269526019999838e-01,-9.447713812239999953e+00,1.762726530429999799e-02,5.288126878439999325e-03,5.753135308619999715e-03,1.000000000000000000e+00
2.525452787500000085e+01,-2.630069394389999982e+00,-1.252789052490000110e-01,-9.415891856050000897e+00,1.929668942469999881e-03,-1.091805752369999797e-03,-1.695256330999999998e-03,1.000000000000000000e+00
2.525944051400000134e+01,-2.620141874609999810e+00,-1.504391476670000061e-01,-9.427132211989999178e+00,-2.262401627380000203e-03,-4.928312264379999461e-03,-2.227464923639999733e-03,1.000000000000000000e+00
2.526451889300000175e+01,-2.633464297520000219e+00,-1.434407949460000109e-01,-9.446061953380000986e+00,4.528009798380000506e-03,8.887840434909999657e-03,4.045963287350000099e-04,1.000000000000000000e+00
2.526951294499999889e+01,-2.657634569920000356e+00,-8.481577016129999980e-02,-9.417115260360001017e+00,-4.885984817519999730e-04,3.245071507989999871e-03,2.461668802429999806e-03,1.000000000000000000e+00
2.527453988099999904e+01,-2.622056768320000231e+00,-1.076432313829999987e-01,-9.433180844500000717e+00,3.449595067649999930e-03,9.522488340739999543e-03,-1.019727089440000114e-03,1.000000000000000000e+00
2.527953591300000014e+01,-2.644890531420000190e+00,-1.335640007120000028e-01,-9.407721409069999652e+00,1.322527416049999781e-03,4.063991829749999916e-03,3.302587429059999826e-03,1.000000000000000000e+00
2.528455507199999985e+01,-2.611601717540000145e+00,-1.590027769440000016e-01,-9.460083464470001147e+00,-1.830573601179999877e-04,1.891924533989999910e-03,-8.411112241450000720e-03,1.000000000000000000e+00
2.528942294100000154e+01,-2.665818753159999943e+00,-1.590704170860000044e-01,-9.468397703830000012e+00,1.706141047180000092e-02,6.690250709649999371e-03,6.897487677629999744e-03,1.000000000000000000e+00
2.529460753100000048e+01,-2.576777656920000048e+00,-1.553844403160000165e-01,-9.441897819439999395e+00,1.426492817700000283e-04,-7.428587414319999917e-04,-7.264947518710000197e-03,1.000000000000000000e+00
2.529951990700000053e+01,-2.647437001029999681e+00,-1.315029125970000046e-01,-9.442470650889999817e+00,2.424219856039999763e-03,-1.313022151589999902e-02,7.638789247720000324e-04,1.000000000000000000e+00
2.530442848499999897e+01,-2.619906604550000129e+00,-1.493541380430000176e-01,-9.444649748499999831e+00,7.763517554850001175e-03,2.774287015199999960e-03,-6.614075973630000049e-03,1.000000000000000000e+00
2.530951948599999923e+01,-2.626888134000000097e+00,-1.207062453050000012e-01,-9.427360175519998720e+00,7.992876693609998751e-03,-7.255305536089999520e-05,-3.462312743070000438e-03,1.000000000000000000e+00
2.531451528699999898e+01,-2.668459915320000153e+00,-1.454835071539999913e-01,-9.420088138689999724e+00,6.159556098279999649e-03,-1.475489605219999951e-02,1.170621952039999948e-03,1.000000000000000000e+00
2.531945479699999879e+01,-2.586127669070000135e+00,-1.613298499180000067e-01,-9.449643318999999764e+00,-1.131841260939999913e-02,-2.865639980879999740e-03,-1.804416626689999900e-02,1.000000000000000000e+00
2.532441888900000038e+01,-2.667678994070000087e+00,-1.456967480459999964e-01,-9.437311076169999424e+00,3.030656371270000048e-03,-9.921381250019999445e-03,-4.685032181439999742e-03,1.000000000000000000e+00
2.532939270700000023e+01,-2.641643512319999942e+00,-1.169892523420000136e-01,-9.415110934799999498e+00,-6.221854593600001371e-03,-3.651657607409999570e-04,-6.251968443390000659e-05,1.000000000000000000e+00
2.533436664599999943e+01,-2.607945240859999902e+00,-1.217843502649999937e-01,-9.416476962460000877e+00,7.532770279790000460e-03,-1.412478089329999818e-02,-9.002027101809998919e-03,1.000000000000000000e+00
2.533947830700000026e+01,-2.630533797030000009e+00,-1.459455625749999930e-01,-9.449232400110000540e+00,3.778837621209999841e-03,4.805308766659999696e-03,6.141527555880000808e-03,1.000000000000000000e+00
2.534451665699999978e+01,-2.634062847940000118e+00,-1.194699084429999975e-01,-9.425898286280000704e+00,-2.159888099410000033e-04,-1.494762394579999924e-02,8.084682747719999785e-03,1.000000000000000000e+00
2.534937756100000072e+01,-2.578892457120000259e+00,-1.159971542989999965e-01,-9.425535298180001575e+00,4.862499423330000556e-03,1.105467043819999967e-02,-4.041095264259999924e-03,1.000000000000000000e+00
2.535445155800000094e+01,-2.650382406840000371e+00,-1.518038144830000102e-01,-9.456315636370000277e+00,7.491084281359999819e-03,8.165844716130001013e-03,-1.869336701929999944e-04,1.000000000000000000e+00
2.535954785899999919e+01,-2.608558988850000038e+00,-1.565645717449999919e-01,-9.446275888400000653e+00,-2.289127930999999838e-02,-1.362679526209999940e-03,-4.872240591789999721e-03,1.000000000000000000e+00
2.536456106800000043e+01,-2.656773569179999850e+00,-1.278913984360000033e-01,-9.439937917549999113e+00,-6.998057011509999786e-03,-8.881224319340000686e-03,4.899973981079999534e-03,1.000000000000000000e+00
2.536943585499999898e+01,-2.587920397700000041e+00,-1.494516162010000038e-01,-9.442048041569998773e+00,-8.201490156350001171e-03,1.863787882030000032e-03,-1.702768262479999878e-03,1.000000000000000000e+00
2.537452057300000163e+01,-2.597052090930000112e+00,-1.613734150649999977e-01,-9.452203524879999819e+00,9.856659919020000979e-03,9.144184179599999449e-03,-1.230107154700000108e-02,1.000000000000000000e+00
2.537954084800000132e+01,-2.658309400440000303e+00,-1.291059618569999901e-01,-9.437892675449999658e+00,5.368617363270000893e-03,2.122534438969999812e-03,4.347552545369999348e-03,1.000000000000000000e+00
2.538448444000000137e+01,-2.625566530009999955e+00,-1.160406737799999921e-01,-9.441467026810000718e+00,1.113920193170000149e-02,6.888761185109999567e-03,2.575003774840000075e-03,1.000000000000000000e+00
2.538941280899999953e+01,-2.614279996840000120e+00,-1.424165938649999963e-01,-9.456242571139998887e+00,1.169905904679999914e-02,1.797585003079999952e-02,6.403468549250000350e-03,1.000000000000000000e+00
2.539447979399999866e+01,-2.601070678920000212e+00,-1.195547828480000019e-01,-9.424314816480000800e+00,1.122661586850000164e-02,1.354788988829999999e-02,5.559123121200000572e-03,1.000000000000000000e+00
2.539937754700000028e+01,-2.635914905549999965e+00,-1.315785807819999931e-01,-9.449732166329999572e+00,1.775277312839999800e-03,-6.211060099299999231e-04,9.532842785120001702e-03,1.000000000000000000e+00
2.540454052899999837e+01,-2.599463243720000261e+00,-1.363932053889999885e-01,-9.447903197340000503e+00,-2.946578664710000194e-03,7.049209438259999329e-03,5.255074240270001147e-03,1.000000000000000000e+00
2.540951096799999931e+01,-2.626556417829999823e+00,-1.565829111189999956e-01,-9.450873737580000267e+00,-8.988226181829999555e-05,-2.378698904070000123e-03,6.689778529110000128e-03,1.000000000000000000e+00
2.541453557199999835e+01,-2.607663793569999999e+00,-1.158801677219999937e-01,-9.426873853310000939e+00,-6.279787514360000121e-03,2.355552837249999878e-02,-9.067335166040000477e-03,1.000000000000000000e+00
2.541943674099999839e+01,-2.657609435479999949e+00,-1.375526684889999962e-01,-9.458810375800000614e+00,-3.442639252170000101e-03,-1.113629247990000071e-02,-1.415409496990000003e-03,1.000000000000000000e+00
2.542445552399999897e+01,-2.683409939429999724e+00,-1.253350558830000072e-01,-9.426347199089999407e+00,-6.602868437770001257e-03,8.091770112509999446e-03,1.343823876229999735e-02,1.000000000000000000e+00
2.542952700700000079e+01,-2.583534145440000263e+00,-1.159570232179999855e-01,-9.421886712550000098e+00,1.333033433179999861e-04,2.468338422479999725e-02,2.467020647599999991e-03,1.000000000000000000e+00
2.543454900000000052e+01,-2.668776433920000191e+00,-1.647647562700000068e-01,-9.448604039079999239e+00,2.321744104849999928e-03,-1.278354320680000124e-03,7.672791369260000167e-03,1.000000000000000000e+00
2.543945805899999968e+01,-2.626366155960000004e+00,-1.922967601880000155e-01,-9.457547223989999807e+00,-9.521700441839999612e-03,-2.966104308139999417e-03,5.046657286579999714e-03,1.000000000000000000e+00
2.544445978899999972e+01,-2.616239021959999800e+00,-1.434167108180000039e-01,-9.449221878719999523e+00,8.024314418440000804e-03,1.118436176329999990e-02,-8.427667431530000766e-03,1.000000000000000000e+00
2.544935509700000154e+01,-2.637418003579999670e+00,-9.327971105610000091e-02,-9.428135251549999651e+00,6.664926768280000869e-04,1.132157072420000160e-02,-1.066177897159999860e-02,1.000000000000000000e+00
2.545446589699999862e+01,-2.652937644280000118e+00,-1.150416436719999963e-01,-9.462980939480001297e+00,4.394340794530000004e-03,-1.391332503410000129e-02,2.108080079779999904e-03,1.000000000000000000e+00
2.545948407499999888e+01,-2.637457458809999711e+00,-1.289385785339999813e-01,-9.421018697539999209e+00,1.791064441199999996e-02,5.884039215739999412e-03,5.101241171359999389e-03,1.000000000000000000e+00
2.546456289800000050e+01,-2.599508251909999679e+00,-1.522268530679999898e-01,-9.491848722050001186e+00,1.134704984720000080e-02,3.683138173070000035e-03,-5.662189796569998962e-04,1.000000000000000000e+00
2.546928672199999966e+01,-2.584700851140000033e+00,-1.246066776769999968e-01,-9.454377361789999767e+00,4.682656377550000262e-03,7.344244979319999866e-03,-4.962436854839999759e-03,1.000000000000000000e+00
2.547450495000000004e+01,-2.663526842830000074e+00,-1.349137987529999971e-01,-9.431219773560000519e+00,-1.098065637049999840e-03,-1.172963995489999939e-02,2.717226976530000195e-03,1.000000000000000000e+00
2.547953348400000095e+01,-2.598910286009999737e+00,-1.268121426989999856e-01,-9.449698848580000643e+00,1.325270626690000161e-03,3.255638293920000252e-04,-1.335712056610000031e-02,1.000000000000000000e+00
2.548448653100000172e+01,-2.680430923620000350e+00,-1.350100896009999996e-01,-9.440867307350000459e+00,1.162516046319999989e-02,-7.728070486340000468e-03,4.756378941239999478e-03,1.000000000000000000e+00
2.548936116100000149e+01,-2.573251820879999929e+00,-1.292917210869999889e-01,-9.445991226240000316e+00,2.872829791159999847e-03,9.005542378869999453e-04,-5.504505708810000092e-03,1.000000000000000000e+00
2.549441783800000039e+01,-2.640703308870000043e+00,-1.232510983489999989e-01,-9.443092582180000250e+00,6.678120698779999205e-03,5.121887661519999250e-04,8.919102139770001061e-03,1.000000000000000000e+00
2.549949435999999992e+01,-2.601475168069999899e+00,-1.553305181719999983e-01,-9.442601583800000142e+00,4.610239062460000196e-03,-1.106490101669999927e-02,-1.192566240210000050e-03,1.000000000000000000e+00
2.550429262200000124e+01,-2.617084240610000112e+00,-1.302024427240000004e-01,-9.422691014670000698e+00,-9.948629885910000806e-04,9.667538106440000736e-03,-6.005866453049999728e-05,1.000000000000000000e+00
2.550928266300000047e+01,-2.589474641409999833e+00,-1.326395519439999837e-01,-9.426460596330000996e+00,-1.599998027090000080e-02,2.338262274860000017e-03,-9.370393119749999278e-03,1.000000000000000000e+00
2.551444240800000074e+01,-2.619170399229999724e+00,-1.280840166649999945e-01,-9.454775421189999918e+00,3.651006147270000057e-03,-4.717316012829999260e-03,-9.642627090219998975e-03,1.000000000000000000e+00
2.551934206500000002e+01,-2.652634277420000242e+00,-1.060973810480000112e-01,-9.400391504579999946e+00,1.011692825700000013e-02,1.361867878590000127e-03,-7.846321910619999396e-03,1.000000000000000000e+00
2.552444017699999890e+01,-2.643275497440000343e+00,-1.338574672330000159e-01,-9.441154892120000142e+00,2.474321052429999824e-03,3.149627242240000090e-03,-3.787302877749999623e-03,1.000000000000000000e+00
2.552939891000000117e+01,-2.664094705850000189e+00,-9.679260541470000034e-02,-9.427689261350000294e+00,-9.646546095609999664e-05,6.774138659239999256e-03,2.301689237359999594e-04,1.000000000000000000e+00
2.553432123099999984e+01,-2.597294959770000133e+00,-9.711711552819998761e-02,-9.442414536789998536e+00,-4.492766165640000231e-04,6.123118102550000053e-03,-1.772427465770000073e-03,1.000000000000000000e+00
2.553940431799999899e+01,-2.600606276279999740e+00,-1.088154169679999977e-01,-9.416326155810001097e+00,-3.777334233750000072e-03,2.415343653410000069e-03,2.124036895109999729e-03,1.000000000000000000e+00
2.554450064299999923e+01,-2.600711197959999943e+00,-1.384794918779999884e-01,-9.420032609110000621e+00,-7.649906910960000946e-04,1.947174221280000006e-02,-8.813917636870000419e-03,1.000000000000000000e+00
2.554945681999999962e+01,-2.613090202540000018e+00,-1.301692071749999957e-01,-9.416866838560000730e+00,-9.538795799020000424e-03,9.187245741489999309e-04,-7.269686087970000238e-03,1.000000000000000000e+00
2.555432300700000070e+01,-2.601011057690000072e+00,-1.363083949159999975e-01,-9.431657580459999579e+00,8.149219676850000607e-03,-7.439638487990000125e-03,-2.805019728839999813e-03,1.000000000000000000e+00
2.555950147900000147e+01,-2.648024445529999937e+00,-1.327747956959999809e-01,-9.447546638980000466e+00,1.493064593520000184e-02,2.965454477819999893e-03,1.099697314199999873e-02,1.000000000000000000e+00
2.556449022199999987e+01,-2.596366154490000078e+00,-1.371583445429999937e-01,-9.406780913349999551e+00,-4.559063352640000885e-03,-6.266623735430000564e-03,-4.569441080090000211e-03,1.000000000000000000e+00
2.556931201700000145e+01,-2.604737969250000340e+00,-9.461582763119999462e-02,-9.429242920529999239e+00,5.006454885010000640e-03,5.293099209669999139e-03,-3.957787062969999811e-03,1.000000000000000000e+00
2.557448722499999860e+01,-2.625840963040000364e+00,-1.267697374620000150e-01,-9.443804529850000407e+00,6.447920575740000160e-03,-9.360184893009999840e-03,-5.073178093880000364e-03,1.000000000000000000e+00
2.557953244600000176e+01,-2.601799869979999791e+00,-1.159501185529999978e-01,-9.428520451469999841e+00,-3.360651433470000001e-03,-9.878022829069999910e-04,-1.589446887369999964e-02,1.000000000000000000e+00
2.558432198999999940e+01,-2.652065537619999969e+00,-1.112765281179999982e-01,-9.439222462749999210e+00,1.472173165529999835e-02,-5.348860286179999389e-03,-2.285176655280000274e-03,1.000000000000000000e+00
